1,32,1363642700414,32,1363642700518,104,80,56,-48
1,73,1363642700502,73,1363642700598,96,88,80,-16
1,83,1363642700598,83,1363642700734,136,96,136,0
1,32,1363642700686,32,1363642700887,201,88,153,-48
1,87,1363642701366,87,1363642701494,128,680,607,479
1,72,1363642701446,72,1363642701598,152,80,104,-48
1,73,1363642701526,73,1363642701646,120,80,48,-72
1,80,1363642701782,80,1363642701870,88,256,224,136
1,8,1363642702078,8,1363642702126,48,296,256,208
1,83,1363642702166,83,1363642702294,128,88,168,40
1,80,1363642702902,80,1363642703030,128,736,736,608
1,69,1363642703030,69,1363642703142,112,128,112,0
1,82,1363642703116,82,1363642703270,154,86,128,-26
1,69,1363642703230,69,1363642703326,96,114,56,-40
1,68,1363642703470,68,1363642703646,176,240,320,144
1,32,1363642703646,32,1363642703806,160,176,160,0
1,84,1363642704023,84,1363642704119,96,377,313,217
1,72,1363642704119,72,1363642704207,88,96,88,0
1,65,1363642704175,65,1363642704311,136,56,104,-32
1,84,1363642704247,84,1363642704343,96,72,32,-64
1,32,1363642704312,32,1363642704415,103,65,72,-31
1,73,1363642704399,73,1363642704466,67,87,51,-16
1,78,1363642704527,78,1363642704647,120,128,181,61
1,32,1363642704599,32,1363642704719,120,72,72,-48
1,84,1363642704687,84,1363642704863,176,88,144,-32
1,72,1363642704751,72,1363642704863,112,64,0,-112
1,69,1363642704815,69,1363642704928,113,64,65,-48
1,32,1363642704863,32,1363642705023,160,48,95,-65
1,79,1363642705279,79,1363642705351,72,416,328,256
1,76,1363642705463,76,1363642705607,144,184,256,112
1,68,1363642705567,68,1363642705663,96,104,56,-40
1,32,1363642706007,32,1363642706175,168,440,512,344
1,68,1363642706215,68,1363642706319,104,208,144,40
1,65,1363642706375,65,1363642706471,96,160,152,56
1,89,1363642706439,89,1363642706527,88,64,56,-32
1,83,1363642706583,83,1363642706695,112,144,168,56
1,188,1363642707079,188,1363642707199,120,496,504,384
1,32,1363642707175,32,1363642707303,128,96,104,-24
1,87,1363642707623,87,1363642707727,104,448,424,320
1,72,1363642707663,72,1363642707727,64,40,0,-64
1,69,1363642707831,69,1363642707919,88,168,192,104
1,78,1363642707847,78,1363642707935,88,16,16,-72
1,32,1363642708007,32,1363642708135,128,160,200,72
1,84,1363642708103,84,1363642708239,136,96,104,-32
1,72,1363642708135,72,1363642708239,104,32,0,-104
1,69,1363642708199,69,1363642708295,96,64,56,-40
1,32,1363642708263,32,1363642708351,88,64,56,-32
1,189,1363642708663,189,1363642708767,104,400,416,312
1,83,1363642708847,83,1363642708965,118,184,198,80
1,84,1363642709031,84,1363642709159,128,184,194,66
1,79,1363642709159,79,1363642709239,80,128,80,0
1,8,1363642709463,8,1363642709495,32,304,256,224
1,8,1363642709599,8,1363642709655,56,136,160,104
1,8,1363642709727,8,1363642709783,56,128,128,72
1,16,1363642709911,16,1363642710111,200,184,328,128
1,83,1363642710023,83,1363642710143,120,112,32,-88
1,84,1363642710215,84,1363642710303,88,192,160,72
1,79,1363642710279,79,1363642710399,120,64,96,-24
1,82,1363642710399,82,1363642710511,112,120,112,0
1,189,1363642710711,189,1363642710815,104,312,304,200
1,16,1363642711256,16,1363642711415,159,545,600,441
1,73,1363642711335,73,1363642711415,80,79,0,-80
1,84,1363642711535,84,1363642711631,96,200,216,120
1,32,1363642711631,32,1363642711782,151,96,151,0
1,87,1363642711743,87,1363642711807,64,112,25,-39
1,65,1363642711935,65,1363642712103,168,192,296,128
1,83,1363642712031,83,1363642712142,111,96,39,-72
1,32,1363642712103,32,1363642712254,151,72,112,-39
1,65,1363642712230,65,1363642712351,121,127,97,-24
1,67,1363642712399,67,1363642712542,143,169,191,48
1,84,1363642712670,84,1363642712766,96,271,224,128
1,85,1363642712734,85,1363642712798,64,64,32,-32
1,65,1363642712822,65,1363642712927,105,88,129,24
1,76,1363642713038,76,1363642713126,88,216,199,111
1,76,1363642713198,76,1363642713286,88,160,160,72
1,89,1363642713382,89,1363642713454,72,184,168,96
1,32,1363642713478,32,1363642713590,112,96,136,24
1,85,1363642714334,85,1363642714438,104,856,848,744
1,83,1363642714422,83,1363642714494,72,88,56,-16
1,69,1363642714574,69,1363642714614,40,152,120,80
1,32,1363642714886,32,1363642715006,120,312,392,272
1,8,1363642715175,8,1363642715230,55,289,224,169
1,68,1363642715246,68,1363642715374,128,71,144,16
1,32,1363642715326,32,1363642715479,153,80,105,-48
1,70,1363642715462,70,1363642715558,96,136,79,-17
1,79,1363642715558,79,1363642715630,72,96,72,0
1,82,1363642715654,82,1363642715814,160,96,184,24
1,32,1363642715862,32,1363642716022,160,208,208,48
1,73,1363642716646,73,1363642716766,120,784,744,624
1,84,1363642716782,84,1363642716846,64,136,80,16
1,83,1363642716934,83,1363642717054,120,152,208,88
1,32,1363642717014,32,1363642717190,176,80,136,-40
1,73,1363642717278,73,1363642717382,104,264,192,88
1,78,1363642717471,78,1363642717606,135,193,224,89
1,84,1363642717542,84,1363642717646,104,71,40,-64
1,69,1363642717606,69,1363642717686,80,64,40,-40
1,78,1363642717718,78,1363642717846,128,112,160,32
1,68,1363642717846,68,1363642717966,120,128,120,0
1,69,1363642718038,69,1363642718110,72,192,144,72
1,68,1363642718238,68,1363642718366,128,200,256,128
1,32,1363642718327,32,1363642718510,183,89,144,-39
1,80,1363642718454,80,1363642718526,72,127,16,-56
1,85,1363642718662,85,1363642718758,96,208,232,136
1,82,1363642718790,82,1363642718894,104,128,136,32
1,80,1363642718918,80,1363642718974,56,128,80,24
1,79,1363642719094,79,1363642719166,72,176,192,120
1,83,1363642719182,83,1363642719302,120,88,136,16
1,69,1363642719350,69,1363642719454,104,168,152,48
1,32,1363642719494,32,1363642719614,120,144,160,40
1,78,1363642721407,78,1363642721487,80,1913,1873,1793
1,65,1363642721527,65,1363642721639,112,120,152,40
1,77,1363642721607,77,1363642721695,88,80,56,-32
1,69,1363642721767,69,1363642721855,88,160,160,72
1,76,1363642721831,76,1363642721927,96,64,72,-24
1,89,1363642722039,89,1363642722103,64,208,176,112
1,188,1363642722639,188,1363642722727,88,600,624,536
1,32,1363642722727,32,1363642722847,120,88,120,0
1,80,1363642723079,80,1363642723151,72,352,304,232
1,82,1363642723183,82,1363642723279,96,104,128,32
1,79,1363642723279,79,1363642723351,72,96,72,0
1,86,1363642723399,86,1363642723495,96,120,144,48
1,73,1363642723463,73,1363642723543,80,64,48,-32
1,68,1363642723575,68,1363642723711,136,112,168,32
1,73,1363642723655,73,1363642723751,96,80,40,-56
1,78,1363642723783,78,1363642723815,32,128,64,32
1,71,1363642723863,71,1363642723927,64,80,112,48
1,32,1363642724439,32,1363642724583,144,576,656,512
1,67,1363642724735,67,1363642724855,120,296,272,152
1,72,1363642724783,72,1363642724879,96,48,24,-72
1,69,1363642724879,69,1363642725007,128,96,128,0
1,32,1363642725199,32,1363642725367,168,320,360,192
1,69,1363642725335,69,1363642725407,72,136,40,-32
1,88,1363642725535,88,1363642725655,120,200,248,128
1,84,1363642725751,84,1363642725823,72,216,168,96
1,82,1363642725935,82,1363642726055,120,184,232,112
1,65,1363642726007,65,1363642726159,152,72,104,-48
1,32,1363642726175,32,1363642726359,184,168,200,16
1,83,1363642726359,83,1363642726455,96,184,96,0
1,84,1363642726503,84,1363642726599,96,144,144,48
1,79,1363642726615,79,1363642726727,112,112,128,16
1,82,1363642726727,82,1363642726839,112,112,112,0
1,65,1363642726839,65,1363642726967,128,112,128,0
1,71,1363642726967,71,1363642727071,104,128,104,0
1,69,1363642727103,69,1363642727183,80,136,112,32
1,32,1363642727303,32,1363642727455,152,200,272,120
1,70,1363642728279,70,1363642728407,128,976,952,824
1,79,1363642728343,79,1363642728407,64,64,0,-64
1,8,1363642728759,8,1363642728798,39,416,391,352
1,8,1363642728895,8,1363642728963,68,136,165,97
1,83,1363642729014,83,1363642729111,97,119,148,51
1,80,1363642729111,80,1363642729215,104,97,104,0
1,65,1363642729191,65,1363642729318,127,80,103,-24
1,67,1363642729319,67,1363642729438,119,128,120,1
1,69,1363642729407,69,1363642729526,119,88,88,-31
1,32,1363642729502,32,1363642729662,160,95,136,-24
1,70,1363642729726,70,1363642729838,112,224,176,64
1,79,1363642729862,79,1363642729887,25,136,49,24
1,8,1363642730102,8,1363642730142,40,240,255,215
1,8,1363642730238,8,1363642730294,56,136,152,96
1,84,1363642730383,84,1363642730462,79,145,168,89
1,79,1363642730463,79,1363642730510,47,80,48,1
1,32,1363642730574,32,1363642730686,112,111,176,64
1,16,1363642731750,16,1363642731919,169,1176,1233,1064
1,67,1363642731870,67,1363642731998,128,120,79,-49
1,73,1363642732238,73,1363642732326,88,368,328,240
1,70,1363642732327,70,1363642732414,87,89,88,1
1,79,1363642732466,79,1363642732574,108,139,160,52
1,82,1363642732574,82,1363642732687,113,108,113,0
1,78,1363642732687,78,1363642732766,79,113,79,0
1,73,1363642732887,73,1363642732966,79,200,200,121
1,65,1363642733038,65,1363642733167,129,151,201,72
1,78,1363642733111,78,1363642733198,87,73,31,-56
1,83,1363642733246,83,1363642733358,112,135,160,48
1,32,1363642733806,32,1363642733958,152,560,600,448
1,87,1363642734054,87,1363642734198,144,248,240,96
1,73,1363642734110,73,1363642734198,88,56,0,-88
1,84,1363642734254,84,1363642734367,113,144,169,56
1,72,1363642734294,72,1363642734367,73,40,0,-73
1,32,1363642734367,32,1363642734502,135,73,135,0
1,84,1363642734510,84,1363642734670,160,143,168,8
1,79,1363642734638,79,1363642734718,80,128,48,-32
1,79,1363642734823,79,1363642734902,79,185,184,105
1,32,1363642734902,32,1363642735039,137,79,137,0
1,77,1363642735040,77,1363642735102,62,138,63,1
1,65,1363642735102,65,1363642735230,128,62,128,0
1,78,1363642735233,78,1363642735294,61,131,64,3
1,89,1363642735462,89,1363642735542,80,229,248,168
1,32,1363642735614,32,1363642735750,136,152,208,72
1,77,1363642736606,77,1363642736710,104,992,960,856
1,65,1363642736972,65,1363642737086,114,366,376,262
1,84,1363642737142,84,1363642737238,96,170,152,56
1,69,1363642737270,69,1363642737414,144,128,176,32
1,82,1363642737374,82,1363642737510,136,104,96,-40
1,73,1363642737438,73,1363642737510,72,64,0,-72
1,65,1363642737590,65,1363642737726,136,152,216,80
1,76,1363642737670,76,1363642737750,80,80,24,-56
1,32,1363642737870,32,1363642738022,152,200,272,120
1,79,1363642739063,79,1363642739175,112,1193,1153,1041
1,68,1363642739151,68,1363642739263,112,88,88,-24
1,83,1363642739199,83,1363642739327,128,48,64,-64
1,188,1363642739703,188,1363642739831,128,504,504,376
1,32,1363642739791,32,1363642739967,176,88,136,-40
1,84,1363642739967,84,1363642740063,96,176,96,0
1,72,1363642740063,72,1363642740151,88,96,88,0
1,8,1363642740295,8,1363642740367,72,232,216,144
1,67,1363642740383,67,1363642740487,104,88,120,16
1,69,1363642740487,69,1363642740615,128,104,128,0
1,82,1363642740615,82,1363642740735,120,128,120,0
1,8,1363642740967,8,1363642741015,48,352,280,232
1,8,1363642741119,8,1363642741167,48,152,152,104
1,8,1363642741247,8,1363642741311,64,128,144,80
1,8,1363642741383,8,1363642741519,136,136,208,72
1,67,1363642741479,67,1363642741559,80,96,40,-40
1,69,1363642741583,69,1363642741759,176,104,200,24
1,82,1363642741775,82,1363642741889,114,192,130,16
1,84,1363642741975,84,1363642742079,104,200,190,86
1,65,1363642742055,65,1363642742215,160,80,136,-24
1,73,1363642742127,73,1363642742215,88,72,0,-88
1,78,1363642742215,78,1363642742319,104,88,104,0
1,32,1363642742367,32,1363642742503,136,152,184,48
1,69,1363642744687,69,1363642744815,128,2320,2312,2184
1,78,1363642744791,78,1363642744903,112,104,88,-24
1,84,1363642744961,84,1363642745047,86,170,144,58
1,82,1363642745167,82,1363642745303,136,206,256,120
1,69,1363642745263,69,1363642745351,88,96,48,-40
1,80,1363642745503,80,1363642745599,96,240,248,152
1,69,1363642745703,69,1363642745814,111,200,215,104
1,8,1363642745998,8,1363642746055,57,295,241,184
1,82,1363642746055,82,1363642746158,103,57,103,0
1,69,1363642746111,69,1363642746222,111,56,64,-47
1,78,1363642746286,78,1363642746383,97,175,161,64
1,69,1363642746503,69,1363642746606,103,217,223,120
1,85,1363642746815,85,1363642746950,135,312,344,209
1,82,1363642747046,82,1363642747110,64,231,160,96
1,83,1363642747175,83,1363642747310,135,129,200,65
1,32,1363642747327,32,1363642747462,135,152,152,17
1,67,1363642748710,67,1363642748806,96,1383,1344,1248
1,65,1363642748782,65,1363642748942,160,72,136,-24
1,77,1363642748871,77,1363642748982,111,89,40,-71
1,69,1363642748982,69,1363642749086,104,111,104,0
1,32,1363642749054,32,1363642749214,160,72,128,-32
1,84,1363642749214,84,1363642749342,128,160,128,0
1,79,1363642749262,79,1363642749366,104,48,24,-80
1,32,1363642749310,32,1363642749470,160,48,104,-56
1,84,1363642749470,84,1363642749622,152,160,152,0
1,72,1363642749535,72,1363642749654,119,65,32,-87
1,69,1363642749559,69,1363642749678,119,24,24,-95
1,32,1363642749654,32,1363642749767,113,95,89,-24
1,70,1363642749790,70,1363642749942,152,136,175,23
1,82,1363642750038,82,1363642750166,128,248,224,96
1,79,1363642750070,79,1363642750167,97,32,1,-96
1,78,1363642750167,78,1363642750246,79,97,79,0
1,84,1363642750247,84,1363642750326,79,80,80,1
1,32,1363642750302,32,1363642750446,144,55,120,-24
1,79,1363642750390,79,1363642750494,104,88,48,-56
1,70,1363642750494,70,1363642750550,56,104,56,0
1,70,1363642750630,70,1363642750702,72,136,152,80
1,73,1363642750767,73,1363642750902,135,137,200,65
1,67,1363642750846,67,1363642750963,117,79,61,-56
1,69,1363642750935,69,1363642751086,151,89,123,-28
1,188,1363642751167,188,1363642751278,111,232,192,81
1,32,1363642751246,32,1363642751382,136,79,104,-32
1,82,1363642753422,82,1363642753550,128,2176,2168,2040
1,69,1363642753526,69,1363642753638,112,104,88,-24
1,78,1363642753638,78,1363642753758,120,112,120,0
1,84,1363642753734,84,1363642753838,104,96,80,-24
1,69,1363642753790,69,1363642753870,80,56,32,-48
1,68,1363642753966,68,1363642754102,136,176,232,96
1,32,1363642754070,32,1363642754214,144,104,112,-32
1,79,1363642754214,79,1363642754318,104,144,104,0
1,85,1363642754294,85,1363642754414,120,80,96,-24
1,84,1363642754390,84,1363642754502,112,96,88,-24
1,32,1363642754454,32,1363642754614,160,64,112,-48
1,49,1363642756375,49,1363642756479,104,1921,1865,1761
1,48,1363642756871,48,1363642756975,104,496,496,392
1,189,1363642757103,189,1363642757207,104,232,232,128
1,66,1363642757487,66,1363642757591,104,384,384,280
1,89,1363642757727,89,1363642757815,88,240,224,136
1,189,1363642757935,189,1363642758063,128,208,248,120
1,49,1363642758631,49,1363642758751,120,696,688,568
1,48,1363642758671,48,1363642758783,112,40,32,-80
1,83,1363642759239,83,1363642759359,120,568,576,456
1,32,1363642759423,32,1363642759615,192,184,256,64
1,87,1363642759671,87,1363642759767,96,248,152,56
1,8,1363642760271,8,1363642760343,72,600,576,504
1,85,1363642760535,85,1363642760639,104,264,296,192
1,83,1363642760679,83,1363642760807,128,144,168,40
1,73,1363642760743,73,1363642760839,96,64,32,-64
1,78,1363642760879,78,1363642761007,128,136,168,40
1,71,1363642761007,71,1363642761127,120,128,120,0
1,32,1363642761095,32,1363642761223,128,88,96,-32
1,70,1363642762719,70,1363642762791,72,1624,1568,1496
1,65,1363642762839,65,1363642762943,104,120,152,48
1,67,1363642762974,67,1363642763062,88,135,119,31
1,8,1363642763335,8,1363642763367,32,361,305,273
1,75,1363642763551,75,1363642763639,88,216,272,184
1,69,1363642763599,69,1363642763719,120,48,80,-40
1,32,1363642763687,32,1363642763847,160,88,128,-32
1,73,1363642763870,73,1363642763926,56,183,79,23
1,8,1363642764143,8,1363642764206,63,273,280,217
1,17,1363642764183,17,1363642764294,111,40,88,-23
1,73,1363642764327,73,1363642764415,88,144,121,33
1,68,1363642764415,68,1363642764527,112,88,112,0
1,83,1363642764566,83,1363642764630,64,151,103,39
1,17,1363642764910,17,1363642764998,88,344,368,280
1,8,1363642765070,8,1363642765126,56,160,128,72
1,8,1363642765231,8,1363642765278,47,161,152,105
1,8,1363642765359,8,1363642765438,79,128,160,81
1,73,1363642765566,73,1363642765670,104,207,232,128
1,68,1363642765606,68,1363642765718,112,40,48,-64
1,17,1363642765998,17,1363642766063,65,392,345,280
1,8,1363642766063,8,1363642766118,55,65,55,0
1,8,1363642766222,8,1363642766318,96,159,200,104
1,73,1363642766446,73,1363642766542,96,224,224,128
1,68,1363642766543,68,1363642766646,103,97,104,1
1,17,1363642766894,17,1363642766974,80,351,328,248
1,8,1363642766926,8,1363642766974,48,32,0,-48
1,8,1363642767070,8,1363642767150,80,144,176,96
1,8,1363642767830,8,1363642767910,80,760,760,680
1,32,1363642767911,32,1363642768022,111,81,112,1
1,83,1363642769350,83,1363642769454,104,1439,1432,1328
1,188,1363642769654,188,1363642769774,120,304,320,200
1,32,1363642769806,32,1363642769918,112,152,144,32
1,70,1363642769982,70,1363642770110,128,176,192,64
1,73,1363642770046,73,1363642770110,64,64,0,-64
1,76,1363642770350,76,1363642770465,115,304,355,240
1,76,1363642770502,76,1363642770574,72,152,109,37
1,69,1363642770662,69,1363642770766,104,160,192,88
1,68,1363642770902,68,1363642771038,136,240,272,136
1,32,1363642771054,32,1363642771182,128,152,144,16
1,84,1363642771183,84,1363642771294,111,129,112,1
1,72,1363642771230,72,1363642771294,64,47,0,-64
1,69,1363642771326,69,1363642771430,104,96,136,32
1,77,1363642771470,77,1363642771542,72,144,112,40
1,32,1363642771630,32,1363642771766,136,160,224,88
1,85,1363642772318,85,1363642772479,161,688,713,552
1,80,1363642772470,80,1363642772582,112,152,103,-9
1,32,1363642772582,32,1363642772702,120,112,120,0
1,87,1363642772702,87,1363642772814,112,120,112,0
1,73,1363642772734,73,1363642772814,80,32,0,-80
1,84,1363642772862,84,1363642772966,104,128,152,48
1,72,1363642772918,72,1363642773022,104,56,56,-48
1,32,1363642772966,32,1363642773134,168,48,112,-56
1,83,1363642773086,83,1363642773190,104,120,56,-48
1,84,1363642773246,84,1363642773366,120,160,176,56
1,69,1363642773342,69,1363642773430,88,96,64,-24
1,76,1363642773582,76,1363642773654,72,240,224,152
1,32,1363642773814,32,1363642773983,169,232,329,160
1,8,1363642774207,8,1363642774247,40,393,264,224
1,8,1363642774327,8,1363642774399,72,120,152,80
1,69,1363642774439,69,1363642774551,112,112,152,40
1,76,1363642774551,76,1363642774671,120,112,120,0
1,32,1363642774647,32,1363642774791,144,96,120,-24
1,68,1363642774735,68,1363642774855,120,88,64,-56
1,82,1363642774935,82,1363642775071,136,200,216,80
1,85,1363642775007,85,1363642775071,64,72,0,-64
1,77,1363642775223,77,1363642775303,80,216,232,152
1,83,1363642775303,83,1363642775455,152,80,152,0
1,32,1363642775423,32,1363642775567,144,120,112,-32
1,70,1363642776951,70,1363642777087,136,1528,1520,1384
1,85,1363642777055,85,1363642777151,96,104,64,-32
1,76,1363642777415,76,1363642777471,56,360,320,264
1,76,1363642777575,76,1363642777647,72,160,176,104
1,32,1363642777695,32,1363642777823,128,120,176,48
1,79,1363642777807,79,1363642777943,136,112,120,-16
1,70,1363642777967,70,1363642778031,64,160,88,24
1,32,1363642777991,32,1363642778167,176,24,136,-40
1,84,1363642778471,84,1363642778583,112,480,416,304
1,79,1363642778551,79,1363642778631,80,80,48,-32
1,88,1363642778855,88,1363642778967,112,304,336,224
1,73,1363642778991,73,1363642779103,112,136,136,24
1,67,1363642779303,67,1363642779479,176,312,376,200
1,32,1363642780248,32,1363642780383,135,945,904,769
1,67,1363642780543,67,1363642780655,112,295,272,160
1,72,1363642780631,72,1363642780719,88,88,64,-24
1,69,1363642780743,69,1363642780855,112,112,136,24
1,77,1363642781175,77,1363642781302,127,432,447,320
1,73,1363642781367,73,1363642781470,103,192,168,65
1,67,1363642781502,67,1363642781590,88,135,120,32
1,32,1363642781790,32,1363642781918,128,288,328,200
1,87,1363642783070,87,1363642783151,81,1280,1233,1152
1,65,1363642783233,65,1363642783390,157,163,239,82
1,83,1363642783366,83,1363642783535,169,133,145,-24
1,84,1363642783614,84,1363642783727,113,248,192,79
1,69,1363642783686,69,1363642783782,96,72,55,-41
1,188,1363642784670,188,1363642784790,120,984,1008,888
1,32,1363642784838,32,1363642784998,160,168,208,48
1,65,1363642785222,65,1363642785422,200,384,424,224
1,78,1363642785294,78,1363642785422,128,72,0,-128
1,68,1363642785398,68,1363642785494,96,104,72,-24
1,32,1363642785478,32,1363642785630,152,80,136,-16
1,69,1363642785758,69,1363642785886,128,280,256,128
1,78,1363642785862,78,1363642785967,105,104,81,-24
1,32,1363642785927,32,1363642786102,175,65,135,-40
1,66,1363642786206,66,1363642786286,80,279,184,104
1,8,1363642786558,8,1363642786598,40,352,312,272
1,65,1363642786582,65,1363642786726,144,24,128,-16
1,66,1363642786758,66,1363642786846,88,176,120,32
1,68,1363642786935,68,1363642787054,119,177,208,89
1,79,1363642787006,79,1363642787110,104,71,56,-48
1,8,1363642787334,8,1363642787374,40,328,264,224
1,8,1363642787438,8,1363642787494,56,104,120,64
1,79,1363642787631,79,1363642787750,119,193,256,137
1,78,1363642787798,78,1363642787886,88,167,136,48
1,8,1363642788710,8,1363642788750,40,912,864,824
1,8,1363642788854,8,1363642788910,56,144,160,104
1,65,1363642789967,65,1363642790118,151,1113,1208,1057
1,78,1363642790086,78,1363642790206,120,119,88,-32
1,68,1363642790238,68,1363642790350,112,152,144,32
1,79,1363642790350,79,1363642790446,96,112,96,0
1,78,1363642790446,78,1363642790558,112,96,112,0
1,69,1363642790590,69,1363642790646,56,144,88,32
1,68,1363642790782,68,1363642790886,104,192,240,136
1,32,1363642790886,32,1363642790998,112,104,112,0
1,69,1363642791150,69,1363642791262,112,264,264,152
1,77,1363642791262,77,1363642791318,56,112,56,0
1,188,1363642791439,188,1363642791575,136,177,257,121
1,32,1363642791511,32,1363642791663,152,72,88,-64
1,76,1363642791735,76,1363642791889,154,224,226,72
1,69,1363642791823,69,1363642791919,96,88,30,-66
1,65,1363642791927,65,1363642792095,168,104,176,8
1,86,1363642792151,86,1363642792295,144,224,200,56
1,73,1363642792271,73,1363642792367,96,120,72,-24
1,78,1363642792399,78,1363642792471,72,128,104,32
1,71,1363642792447,71,1363642792559,112,48,88,-24
1,32,1363642792535,32,1363642792687,152,88,128,-24
1,84,1363642792687,84,1363642792839,152,152,152,0
1,72,1363642792735,72,1363642792839,104,48,0,-104
1,69,1363642792767,69,1363642792935,168,32,96,-72
1,32,1363642792863,32,1363642793039,176,96,104,-72
1,80,1363642793047,80,1363642793111,64,184,72,8
1,82,1363642793135,82,1363642793287,152,88,176,24
1,79,1363642793231,79,1363642793343,112,96,56,-56
1,66,1363642793407,66,1363642793487,80,176,144,64
1,76,1363642793575,76,1363642793711,136,168,224,88
1,69,1363642793711,69,1363642793863,152,136,152,0
1,77,1363642793815,77,1363642793927,112,104,64,-48
1,32,1363642793967,32,1363642794135,168,152,208,40
1,70,1363642795183,70,1363642795287,104,1216,1152,1048
1,79,1363642795303,79,1363642795439,136,120,152,16
1,82,1363642795439,82,1363642795543,104,136,104,0
1,32,1363642795519,32,1363642795663,144,80,120,-24
1,84,1363642795639,84,1363642795807,168,120,144,-24
1,72,1363642795711,72,1363642795823,112,72,16,-96
1,69,1363642795759,69,1363642795887,128,48,64,-64
1,32,1363642795847,32,1363642795975,128,88,88,-40
1,16,1363642796239,16,1363642796495,256,392,520,264
1,85,1363642796399,85,1363642796495,96,160,0,-96
1,189,1363642796591,189,1363642796679,88,192,184,96
1,16,1363642796871,16,1363642797071,200,280,392,192
1,83,1363642796927,83,1363642797079,152,56,8,-144
1,84,1363642797175,84,1363642797263,88,248,184,96
1,79,1363642797263,79,1363642797375,112,88,112,0
1,82,1363642797375,82,1363642797447,72,112,72,0
1,189,1363642797519,189,1363642797599,80,144,152,72
1,84,1363642798271,84,1363642798367,96,752,768,672
1,32,1363642798543,32,1363642798751,208,272,384,176
1,79,1363642799478,79,1363642799567,89,935,816,727
1,82,1363642799567,82,1363642799670,103,89,103,0
1,80,1363642799710,80,1363642799798,88,143,128,40
1,79,1363642799902,79,1363642800022,120,192,224,104
1,82,1363642800022,82,1363642800174,152,120,152,0
1,65,1363642800486,65,1363642800662,176,464,488,312
1,84,1363642800702,84,1363642800814,112,216,152,40
1,73,1363642800782,73,1363642800942,160,80,128,-32
1,79,1363642800862,79,1363642800943,81,80,1,-80
1,78,1363642800943,78,1363642801030,87,81,87,0
1,32,1363642801711,32,1363642801846,135,768,816,681
1,84,1363642801887,84,1363642802030,143,176,184,41
1,79,1363642801942,79,1363642802030,88,55,0,-88
1,32,1363642802022,32,1363642802198,176,80,168,-8
1,72,1363642802206,72,1363642802278,72,184,80,8
1,68,1363642802574,68,1363642802678,104,368,400,296
1,76,1363642802630,76,1363642802727,97,56,49,-48
1,69,1363642802879,69,1363642802974,95,249,247,152
1,188,1363642803094,188,1363642803190,96,215,216,120
1,32,1363642803190,32,1363642803302,112,96,112,0
1,67,1363642804710,67,1363642804878,168,1520,1576,1408
1,8,1363642805542,8,1363642805590,48,832,712,664
1,8,1363642805686,8,1363642805750,64,144,160,96
1,8,1363642805838,8,1363642805902,64,152,152,88
1,8,1363642805990,8,1363642806022,32,152,120,88
1,190,1363642806206,190,1363642806294,88,216,272,184
1,32,1363642806294,32,1363642806446,152,88,152,0
1,67,1363642806670,67,1363642806750,80,376,304,224
1,67,1363642807054,67,1363642807167,113,384,417,304
1,79,1363642807222,79,1363642807318,96,168,151,55
1,82,1363642807374,82,1363642807422,48,152,104,56
1,68,1363642807494,68,1363642807638,144,120,216,72
1,73,1363642807590,73,1363642807678,88,96,40,-48
1,78,1363642807710,78,1363642807830,120,120,152,32
1,71,1363642807830,71,1363642807918,88,120,88,0
1,32,1363642807918,32,1363642808054,136,88,136,0
1,84,1363642808534,84,1363642808654,120,616,600,480
1,79,1363642808598,79,1363642808686,88,64,32,-56
1,32,1363642808654,32,1363642808815,161,56,129,-32
1,84,1363642808815,84,1363642808935,120,161,120,0
1,72,1363642808839,72,1363642808951,112,24,16,-96
1,69,1363642809007,69,1363642809103,96,168,152,56
1,83,1363642809199,83,1363642809319,120,192,216,96
1,69,1363642809271,69,1363642809391,120,72,72,-48
1,32,1363642809367,32,1363642809527,160,96,136,-24
1,82,1363642809511,82,1363642809655,144,144,128,-16
1,85,1363642809591,85,1363642809655,64,80,0,-64
1,77,1363642809815,77,1363642809935,120,224,280,160
1,79,1363642809919,79,1363642810039,120,104,104,-16
1,82,1363642810039,82,1363642810111,72,120,72,0
1,83,1363642810175,83,1363642810303,128,136,192,64
1,32,1363642810279,32,1363642810423,144,104,120,-24
1,32,1364417992051,32,1364417992209,158,138,184,26
1,84,1364417992185,84,1364417992329,144,134,120,-24
1,72,1364417992305,72,1364417992417,112,120,88,-24
1,69,1364417992417,69,1364417992521,104,112,104,0
1,32,1364417992537,32,1364417992665,128,120,144,16
1,69,1364417993713,69,1364417993809,96,1176,1144,1048
1,78,1364417993810,78,1364417993929,119,97,120,1
1,68,1364417993929,68,1364417994033,104,119,104,0
1,32,1364417994033,32,1364417994193,160,104,160,0
1,79,1364417994193,79,1364417994321,128,160,128,0
1,70,1364417994305,70,1364417994417,112,112,96,-16
1,32,1364417994377,32,1364417994521,144,72,104,-40
1,84,1364417994529,84,1364417994657,128,152,136,8
1,72,1364417994609,72,1364417994721,112,80,64,-48
1,69,1364417994610,69,1364417994745,135,1,24,-111
1,32,1364417994721,32,1364417994833,112,111,88,-24
1,86,1364417994905,86,1364417995057,152,184,224,72
1,73,1364417995009,73,1364417995105,96,104,48,-48
1,68,1364417995145,68,1364417995225,80,136,120,40
1,69,1364417995337,69,1364417995425,88,192,200,112
1,79,1364417995401,79,1364417995497,96,64,72,-24
1,188,1364417996649,188,1364417996769,120,1248,1272,1152
1,32,1364417996753,32,1364417996873,120,104,104,-16
1,16,1364417997001,16,1364417997177,176,248,304,128
1,72,1364417997113,72,1364417997209,96,112,32,-64
1,65,1364417997313,65,1364417997457,144,200,248,104
1,76,1364417997401,76,1364417997458,57,88,1,-56
1,76,1364417997537,76,1364417997617,80,136,159,79
1,73,1364417997713,73,1364417997825,112,176,208,96
1,68,1364417997777,68,1364417997857,80,64,32,-48
1,65,1364417997873,65,1364417998017,144,96,160,16
1,89,1364417998065,89,1364417998185,120,192,168,48
1,32,1364417998225,32,1364417998353,128,160,168,40
1,73,1364417998377,73,1364417998449,72,152,96,24
1,78,1364417998521,78,1364417998617,96,144,168,72
1,85,1364417998873,85,1364417998977,104,352,360,256
1,68,1364417998977,68,1364417999041,64,104,64,0
1,69,1364417999161,69,1364417999225,64,184,184,120
1,68,1364417999329,68,1364417999401,72,168,176,104
1,32,1364417999537,32,1364417999673,136,208,272,136
1,65,1364418000385,65,1364418000489,104,848,816,712
1,32,1364418000489,32,1364418000633,144,104,144,0
1,76,1364418000601,76,1364418000689,88,112,56,-32
1,73,1364418000777,73,1364418000849,72,176,160,88
1,78,1364418000937,78,1364418001057,120,160,208,88
1,75,1364418001001,75,1364418001112,111,64,55,-56
1,32,1364418001081,32,1364418001184,103,80,72,-31
1,84,1364418001200,84,1364418001337,137,119,153,16
1,79,1364418001256,79,1364418001337,81,56,0,-81
1,32,1364418001304,32,1364418001457,153,48,120,-33
1,72,1364418001457,72,1364418001592,135,153,135,0
1,73,1364418001528,73,1364418001667,139,71,75,-64
1,83,1364418001617,83,1364418001720,103,89,53,-50
1,32,1364418001688,32,1364418001849,161,71,129,-32
1,80,1364418001849,80,1364418001968,119,161,119,0
1,69,1364418001976,69,1364418002073,97,127,105,8
1,82,1364418002017,82,1364418002113,96,41,40,-56
1,83,1364418002185,83,1364418002338,153,168,225,72
1,79,1364418002257,79,1364418002361,104,72,23,-81
1,78,1364418002338,78,1364418002465,127,81,104,-23
1,65,1364418002465,65,1364418002577,112,127,112,0
1,76,1364418002522,76,1364418002617,95,57,40,-55
1,32,1364418002650,32,1364418002777,127,128,160,33
1,87,1364418003001,87,1364418003041,40,351,264,224
1,69,1364418003042,69,1364418003185,143,41,144,1
1,66,1364418003138,66,1364418003273,135,96,88,-47
1,83,1364418003313,83,1364418003409,96,175,136,40
1,73,1364418003410,73,1364418003521,111,97,112,1
1,84,1364418003522,84,1364418003609,87,112,88,1
1,69,1364418003577,69,1364418003649,72,55,40,-32
1,190,1364418004369,190,1364418004457,88,792,808,720
1,32,1364418004577,32,1364418004674,97,208,217,120
1,8,1364418005193,8,1364418005218,25,616,544,519
1,8,1364418005329,8,1364418005401,72,136,183,111
1,188,1364418005882,188,1364418006018,136,553,617,481
1,32,1364418005993,32,1364418006081,88,111,63,-25
1,87,1364418006065,87,1364418006185,120,72,104,-16
1,72,1364418006201,72,1364418006337,136,136,152,16
1,73,1364418006289,73,1364418006401,112,88,64,-48
1,67,1364418006385,67,1364418006513,128,96,112,-16
1,72,1364418006489,72,1364418006593,104,104,80,-24
1,32,1364418006617,32,1364418006753,136,128,160,24
1,72,1364418006769,72,1364418006873,104,152,120,16
1,65,1364418006873,65,1364418007018,145,104,145,0
1,68,1364418006985,68,1364418007105,120,112,87,-33
1,32,1364418007169,32,1364418007273,104,184,168,64
1,67,1364418007713,67,1364418007881,168,544,608,440
1,72,1364418007817,72,1364418007881,64,104,0,-64
1,65,1364418007882,65,1364418008017,135,65,136,1
1,78,1364418008009,78,1364418008097,88,127,80,-8
1,71,1364418008057,71,1364418008194,137,48,97,-40
1,69,1364418008177,69,1364418008265,88,120,71,-17
1,68,1364418008417,68,1364418008529,112,240,264,152
1,32,1364418008553,32,1364418008689,136,136,160,24
1,68,1364418008817,68,1364418008889,72,264,200,128
1,82,1364418008977,82,1364418009113,136,160,224,88
1,65,1364418009089,65,1364418009257,168,112,144,-24
1,83,1364418009209,83,1364418009345,136,120,88,-48
1,84,1364418009481,84,1364418009561,80,272,216,136
1,73,1364418009585,73,1364418009697,112,104,136,24
1,67,1364418009673,67,1364418009809,136,88,112,-24
1,76,1364418009985,76,1364418010065,80,312,256,176
1,89,1364418010193,89,1364418010281,88,208,216,128
1,32,1364418010337,32,1364418010449,112,144,168,56
1,84,1364418010817,84,1364418010929,112,480,480,368
1,8,1364418011121,8,1364418011169,48,304,240,192
1,79,1364418011313,79,1364418011441,128,192,272,144
1,78,1364418011417,78,1364418011529,112,104,88,-24
1,32,1364418011505,32,1364418011601,96,88,72,-24
1,84,1364418011585,84,1364418011745,160,80,144,-16
1,72,1364418011649,72,1364418011745,96,64,0,-96
1,77,1364418011865,77,1364418011993,128,216,248,120
1,79,1364418011969,79,1364418012081,112,104,88,-24
1,82,1364418012081,82,1364418012217,136,112,136,0
1,78,1364418012185,78,1364418012289,104,104,72,-32
1,8,1364418012473,8,1364418012521,48,288,232,184
1,8,1364418012625,8,1364418012665,40,152,144,104
1,8,1364418012745,8,1364418012833,88,120,168,80
1,8,1364418012889,8,1364418012969,80,144,136,56
1,8,1364418013041,8,1364418013113,72,152,144,72
1,8,1364418013185,8,1364418013257,72,144,144,72
1,69,1364418013321,69,1364418013425,104,136,168,64
1,32,1364418013426,32,1364418013551,125,105,126,1
1,77,1364418013489,77,1364418013601,112,63,50,-62
1,79,1364418013601,79,1364418013705,104,112,104,0
1,78,1364418013689,78,1364418013809,120,88,104,-16
1,82,1364418013809,82,1364418013961,152,120,152,0
1,73,1364418013921,73,1364418014025,104,112,64,-40
1,8,1364418014257,8,1364418014305,48,336,280,232
1,8,1364418014401,8,1364418014433,32,144,128,96
1,8,1364418014521,8,1364418014601,80,120,168,88
1,82,1364418014657,82,1364418014793,136,136,192,56
1,78,1364418014713,78,1364418014825,112,56,32,-80
1,73,1364418014841,73,1364418014937,96,128,112,16
1,78,1364418014937,78,1364418015033,96,96,96,0
1,71,1364418015009,71,1364418015129,120,72,96,-24
1,32,1364418015153,32,1364418015281,128,144,152,24
1,79,1364418017969,79,1364418018105,136,2816,2824,2688
1,70,1364418018145,70,1364418018233,88,176,128,40
1,32,1364418018233,32,1364418018384,151,88,151,0
1,72,1364418018352,72,1364418018488,136,119,104,-32
1,73,1364418018417,73,1364418018536,119,65,48,-71
1,83,1364418018504,83,1364418018584,80,87,48,-32
1,32,1364418018552,32,1364418018697,145,48,113,-32
1,68,1364418018721,68,1364418018769,48,169,72,24
1,69,1364418018896,69,1364418019001,105,175,232,127
1,65,1364418018969,65,1364418019160,191,73,159,-32
1,84,1364418019136,84,1364418019256,120,167,96,-24
1,72,1364418019217,72,1364418019289,72,81,33,-39
1,188,1364418019408,188,1364418019528,120,191,239,119
1,32,1364418019496,32,1364418019633,137,88,105,-32
1,16,1364418019730,16,1364418019889,159,234,256,97
1,70,1364418019826,70,1364418019937,111,96,48,-63
1,79,1364418020025,79,1364418020121,96,199,184,88
1,82,1364418020097,82,1364418020209,112,72,88,-24
1,32,1364418020185,32,1364418020385,200,88,176,-24
1,79,1364418020353,79,1364418020465,112,168,80,-32
1,86,1364418020761,86,1364418020857,96,408,392,296
1,69,1364418020913,69,1364418021042,129,152,185,56
1,82,1364418020993,82,1364418021097,104,80,55,-49
1,32,1364418021042,32,1364418021129,87,49,32,-55
1,65,1364418021177,65,1364418021289,112,135,160,48
1,32,1364418021233,32,1364418021377,144,56,88,-56
1,68,1364418021361,68,1364418021434,73,128,57,-16
1,69,1364418021529,69,1364418021593,64,168,159,95
1,67,1364418021689,67,1364418021889,200,160,296,96
1,65,1364418021993,65,1364418022121,128,304,232,104
1,68,1364418022193,68,1364418022305,112,200,184,72
1,69,1364418022433,69,1364418022537,104,240,232,128
1,188,1364418022618,188,1364418022713,95,185,176,81
1,32,1364418023553,32,1364418023673,120,935,960,840
1,84,1364418023673,84,1364418023809,136,120,136,0
1,72,1364418023729,72,1364418023841,112,56,32,-80
1,69,1364418023785,69,1364418023881,96,56,40,-56
1,32,1364418023833,32,1364418023977,144,48,96,-48
1,79,1364418023913,79,1364418023993,80,80,16,-64
1,78,1364418024033,78,1364418024129,96,120,136,40
1,76,1364418024113,76,1364418024201,88,80,72,-16
1,89,1364418024289,89,1364418024393,104,176,192,88
1,32,1364418024361,32,1364418024473,112,72,80,-32
1,84,1364418024489,84,1364418024634,145,128,161,16
1,72,1364418024537,72,1364418024649,112,48,15,-97
1,73,1364418024634,73,1364418024731,97,97,82,-15
1,78,1364418024761,78,1364418024881,120,127,150,30
1,71,1364418024881,71,1364418024985,104,120,104,0
1,32,1364418027675,32,1364418027817,142,2794,2832,2690
1,80,1364418027817,80,1364418027881,64,142,64,0
1,79,1364418027985,79,1364418028113,128,168,232,104
1,83,1364418028081,83,1364418028161,80,96,48,-32
1,84,1364418028217,84,1364418028337,120,136,176,56
1,69,1364418028305,69,1364418028361,56,88,24,-32
1,68,1364418028473,68,1364418028569,96,168,208,112
1,32,1364418028569,32,1364418028705,136,96,136,0
1,84,1364418028657,84,1364418028761,104,88,56,-48
1,72,1364418028705,72,1364418028849,144,48,88,-56
1,69,1364418028801,69,1364418028889,88,96,40,-48
1,82,1364418028889,82,1364418029025,136,88,136,0
1,69,1364418028993,69,1364418029081,88,104,56,-32
1,32,1364418029065,32,1364418029241,176,72,160,-16
1,72,1364418029425,72,1364418029569,144,360,328,184
1,65,1364418029513,65,1364418029657,144,88,88,-56
1,68,1364418029633,68,1364418029761,128,120,104,-24
1,32,1364418029761,32,1364418029881,120,128,120,0
1,66,1364418029841,66,1364418029953,112,80,72,-40
1,69,1364418029937,69,1364418029993,56,96,40,-16
1,69,1364418030089,69,1364418030153,64,152,160,96
1,78,1364418030193,78,1364418030289,96,104,136,40
1,32,1364418030329,32,1364418030441,112,136,152,40
1,65,1364418032193,65,1364418032321,128,1864,1880,1752
1,32,1364418032337,32,1364418032513,176,144,192,16
1,83,1364418032481,83,1364418032585,104,144,72,-32
1,72,1364418032585,72,1364418032705,120,104,120,0
1,79,1364418032641,79,1364418032785,144,56,80,-64
1,82,1364418032761,82,1364418032881,120,120,96,-24
1,84,1364418032985,84,1364418033097,112,224,216,104
1,32,1364418033073,32,1364418033193,120,88,96,-24
1,76,1364418033281,76,1364418033369,88,208,176,88
1,79,1364418033481,79,1364418033537,56,200,168,112
1,79,1364418033857,79,1364418033929,72,376,392,320
1,80,1364418034050,80,1364418034129,79,193,200,121
1,73,1364418034233,73,1364418034361,128,183,232,104
1,78,1364418034361,78,1364418034481,120,128,120,0
1,71,1364418034481,71,1364418034601,120,120,120,0
1,32,1364418034569,32,1364418034745,176,88,144,-32
1,65,1364418034769,65,1364418034937,168,200,192,24
1,78,1364418034841,78,1364418034937,96,72,0,-96
1,73,1364418034993,73,1364418035104,111,152,167,56
1,77,1364418035081,77,1364418035233,152,88,129,-23
1,65,1364418035233,65,1364418035344,111,152,111,0
1,84,1364418035369,84,1364418035505,136,136,161,25
1,73,1364418035424,73,1364418035593,169,55,88,-81
1,79,1364418035505,79,1364418035593,88,81,0,-88
1,78,1364418035560,78,1364418035689,129,55,96,-33
1,32,1364418035689,32,1364418035760,71,129,71,0
1,84,1364418035728,84,1364418035849,121,39,89,-32
1,72,1364418035825,72,1364418035953,128,97,104,-24
1,65,1364418035897,65,1364418036049,152,72,96,-56
1,84,1364418035977,84,1364418036088,111,80,39,-72
1,32,1364418036049,32,1364418036224,175,72,136,-39
1,83,1364418036368,83,1364418036488,120,319,264,144
1,72,1364418036441,72,1364418036560,119,73,72,-47
1,79,1364418036504,79,1364418036649,145,63,89,-56
1,87,1364418036649,87,1364418036728,79,145,79,0
1,69,1364418036857,69,1364418036936,79,208,208,129
1,68,1364418037064,68,1364418037178,114,207,242,128
1,32,1364418037178,32,1364418037305,127,114,127,0
1,72,1364418037537,72,1364418037649,112,359,344,232
1,73,1364418037593,73,1364418037713,120,56,64,-56
1,83,1364418037681,83,1364418037794,113,88,81,-32
1,32,1364418037794,32,1364418037897,103,113,103,0
1,65,1364418037946,65,1364418038002,56,152,105,49
1,86,1364418038051,86,1364418038170,119,105,168,49
1,65,1364418038170,65,1364418038281,111,119,111,0
1,84,1364418038369,84,1364418038497,128,199,216,88
1,65,1364418038617,65,1364418038737,120,248,240,120
1,84,1364418038738,84,1364418038826,88,121,89,1
1,8,1364418039393,8,1364418039473,80,655,647,567
1,82,1364418039474,82,1364418039569,95,81,96,1
1,190,1364418040609,190,1364418040737,128,1135,1168,1040
1,32,1364418040738,32,1364418040849,111,129,112,1
1,78,1364418041297,78,1364418041353,56,559,504,448
1,79,1364418041529,79,1364418041649,120,232,296,176
1,82,1364418041673,82,1364418041801,128,144,152,24
1,65,1364418041801,65,1364418041905,104,128,104,0
1,75,1364418041865,75,1364418041969,104,64,64,-40
1,188,1364418042377,188,1364418042529,152,512,560,408
1,32,1364418042529,32,1364418042665,136,152,136,0
1,83,1364418042705,83,1364418042793,88,176,128,40
1,73,1364418042857,73,1364418042921,64,152,128,64
1,84,1364418043001,84,1364418043049,48,144,128,80
1,84,1364418043137,84,1364418043233,96,136,184,88
1,73,1364418043233,73,1364418043377,144,96,144,0
1,78,1364418043337,78,1364418043473,136,104,96,-40
1,71,1364418043433,71,1364418043505,72,96,32,-40
1,32,1364418043473,32,1364418043609,136,40,104,-32
1,73,1364418043561,73,1364418043657,96,88,48,-48
1,78,1364418043633,78,1364418043785,152,72,128,-24
1,32,1364418043753,32,1364418043849,96,120,64,-32
1,65,1364418043962,65,1364418044153,191,209,304,113
1,32,1364418044145,32,1364418044297,152,183,144,-8
1,77,1364418045665,77,1364418045769,104,1520,1472,1368
1,69,1364418045769,69,1364418045841,72,104,72,0
1,68,1364418045985,68,1364418046057,72,216,216,144
1,73,1364418046129,73,1364418046217,88,144,160,72
1,69,1364418046529,69,1364418046601,72,400,384,312
1,86,1364418046761,86,1364418046905,144,232,304,160
1,32,1364418047121,32,1364418047249,128,360,344,216
1,76,1364418048865,76,1364418048953,88,1744,1704,1616
1,73,1364418049025,73,1364418049105,80,160,152,72
1,66,1364418049177,66,1364418049289,112,152,184,72
1,82,1364418049241,82,1364418049369,128,64,80,-48
1,65,1364418049337,65,1364418049473,136,96,104,-32
1,82,1364418049433,82,1364418049537,104,96,64,-40
1,89,1364418049489,89,1364418049601,112,56,64,-48
1,190,1364418049977,190,1364418050105,128,488,504,376
1,32,1364418050105,32,1364418050209,104,128,104,0
1,72,1364418051441,72,1364418051513,72,1336,1304,1232
1,85,1364418051625,85,1364418051689,64,184,176,112
1,78,1364418052052,78,1364418052129,77,427,440,363
1,67,1364418052209,67,1364418052353,144,157,224,80
1,72,1364418052313,72,1364418052409,96,104,56,-40
1,69,1364418052441,69,1364418052505,64,128,96,32
1,68,1364418052617,68,1364418052705,88,176,200,112
1,32,1364418052705,32,1364418052832,127,88,127,0
1,79,1364418052769,79,1364418052905,136,64,73,-63
1,86,1364418052888,86,1364418052985,97,119,80,-17
1,69,1364418053057,69,1364418053152,95,169,167,72
1,82,1364418053120,82,1364418053233,113,63,81,-32
1,32,1364418053201,32,1364418053297,96,81,64,-32
1,65,1364418053297,65,1364418053433,136,96,136,0
1,32,1364418053385,32,1364418053496,111,88,63,-48
1,83,1364418053905,83,1364418054016,111,520,520,409
1,67,1364418054056,67,1364418054193,137,151,177,40
1,65,1364418054193,65,1364418054328,135,137,135,0
1,82,1364418054440,82,1364418054496,56,247,168,112
1,82,1364418054576,82,1364418054715,139,136,219,80
1,69,1364418054716,69,1364418054777,61,140,62,1
1,68,1364418054882,68,1364418054986,104,166,209,105
1,32,1364418054954,32,1364418055154,200,72,168,-32
1,87,1364418055154,87,1364418055233,79,200,79,0
1,79,1364418055202,79,1364418055306,104,48,73,-31
1,82,1364418055378,82,1364418055506,128,176,200,72
1,75,1364418055714,75,1364418055825,111,336,319,208
1,84,1364418055961,84,1364418056081,120,247,256,136
1,65,1364418056058,65,1364418056226,168,97,145,-23
1,66,1364418056146,66,1364418056306,160,88,80,-80
1,76,1364418056226,76,1364418056361,135,80,55,-80
1,69,1364418056306,69,1364418056393,87,80,32,-55
1,188,1364418056521,188,1364418056642,121,215,249,128
1,32,1364418056642,32,1364418056761,119,121,119,0
1,77,1364418056785,77,1364418056889,104,143,128,24
1,73,1364418056865,73,1364418056977,112,80,88,-24
1,83,1364418056977,83,1364418057074,97,112,97,0
1,73,1364418057194,73,1364418057297,103,217,223,120
1,78,1364418057195,78,1364418057385,190,1,88,-102
1,71,1364418057361,71,1364418057481,120,166,96,-24
1,32,1364418058138,32,1364418058249,111,777,768,657
1,80,1364418058409,80,1364418058497,88,271,248,160
1,79,1364418058609,79,1364418058721,112,200,224,112
1,84,1364418058833,84,1364418058953,120,224,232,112
1,73,1364418058905,73,1364418059113,208,72,160,-48
1,79,1364418059009,79,1364418059113,104,104,0,-104
1,78,1364418059081,78,1364418059201,120,72,88,-32
1,83,1364418059209,83,1364418059297,88,128,96,8
1,32,1364418060945,32,1364418061097,152,1736,1800,1648
1,65,1364418061065,65,1364418061249,184,120,152,-32
1,78,1364418061145,78,1364418061265,120,80,16,-104
1,68,1364418061249,68,1364418061361,112,104,96,-16
1,32,1364418061345,32,1364418061473,128,96,112,-16
1,80,1364418061441,80,1364418061513,72,96,40,-32
1,79,1364418061617,79,1364418061729,112,176,216,104
1,82,1364418061769,82,1364418061905,136,152,176,40
1,73,1364418061905,73,1364418062017,112,136,112,0
1,78,1364418061977,78,1364418062137,160,72,120,-40
1,71,1364418062113,71,1364418062249,136,136,112,-24
1,32,1364418062249,32,1364418062409,160,136,160,0
1,79,1364418062553,79,1364418062673,120,304,264,144
1,86,1364418062657,86,1364418062785,128,104,112,-16
1,69,1364418062873,69,1364418062977,104,216,192,88
1,82,1364418062937,82,1364418063057,120,64,80,-40
1,32,1364418063121,32,1364418063257,136,184,200,64
1,68,1364418064921,68,1364418065065,144,1800,1808,1664
1,85,1364418065065,85,1364418065145,80,144,80,0
1,83,1364418065193,83,1364418065273,80,128,128,48
1,84,1364418065377,84,1364418065481,104,184,208,104
1,89,1364418065441,89,1364418065537,96,64,56,-40
1,32,1364418065609,32,1364418065769,160,168,232,72
1,83,1364418065857,83,1364418065977,120,248,208,88
1,80,1364418066233,80,1364418066313,80,376,336,256
1,69,1364418066401,69,1364418066473,72,168,160,88
1,76,1364418066521,76,1364418066609,88,120,136,48
1,76,1364418066673,76,1364418066769,96,152,160,64
1,66,1364418066865,66,1364418066969,104,192,200,96
1,79,1364418066993,79,1364418067081,88,128,112,24
1,79,1364418067169,79,1364418067265,96,176,184,88
1,75,1364418067329,75,1364418067433,104,160,168,64
1,83,1364418067417,83,1364418067521,104,88,88,-16
1,32,1364418067553,32,1364418067697,144,136,176,32
1,8,1364418067825,8,1364418067881,56,272,184,128
1,188,1364418067993,188,1364418068113,120,168,232,112
1,32,1364418068057,32,1364418068169,112,64,56,-56
1,87,1364418068145,87,1364418068259,114,88,90,-24
1,73,1364418068249,73,1364418068313,64,104,54,-10
1,84,1364418068345,84,1364418068449,104,96,136,32
1,72,1364418068425,72,1364418068513,88,80,64,-24
1,32,1364418068449,32,1364418068561,112,24,48,-64
1,65,1364418068617,65,1364418068721,104,168,160,56
1,32,1364418068722,32,1364418068753,31,105,32,1
1,76,1364418068809,76,1364418068953,144,87,200,56
1,65,1364418068953,65,1364418069073,120,144,120,0
1,82,1364418068993,82,1364418069097,104,40,24,-80
1,71,1364418069209,71,1364418069297,88,216,200,112
1,69,1364418069337,69,1364418069425,88,128,128,40
1,32,1364418071385,32,1364418071481,96,2048,2056,1960
1,80,1364418071481,80,1364418071593,112,96,112,0
1,65,1364418071593,65,1364418071744,151,112,151,0
1,73,1364418071760,73,1364418071873,113,167,129,16
1,78,1364418071984,78,1364418072138,154,224,265,111
1,84,1364418072209,84,1364418072306,97,225,168,71
1,73,1364418072306,73,1364418072417,111,97,111,0
1,78,1364418072385,78,1364418072497,112,79,80,-32
1,71,1364418072458,71,1364418072577,119,73,80,-39
1,32,1364418072649,32,1364418072778,129,191,201,72
1,79,1364418073249,79,1364418073345,96,600,567,471
1,70,1364418073346,70,1364418073417,71,97,72,1
1,32,1364418073377,32,1364418073489,112,31,72,-40
1,65,1364418073490,65,1364418073617,127,113,128,1
1,32,1364418073585,32,1364418073706,121,95,89,-32
1,76,1364418073706,76,1364418073730,24,121,24,0
1,8,1364418074057,8,1364418074105,48,351,375,327
1,66,1364418074233,66,1364418074337,104,176,232,128
1,65,1364418074353,65,1364418074425,72,120,88,16
1,76,1364418074393,76,1364418074481,88,40,56,-32
1,8,1364418074649,8,1364418074681,32,256,200,168
1,8,1364418074769,8,1364418074817,48,120,136,88
1,76,1364418074953,76,1364418075065,112,184,248,136
1,65,1364418075033,65,1364418075129,96,80,64,-32
1,67,1364418075129,67,1364418075265,136,96,136,0
1,75,1364418075209,75,1364418075321,112,80,56,-56
1,32,1364418075369,32,1364418075521,152,160,200,48
1,68,1364418075801,68,1364418075929,128,432,408,280
1,82,1364418076009,82,1364418076137,128,208,208,80
1,65,1364418076105,65,1364418076241,136,96,104,-32
1,71,1364418076274,71,1364418076377,103,169,136,33
1,79,1364418076337,79,1364418076473,136,63,96,-40
1,78,1364418076433,78,1364418076551,118,96,78,-40
1,32,1364418076505,32,1364418076609,104,72,58,-46
1,86,1364418076713,86,1364418076881,168,208,272,104
1,73,1364418076793,73,1364418076881,88,80,0,-88
1,83,1364418076905,83,1364418077017,112,112,136,24
1,73,1364418077017,73,1364418077081,64,112,64,0
1,66,1364418077161,66,1364418077297,136,144,216,80
1,76,1364418077249,76,1364418077385,136,88,88,-48
1,69,1364418077345,69,1364418077433,88,96,48,-40
1,32,1364418078049,32,1364418078185,136,704,752,616
1,79,1364418078313,79,1364418078417,104,264,232,128
1,78,1364418078441,78,1364418078537,96,128,120,24
1,32,1364418078513,32,1364418078617,104,72,80,-24
1,84,1364418078601,84,1364418078737,136,88,120,-16
1,72,1364418078649,72,1364418078761,112,48,24,-88
1,69,1364418078721,69,1364418078793,72,72,32,-40
1,32,1364418078761,32,1364418078873,112,40,80,-32
1,87,1364418079145,87,1364418079233,88,384,360,272
1,76,1364418079441,76,1364418079549,108,296,316,208
1,32,1364418079549,32,1364418079681,132,108,132,0
1,66,1364418079649,66,1364418079753,104,100,72,-32
1,69,1364418079737,69,1364418079825,88,88,72,-16
1,72,1364418080145,72,1364418080273,128,408,448,320
1,73,1364418080274,73,1364418080409,135,129,136,1
1,78,1364418080385,78,1364418080529,144,111,120,-24
1,68,1364418080457,68,1364418080545,88,72,16,-72
1,32,1364418080529,32,1364418080681,152,72,136,-16
1,72,1364418080737,72,1364418080857,120,208,176,56
1,73,1364418080833,73,1364418080937,104,96,80,-24
1,77,1364418081001,77,1364418081089,88,168,152,64
1,190,1364418081393,190,1364418081505,112,392,416,304
1,73,1364502027742,73,1364502027870,128,136,24,-104
1,32,1364502027975,32,1364502028094,119,233,224,105
1,80,1364502028158,80,1364502028262,104,183,168,64
1,85,1364502028358,85,1364502028446,88,200,184,96
1,76,1364502028671,76,1364502028758,87,313,312,225
1,69,1364502028902,69,1364502028966,64,231,208,144
1,68,1364502029158,68,1364502029263,105,256,297,192
1,8,1364502029502,8,1364502029559,57,344,296,239
1,8,1364502029630,8,1364502029678,48,128,119,71
1,76,1364502029838,76,1364502029974,136,208,296,160
1,69,1364502029902,69,1364502029982,80,64,8,-72
1,68,1364502030070,68,1364502030158,88,168,176,88
1,32,1364502030134,32,1364502030270,136,64,112,-24
1,79,1364502030831,79,1364502030950,119,697,680,561
1,78,1364502030951,78,1364502031038,87,120,88,1
1,32,1364502031038,32,1364502031166,128,87,128,0
1,77,1364502031142,77,1364502031238,96,104,72,-24
1,89,1364502031366,89,1364502031454,88,224,216,128
1,32,1364502031438,32,1364502031582,144,72,128,-16
1,69,1364502031582,69,1364502031670,88,144,88,0
1,76,1364502031726,76,1364502031854,128,144,184,56
1,65,1364502031942,65,1364502032078,136,216,224,88
1,83,1364502032126,83,1364502032246,120,184,168,48
1,84,1364502032358,84,1364502032446,88,232,200,112
1,73,1364502032447,73,1364502032534,87,89,88,1
1,67,1364502032566,67,1364502032694,128,119,160,32
1,32,1364502033430,32,1364502033598,168,864,904,736
1,72,1364502033614,72,1364502033742,128,184,144,16
1,65,1364502033694,65,1364502033838,144,80,96,-48
1,80,1364502033958,80,1364502034086,128,264,248,120
1,84,1364502034134,84,1364502034222,88,176,136,48
1,73,1364502034262,73,1364502034358,96,128,136,40
1,67,1364502034358,67,1364502034478,120,96,120,0
1,32,1364502034862,32,1364502034958,96,504,480,384
1,71,1364502035094,71,1364502035206,112,232,248,136
1,76,1364502035134,76,1364502035206,72,40,0,-72
1,79,1364502035302,79,1364502035446,144,168,240,96
1,86,1364502035342,86,1364502035446,104,40,0,-104
1,69,1364502035502,69,1364502035638,136,160,192,56
1,83,1364502035590,83,1364502035702,112,88,64,-48
1,32,1364502035687,32,1364502035806,119,97,104,-15
1,68,1364502035942,68,1364502036054,112,255,248,136
1,32,1364502036022,32,1364502036166,144,80,112,-32
1,70,1364502036206,70,1364502036326,120,184,160,40
1,76,1364502036270,76,1364502036382,112,64,56,-56
1,69,1364502036414,69,1364502036502,88,144,120,32
1,88,1364502036630,88,1364502036750,120,216,248,128
1,69,1364502037022,69,1364502037126,104,392,376,272
1,68,1364502037222,68,1364502037350,128,200,224,96
1,32,1364502037342,32,1364502037478,136,120,128,-8
1,77,1364502037822,77,1364502037910,88,480,432,344
1,89,1364502038030,89,1364502038110,80,208,200,120
1,32,1364502038110,32,1364502038222,112,80,112,0
1,70,1364502038270,70,1364502038382,112,160,160,48
1,73,1364502038326,73,1364502038406,80,56,24,-56
1,78,1364502038454,78,1364502038590,136,128,184,48
1,71,1364502038574,71,1364502038646,72,120,56,-16
1,69,1364502038718,69,1364502038814,96,144,168,72
1,82,1364502038774,82,1364502038870,96,56,56,-40
1,83,1364502038926,83,1364502039038,112,152,168,56
1,32,1364502038990,32,1364502039110,120,64,72,-48
1,84,1364502039174,84,1364502039311,137,184,201,64
1,79,1364502039222,79,1364502039350,128,48,39,-89
1,32,1364502039350,32,1364502039470,120,128,120,0
1,77,1364502039446,77,1364502039558,112,96,88,-24
1,65,1364502039518,65,1364502039630,112,72,72,-40
1,75,1364502039630,75,1364502039750,120,112,120,0
1,69,1364502039686,69,1364502039806,120,56,56,-64
1,32,1364502039806,32,1364502039982,176,120,176,0
1,83,1364502039942,83,1364502040054,112,136,72,-40
1,85,1364502040086,85,1364502040182,96,144,128,32
1,82,1364502040166,82,1364502040294,128,80,112,-16
1,69,1364502040230,69,1364502040334,104,64,40,-64
1,32,1364502040358,32,1364502040462,104,128,128,24
1,78,1364502040718,78,1364502040798,80,360,336,256
1,79,1364502040798,79,1364502040886,88,80,88,0
1,78,1364502040886,78,1364502041006,120,88,120,0
1,69,1364502041038,69,1364502041142,104,152,136,32
1,32,1364502041142,32,1364502041262,120,104,120,0
1,79,1364502041238,79,1364502041366,128,96,104,-24
1,70,1364502041374,70,1364502041446,72,136,80,8
1,32,1364502041398,32,1364502041502,104,24,56,-48
1,72,1364502041550,72,1364502041670,120,152,168,48
1,84,1364502041551,84,1364502041670,119,1,0,-119
1,69,1364502041638,69,1364502041734,96,87,64,-32
1,32,1364502041686,32,1364502041838,152,48,104,-48
1,74,1364502041798,74,1364502041910,112,112,72,-40
1,79,1364502041910,79,1364502042014,104,112,104,0
1,78,1364502042046,78,1364502042142,96,136,128,32
1,8,1364502042398,8,1364502042486,88,352,344,256
1,73,1364502042606,73,1364502042702,96,208,216,120
1,78,1364502042702,78,1364502042822,120,96,120,0
1,84,1364502042790,84,1364502042894,104,88,72,-32
1,83,1364502042854,83,1364502042958,104,64,64,-40
1,8,1364502043174,8,1364502043238,64,320,280,216
1,8,1364502043311,8,1364502043390,79,137,152,73
1,8,1364502043470,8,1364502043542,72,159,152,80
1,8,1364502043614,8,1364502043694,80,144,152,72
1,8,1364502043765,8,1364502043845,80,151,151,71
1,8,1364502043917,8,1364502044005,88,152,160,72
1,8,1364502044038,8,1364502044149,111,121,144,33
1,8,1364502044230,8,1364502044317,87,192,168,81
1,8,1364502044390,8,1364502044470,80,160,153,73
1,8,1364502044542,8,1364502044653,111,152,183,72
1,84,1364502044973,84,1364502045117,144,431,464,320
1,72,1364502045022,72,1364502045134,112,49,17,-95
1,69,1364502045118,69,1364502045213,95,96,79,-16
1,32,1364502045181,32,1364502045318,137,63,105,-32
1,74,1364502045325,74,1364502045438,113,144,120,7
1,79,1364502045478,79,1364502045582,104,153,144,40
1,73,1364502045550,73,1364502045678,128,72,96,-32
1,78,1364502045662,78,1364502045798,136,112,120,-16
1,84,1364502045758,84,1364502045854,96,96,56,-40
1,83,1364502045830,83,1364502045950,120,72,96,-24
1,32,1364502047414,32,1364502047566,152,1584,1616,1464
1,87,1364502047726,87,1364502047822,96,312,256,160
1,65,1364502047910,65,1364502048038,128,184,216,88
1,83,1364502047958,83,1364502048070,112,48,32,-80
1,32,1364502048071,32,1364502048214,143,113,144,1
1,83,1364502048190,83,1364502048310,120,119,96,-24
1,84,1364502048399,84,1364502048518,119,209,208,89
1,73,1364502048486,73,1364502048582,96,87,64,-32
1,73,1364502048902,73,1364502049007,105,416,425,320
1,78,1364502049007,78,1364502049110,103,105,103,0
1,71,1364502049078,71,1364502049158,80,71,48,-32
1,190,1364502049687,190,1364502049847,160,609,689,529
1,32,1364502049847,32,1364502049958,111,160,111,0
1,16,1364502050134,16,1364502050318,184,287,360,176
1,84,1364502050270,84,1364502050358,88,136,40,-48
1,72,1364502050422,72,1364502050510,88,152,152,64
1,69,1364502050510,69,1364502050622,112,88,112,0
1,78,1364502050598,78,1364502050718,120,88,96,-24
1,32,1364502050694,32,1364502050782,88,96,64,-24
1,16,1364502050782,16,1364502050934,152,88,152,0
1,73,1364502050862,73,1364502050966,104,80,32,-72
1,32,1364502050934,32,1364502051054,120,72,88,-32
1,71,1364502051054,71,1364502051150,96,120,96,0
1,82,1364502051254,82,1364502051358,104,200,208,104
1,65,1364502051310,65,1364502051454,144,56,96,-48
1,66,1364502051454,66,1364502051510,56,144,56,0
1,66,1364502051614,66,1364502051662,48,160,152,104
1,69,1364502051782,69,1364502051838,56,168,176,120
1,68,1364502051966,68,1364502052070,104,184,232,128
1,32,1364502052134,32,1364502052246,112,168,176,64
1,77,1364502052702,77,1364502052798,96,568,552,456
1,72,1364502052915,72,1364502053014,99,213,216,117
1,89,1364502052917,89,1364502053014,97,2,0,-97
1,32,1364502052966,32,1364502053014,48,49,0,-48
1,16,1364502053102,16,1364502053327,225,136,313,88
1,8,1364502053614,8,1364502053678,64,512,351,287
1,8,1364502053758,8,1364502053814,56,144,136,80
1,8,1364502053902,8,1364502053974,72,144,160,88
1,89,1364502054166,89,1364502054262,96,264,288,192
1,32,1364502054374,32,1364502054502,128,208,240,112
1,16,1364502059270,16,1364502059462,192,4896,4960,4768
1,79,1364502059366,79,1364502059486,120,96,24,-96
1,16,1364502059726,16,1364502059910,184,360,424,240
1,65,1364502059782,65,1364502059910,128,56,0,-128
1,83,1364502060054,83,1364502060150,96,272,240,144
1,8,1364502060382,8,1364502060446,64,328,296,232
1,32,1364502062526,32,1364502062654,128,2144,2208,2080
1,67,1364502062822,67,1364502062975,153,296,321,168
1,79,1364502062894,79,1364502062990,96,72,15,-81
1,78,1364502062975,78,1364502063135,160,81,145,-15
1,83,1364502063079,83,1364502063191,112,104,56,-56
1,79,1364502063135,79,1364502063191,56,56,0,-56
1,76,1364502063295,76,1364502063390,95,160,199,104
1,69,1364502063358,69,1364502063446,88,63,56,-32
1,188,1364502063502,188,1364502063623,121,144,177,56
1,32,1364502063647,32,1364502063718,71,145,95,24
1,65,1364502063766,65,1364502063862,96,119,144,48
1,32,1364502063903,32,1364502064014,111,137,152,41
1,70,1364502064062,70,1364502064198,136,159,184,48
1,76,1364502064158,76,1364502064254,96,96,56,-40
1,65,1364502064223,65,1364502064358,135,65,104,-31
1,84,1364502064478,84,1364502064566,88,255,208,120
1,32,1364502064942,32,1364502065086,144,464,520,376
1,66,1364502065286,66,1364502065366,80,344,280,200
1,76,1364502065438,76,1364502065567,129,152,201,72
1,65,1364502065542,65,1364502065649,107,104,82,-25
1,67,1364502065649,67,1364502065782,133,107,133,0
1,75,1364502065711,75,1364502065841,130,62,59,-71
1,32,1364502065814,32,1364502065926,112,103,85,-27
1,82,1364502065934,82,1364502066038,104,120,112,8
1,69,1364502066007,69,1364502066094,87,73,56,-31
1,67,1364502066166,67,1364502066278,112,159,184,72
1,84,1364502066390,84,1364502066486,96,224,208,112
1,65,1364502066471,65,1364502066630,159,81,144,-15
1,78,1364502066534,78,1364502066630,96,63,0,-96
1,71,1364502066670,71,1364502066782,112,136,152,40
1,76,1364502066742,76,1364502066862,120,72,80,-40
1,69,1364502066887,69,1364502066966,79,145,104,25
1,32,1364502067350,32,1364502067438,88,463,472,384
1,65,1364502067758,65,1364502067878,120,408,440,320
1,66,1364502067822,66,1364502067918,96,64,40,-56
1,79,1364502067974,79,1364502068078,104,152,160,56
1,85,1364502068079,85,1364502068207,128,105,129,1
1,84,1364502068174,84,1364502068286,112,95,79,-33
1,32,1364502068287,32,1364502068398,111,113,112,1
1,84,1364502068382,84,1364502068510,128,95,112,-16
1,72,1364502068430,72,1364502068558,128,48,48,-80
1,69,1364502068478,69,1364502068590,112,48,32,-80
1,32,1364502068558,32,1364502068694,136,80,104,-32
1,83,1364502068702,83,1364502068806,104,144,112,8
1,73,1364502068758,73,1364502068879,121,56,73,-48
1,90,1364502069254,90,1364502069350,96,496,471,375
1,69,1364502069526,69,1364502069630,104,272,280,176
1,32,1364502069614,32,1364502069742,128,88,112,-16
1,79,1364502069702,79,1364502069830,128,88,88,-40
1,70,1364502069790,70,1364502069886,96,88,56,-40
1,32,1364502069854,32,1364502069950,96,64,64,-32
1,65,1364502069950,65,1364502070054,104,96,104,0
1,32,1364502070038,32,1364502070174,136,88,120,-16
1,80,1364502070142,80,1364502070270,128,104,96,-32
1,65,1364502070302,65,1364502070430,128,160,160,32
1,80,1364502070430,80,1364502070534,104,128,104,0
1,69,1364502070518,69,1364502070622,104,88,88,-16
1,82,1364502070582,82,1364502070678,96,64,56,-40
1,66,1364502070854,66,1364502070974,120,272,296,176
1,65,1364502070950,65,1364502071054,104,96,80,-24
1,67,1364502071086,67,1364502071230,144,136,176,32
1,75,1364502071150,75,1364502071246,96,64,16,-80
1,32,1364502071270,32,1364502071398,128,120,152,24
1,66,1364502071398,66,1364502071478,80,128,80,0
1,79,1364502071574,79,1364502071614,40,176,136,96
1,79,1364502071710,79,1364502071814,104,136,200,96
1,79,1364502071886,79,1364502071982,96,176,168,72
1,75,1364502072022,75,1364502072134,112,136,152,40
1,188,1364502072238,188,1364502072358,120,216,224,104
1,32,1364502072358,32,1364502072438,80,120,80,0
1,8,1364502072710,8,1364502072750,40,352,312,272
1,8,1364502072822,8,1364502072894,72,112,144,72
1,8,1364502072974,8,1364502073030,56,152,136,80
1,8,1364502073110,8,1364502073214,104,136,184,80
1,75,1364502073390,75,1364502073454,64,280,240,176
1,188,1364502073614,188,1364502073686,72,224,232,160
1,32,1364502073726,32,1364502073830,104,112,144,40
1,8,1364502074886,8,1364502074958,72,1160,1128,1056
1,8,1364502075038,8,1364502075102,64,152,144,80
1,190,1364502075294,190,1364502075398,104,256,296,192
1,32,1364502075398,32,1364502075486,88,104,88,0
1,16,1364502075462,16,1364502075678,216,64,192,-24
1,73,1364502075590,73,1364502075702,112,128,24,-88
1,84,1364502075846,84,1364502075950,104,256,248,144
1,32,1364502075926,32,1364502076046,120,80,96,-24
1,72,1364502076062,72,1364502076166,104,136,120,16
1,65,1364502076150,65,1364502076278,128,88,112,-16
1,83,1364502076262,83,1364502076374,112,112,96,-16
1,8,1364502076654,8,1364502076734,80,392,360,280
1,68,1364502076734,68,1364502076814,80,80,80,0
1,32,1364502076814,32,1364502076870,56,80,56,0
1,65,1364502076894,65,1364502076998,104,80,128,24
1,32,1364502076974,32,1364502077102,128,80,104,-24
1,87,1364502077214,87,1364502077334,120,240,232,112
1,73,1364502077302,73,1364502077430,128,88,96,-32
1,82,1364502077414,82,1364502077534,120,112,104,-16
1,69,1364502077494,69,1364502077582,88,80,48,-40
1,76,1364502077558,76,1364502077694,136,64,112,-24
1,69,1364502077662,69,1364502077750,88,104,56,-32
1,83,1364502077822,83,1364502077886,64,160,136,72
1,83,1364502077974,83,1364502078062,88,152,176,88
1,32,1364502078582,32,1364502078726,144,608,664,520
1,78,1364502079126,78,1364502079198,72,544,472,400
1,69,1364502079174,69,1364502079310,136,48,112,-24
1,84,1364502079470,84,1364502079574,104,296,264,160
1,87,1364502079694,87,1364502079798,104,224,224,120
1,79,1364502079765,79,1364502079862,97,71,64,-33
1,82,1364502079862,82,1364502079982,120,97,120,0
1,75,1364502079942,75,1364502080045,103,80,63,-40
1,32,1364502080022,32,1364502080166,144,80,121,-23
1,65,1364502080141,65,1364502080277,136,119,111,-25
1,78,1364502080222,78,1364502080293,71,81,16,-55
1,84,1364502080438,84,1364502080527,89,216,234,145
1,69,1364502080502,69,1364502080606,104,64,79,-25
1,78,1364502080670,78,1364502080718,48,168,112,64
1,78,1364502080814,78,1364502080895,81,144,177,96
1,65,1364502080895,65,1364502081006,111,81,111,0
1,32,1364502081607,32,1364502081718,111,712,712,601
1,66,1364502081830,66,1364502081918,88,223,200,112
1,85,1364502082063,85,1364502082206,143,233,288,145
1,73,1364502082158,73,1364502082302,144,95,96,-48
1,76,1364502082350,76,1364502082494,144,192,192,48
1,84,1364502082495,84,1364502082590,95,145,96,1
1,32,1364502082591,32,1364502082718,127,96,128,1
1,73,1364502082734,73,1364502082830,96,143,112,16
1,78,1364502082894,78,1364502082990,96,160,160,64
1,32,1364502083022,32,1364502083142,120,128,152,32
1,73,1364502084390,73,1364502084510,120,1368,1368,1248
1,84,1364502084479,84,1364502084566,87,89,56,-31
1,8,1364502085222,8,1364502085278,56,743,712,656
1,8,1364502085350,8,1364502085406,56,128,128,72
1,8,1364502085486,8,1364502085582,96,136,176,80
1,84,1364502085687,84,1364502085790,103,201,208,105
1,79,1364502085758,79,1364502085878,120,71,88,-32
1,32,1364502085878,32,1364502085998,120,120,120,0
1,73,1364502086022,73,1364502086142,120,144,144,24
1,84,1364502086142,84,1364502086230,88,120,88,0
1,190,1364502086694,190,1364502086830,136,552,600,464
1,32,1364502086830,32,1364502086886,56,136,56,0
1,8,1364502087302,8,1364502087342,40,472,456,416
1,8,1364502087430,8,1364502087486,56,128,144,88
1,188,1364502087638,188,1364502087750,112,208,264,152
1,32,1364502087782,32,1364502087934,152,144,184,32
1,78,1364502087934,78,1364502087998,64,152,64,0
1,66,1364502087936,66,1364502087999,63,2,1,-62
1,8,1364502088350,8,1364502088406,56,414,407,351
1,8,1364502088494,8,1364502088574,80,144,168,88
1,66,1364502089086,66,1364502089190,104,592,616,512
1,85,1364502089334,85,1364502089446,112,248,256,144
1,84,1364502089414,84,1364502089518,104,80,72,-32
1,32,1364502089502,32,1364502089630,128,88,112,-16
1,84,1364502089982,84,1364502090150,168,480,520,352
1,72,1364502090022,72,1364502090150,128,40,0,-128
1,69,1364502090150,69,1364502090278,128,128,128,0
1,32,1364502090238,32,1364502090374,136,88,96,-40
1,82,1364502090414,82,1364502090518,104,176,144,40
1,69,1364502090478,69,1364502090558,80,64,40,-40
1,67,1364502090654,67,1364502090734,80,176,176,96
1,69,1364502090854,69,1364502091038,184,200,304,120
1,80,1364502091030,80,1364502091126,96,176,88,-8
1,84,1364502091246,84,1364502091358,112,216,232,120
1,73,1364502091342,73,1364502091502,160,96,144,-16
1,79,1364502091406,79,1364502091518,112,64,16,-96
1,78,1364502091502,78,1364502091614,112,96,96,-16
1,32,1364502091902,32,1364502091990,88,400,376,288
1,73,1364502092134,73,1364502092222,88,232,232,144
1,78,1364502092286,78,1364502092382,96,152,160,64
1,83,1364502092366,83,1364502092478,112,80,96,-16
1,73,1364502092478,73,1364502092582,104,112,104,0
1,68,1364502092534,68,1364502092614,80,56,32,-48
1,69,1364502092710,69,1364502092822,112,176,208,96
1,32,1364502092798,32,1364502092910,112,88,88,-24
1,69,1364502093094,69,1364502093182,88,296,272,184
1,32,1364502093150,32,1364502093246,96,56,64,-32
1,86,1364502093318,86,1364502093414,96,168,168,72
1,65,1364502093398,65,1364502093558,160,80,144,-16
1,78,1364502093494,78,1364502093606,112,96,48,-64
1,32,1364502093654,32,1364502093806,152,160,200,48
1,87,1364502093918,87,1364502093974,56,264,168,112
1,65,1364502094078,65,1364502094198,120,160,224,104
1,83,1364502094134,83,1364502094238,104,56,40,-64
1,32,1364502094238,32,1364502094374,136,104,136,0
1,70,1364502094350,70,1364502094454,104,112,80,-24
1,79,1364502094422,79,1364502094534,112,72,80,-32
1,82,1364502094558,82,1364502094670,112,136,136,24
1,32,1364502094622,32,1364502094766,144,64,96,-48
1,83,1364502094726,83,1364502094870,144,104,104,-40
1,72,1364502094822,72,1364502094950,128,96,80,-48
1,73,1364502094870,73,1364502094990,120,48,40,-80
1,84,1364502094990,84,1364502095086,96,120,96,0
1,190,1364502095742,190,1364502095846,104,752,760,656
1,32,1364502095862,32,1364502095990,128,120,144,16
1,8,1364502097462,8,1364502097517,55,1600,1527,1472
1,8,1364502097605,8,1364502097686,81,143,169,88
1,188,1364502097829,188,1364502097950,121,224,264,143
1,32,1364502097926,32,1364502098022,96,97,72,-24
1,83,1364502097999,83,1364502098158,159,73,136,-23
1,73,1364502098118,73,1364502098230,112,119,72,-40
1,78,1364502098206,78,1364502098342,136,88,112,-24
1,67,1364502098350,67,1364502098462,112,144,120,8
1,69,1364502098446,69,1364502098566,120,96,104,-16
1,32,1364502098886,32,1364502099030,144,440,464,320
1,73,1364502099078,73,1364502099214,136,192,184,48
1,84,1364502099142,84,1364502099238,96,64,24,-72
1,32,1364502099215,32,1364502099358,143,73,120,-23
1,87,1364502099318,87,1364502099415,97,103,57,-40
1,65,1364502099510,65,1364502099646,136,192,231,95
1,83,1364502099582,83,1364502099742,160,72,96,-64
1,32,1364502099734,32,1364502099918,184,152,176,-8
1,66,1364502099919,66,1364502099974,55,185,56,1
1,85,1364502100127,85,1364502100238,111,208,264,153
1,82,1364502100678,82,1364502100750,72,551,512,440
1,73,1364502100967,73,1364502101046,79,289,296,217
1,69,1364502101094,69,1364502101167,73,127,121,48
1,68,1364502101279,68,1364502101374,95,185,207,112
1,32,1364502101406,32,1364502101567,161,127,193,32
1,85,1364502102270,85,1364502102342,72,864,775,703
1,78,1364502102454,78,1364502102590,136,184,248,112
1,68,1364502102518,68,1364502102590,72,64,0,-72
1,69,1364502102686,69,1364502102798,112,168,208,96
1,82,1364502102750,82,1364502102838,88,64,40,-48
1,32,1364502102814,32,1364502102878,64,64,40,-24
1,65,1364502102878,65,1364502103022,144,64,144,0
1,32,1364502102998,32,1364502103078,80,120,56,-24
1,72,1364502103078,72,1364502103166,88,80,88,0
1,85,1364502103286,85,1364502103398,112,208,232,120
1,71,1364502103358,71,1364502103454,96,72,56,-40
1,69,1364502103518,69,1364502103598,80,160,144,64
1,32,1364502104190,32,1364502104320,130,672,722,592
1,77,1364502104374,77,1364502104494,120,184,174,54
1,79,1364502104526,79,1364502104638,112,152,144,32
1,85,1364502104622,85,1364502104710,88,96,72,-16
1,78,1364502104846,78,1364502104966,120,224,256,136
1,68,1364502105030,68,1364502105142,112,184,176,64
1,32,1364502105638,32,1364502105750,112,608,608,496
1,79,1364502105726,79,1364502105902,176,88,152,-24
1,68,1364502105902,68,1364502105998,96,176,96,0
1,8,1364502106278,8,1364502106334,56,376,336,280
1,70,1364502106374,70,1364502106486,112,96,152,40
1,32,1364502106438,32,1364502106606,168,64,120,-48
1,83,1364502106662,83,1364502106726,64,224,120,56
1,8,1364502106998,8,1364502107078,80,336,352,272
1,68,1364502107038,68,1364502107110,72,40,32,-40
1,69,1364502107198,69,1364502107302,104,160,192,88
1,78,1364502107262,78,1364502107358,96,64,56,-40
1,83,1364502107406,83,1364502107462,56,144,104,48
1,69,1364502107710,69,1364502107798,88,304,336,248
1,32,1364502108470,32,1364502108550,80,760,752,672
1,77,1364502108678,77,1364502108798,120,208,248,128
1,69,1364502108806,69,1364502108886,80,128,88,8
1,84,1364502108950,84,1364502109062,112,144,176,64
1,65,1364502109038,65,1364502109190,152,88,128,-24
1,76,1364502109118,76,1364502109206,88,80,16,-72
1,188,1364502109318,188,1364502109406,88,200,200,112
1,32,1364502109470,32,1364502109630,160,152,224,64
1,16,1364502109710,16,1364502109894,184,240,264,80
1,83,1364502109822,83,1364502109926,104,112,32,-72
1,79,1364502110030,79,1364502110158,128,208,232,104
1,32,1364502110158,32,1364502110246,88,128,88,0
1,16,1364502110286,16,1364502110486,200,128,240,40
1,73,1364502110374,73,1364502110486,112,88,0,-112
1,222,1364502110574,222,1364502110678,104,200,192,88
1,68,1364502110678,68,1364502110766,88,104,88,0
1,32,1364502110862,32,1364502110998,136,184,232,96
1,83,1364502111078,83,1364502111182,104,216,184,80
1,85,1364502111222,85,1364502111286,64,144,104,40
1,71,1364502111326,71,1364502111382,56,104,96,40
1,71,1364502111478,71,1364502111558,80,152,176,96
1,69,1364502111614,69,1364502111774,160,136,216,56
1,8,1364502112566,8,1364502112622,56,952,848,792
1,8,1364502112710,8,1364502112774,64,144,152,88
1,8,1364502112878,8,1364502112966,88,168,192,104
1,8,1364502113062,8,1364502113142,80,184,176,96
1,8,1364502113214,8,1364502113302,88,152,160,72
1,82,1364502113358,82,1364502113478,120,144,176,56
1,73,1364502113478,73,1364502113614,136,120,136,0
1,71,1364502113582,71,1364502113646,64,104,32,-32
1,71,1364502113726,71,1364502113814,88,144,168,80
1,69,1364502113886,69,1364502113958,72,160,144,72
1,68,1364502114078,68,1364502114190,112,192,232,120
1,32,1364502114494,32,1364502114622,128,416,432,304
1,85,1364502114686,85,1364502114806,120,192,184,64
1,80,1364502114766,80,1364502114870,104,80,64,-40
1,32,1364502114870,32,1364502114981,111,104,111,0
1,65,1364502115013,65,1364502115094,81,143,113,32
1,32,1364502115054,32,1364502115206,152,41,112,-40
1,78,1364502115383,78,1364502115471,88,329,265,177
1,8,1364502115695,8,1364502115742,47,312,271,224
1,8,1364502115838,8,1364502115910,72,143,168,96
1,78,1364502116038,78,1364502116134,96,200,224,128
1,32,1364502116135,32,1364502116246,111,97,112,1
1,69,1364502116302,69,1364502116374,72,167,128,56
1,88,1364502116478,88,1364502116590,112,176,216,104
1,84,1364502116854,84,1364502116998,144,376,408,264
1,69,1364502116999,69,1364502117126,127,145,128,1
1,82,1364502117102,82,1364502117222,120,103,96,-24
1,78,1364502117150,78,1364502117254,104,48,32,-72
1,65,1364502117278,65,1364502117407,129,128,153,24
1,76,1364502117366,76,1364502117486,120,88,79,-41
1,32,1364502117550,32,1364502117678,128,184,192,64
1,65,1364502117950,65,1364502118062,112,400,384,272
1,78,1364502118119,78,1364502118230,111,169,168,57
1,84,1364502118302,84,1364502118390,88,183,160,72
1,69,1364502118431,69,1364502118526,95,129,136,41
1,78,1364502118566,78,1364502118630,64,135,104,40
1,78,1364502118710,78,1364502118814,104,144,184,80
1,65,1364502118814,65,1364502118934,120,104,120,0
1,32,1364502119022,32,1364502119142,120,208,208,88
1,65,1364502119374,65,1364502119510,136,352,368,232
1,78,1364502119414,78,1364502119550,136,40,40,-96
1,68,1364502119582,68,1364502119702,120,168,152,32
1,32,1364502119679,32,1364502119798,119,97,96,-23
1,77,1364502119774,77,1364502119886,112,95,88,-24
1,79,1364502119910,79,1364502120007,97,136,121,24
1,85,1364502120007,85,1364502120126,119,97,119,0
1,84,1364502120126,84,1364502120246,120,119,120,0
1,69,1364502120182,69,1364502120247,65,56,1,-64
1,8,1364502120414,8,1364502120470,56,232,223,167
1,8,1364502120726,8,1364502120807,81,312,337,256
1,78,1364502120950,78,1364502121062,112,224,255,143
1,84,1364502121046,84,1364502121158,112,96,96,-16
1,69,1364502121110,69,1364502121190,80,64,32,-48
1,68,1364502121302,68,1364502121398,96,192,208,112
1,32,1364502121766,32,1364502121878,112,464,480,368
1,73,1364502122142,73,1364502122270,128,376,392,264
1,84,1364502122238,84,1364502122334,96,96,64,-32
1,32,1364502122310,32,1364502122430,120,72,96,-24
1,79,1364502122430,79,1364502122534,104,120,104,0
1,78,1364502122534,78,1364502122638,104,104,104,0
1,32,1364502122598,32,1364502122678,80,64,40,-40
1,84,1364502122678,84,1364502122814,136,80,136,0
1,72,1364502122766,72,1364502122846,80,88,32,-48
1,69,1364502122790,69,1364502122870,80,24,24,-56
1,32,1364502122847,32,1364502122934,87,57,64,-23
1,72,1364502122990,72,1364502123078,88,143,144,56
1,79,1364502123134,79,1364502123198,64,144,120,56
1,79,1364502123310,79,1364502123390,80,176,192,112
1,68,1364502123366,68,1364502123462,96,56,72,-24
1,82,1364926186240,82,1364926186344,104,128,144,40
1,79,1364926186296,79,1364926186384,88,56,40,-48
1,32,1364926186408,32,1364926186568,160,112,184,24
1,73,1364926187560,73,1364926187672,112,1152,1104,992
1,83,1364926187632,83,1364926187720,88,72,48,-40
1,32,1364926187720,32,1364926187832,112,88,112,0
1,83,1364926187872,83,1364926187992,120,152,160,40
1,73,1364926187992,73,1364926188064,72,120,72,0
1,84,1364926188112,84,1364926188192,80,120,128,48
1,84,1364926188264,84,1364926188360,96,152,168,72
1,73,1364926188360,73,1364926188448,88,96,88,0
1,78,1364926188416,78,1364926188561,145,56,113,-32
1,71,1364926188496,71,1364926188592,96,80,31,-65
1,32,1364926188561,32,1364926188680,119,65,88,-31
1,73,1364926188656,73,1364926188704,48,95,24,-24
1,78,1364926188680,78,1364926188816,136,24,112,-24
1,32,1364926188792,32,1364926188896,104,112,80,-24
1,84,1364926188880,84,1364926189032,152,88,136,-16
1,72,1364926188944,72,1364926189048,104,64,16,-88
1,69,1364926189000,69,1364926189072,72,56,24,-48
1,32,1364926189032,32,1364926189136,104,32,64,-40
1,70,1364926189176,70,1364926189280,104,144,144,40
1,73,1364926189280,73,1364926189384,104,104,104,0
1,82,1364926189384,82,1364926189496,112,104,112,0
1,83,1364926189472,83,1364926189616,144,88,120,-24
1,84,1364926189616,84,1364926189696,80,144,80,0
1,189,1364926189712,189,1364926189824,112,96,128,16
1,67,1364926189864,67,1364926190024,160,152,200,40
1,76,1364926189992,76,1364926190112,120,128,88,-32
1,65,1364926190088,65,1364926190200,112,96,88,-24
1,83,1364926190296,83,1364926190352,56,208,152,96
1,83,1364926190432,83,1364926190520,88,136,168,80
1,32,1364926191336,32,1364926191448,112,904,928,816
1,68,1364926191840,68,1364926191984,144,504,536,392
1,73,1364926191984,73,1364926192072,88,144,88,0
1,78,1364926192152,78,1364926192224,72,168,152,80
1,73,1364926192264,73,1364926192384,120,112,160,40
1,78,1364926192352,78,1364926192496,144,88,112,-32
1,71,1364926192416,71,1364926192528,112,64,32,-80
1,32,1364926192496,32,1364926192648,152,80,120,-32
1,82,1364926192648,82,1364926192784,136,152,136,0
1,79,1364926192712,79,1364926192784,72,64,0,-72
1,79,1364926192872,79,1364926192968,96,160,184,88
1,77,1364926193008,77,1364926193088,80,136,120,40
1,32,1364926193144,32,1364926193288,144,136,200,56
1,79,1364926193457,79,1364926193576,119,313,288,169
1,70,1364926193520,70,1364926193608,88,63,32,-56
1,32,1364926193608,32,1364926193720,112,88,112,0
1,84,1364926193720,84,1364926193848,128,112,128,0
1,72,1364926193760,72,1364926193880,120,40,32,-88
1,69,1364926193800,69,1364926193920,120,40,40,-80
1,32,1364926193880,32,1364926194000,120,80,80,-40
1,79,1364926194432,79,1364926194528,96,552,528,432
1,87,1364926194528,87,1364926194640,112,96,112,0
1,76,1364926194672,76,1364926194760,88,144,120,32
1,79,1364926194864,79,1364926194953,89,192,193,104
1,79,1364926195033,79,1364926195129,96,169,176,80
1,78,1364926195185,78,1364926195249,64,152,120,56
1,188,1364926195409,188,1364926195473,64,224,224,160
1,32,1364926195465,32,1364926195601,136,56,128,-8
1,78,1364926196128,78,1364926196184,56,663,583,527
1,32,1364926196376,32,1364926196545,169,248,361,192
1,84,1364926196545,84,1364926196712,167,169,167,0
1,72,1364926196640,72,1364926196713,73,95,1,-72
1,69,1364926196720,69,1364926196832,112,80,119,7
1,32,1364926196785,32,1364926196936,151,65,104,-47
1,8,1364926197592,8,1364926198128,536,807,1192,656
1,8,1364926198092,8,1364926198304,212,500,176,-36
1,8,1364926198125,8,1364926198448,323,33,144,-179
1,8,1364926198216,8,1364926198600,384,91,152,-232
1,8,1364926198344,8,1364926198744,400,128,144,-256
1,8,1364926198520,8,1364926198920,400,176,176,-224
1,8,1364926198648,8,1364926199160,512,128,240,-272
1,190,1364926200112,190,1364926200216,104,1464,1056,952
1,32,1364926200216,32,1364926200312,96,104,96,0
1,78,1364926200760,78,1364926200840,80,544,528,448
1,32,1364926200872,32,1364926201008,136,112,168,32
1,84,1364926201008,84,1364926201136,128,136,128,0
1,72,1364926201080,72,1364926201176,96,72,40,-56
1,69,1364926201137,69,1364926201264,127,57,88,-39
1,32,1364926201208,32,1364926201376,168,71,112,-56
1,79,1364926201376,79,1364926201464,88,168,88,0
1,84,1364926201488,84,1364926201616,128,112,152,24
1,72,1364926201568,72,1364926201696,128,80,80,-48
1,69,1364926201648,69,1364926201792,144,80,96,-48
1,82,1364926201720,82,1364926201840,120,72,48,-72
1,32,1364926201792,32,1364926201936,144,72,96,-48
1,72,1364926202536,72,1364926202616,80,744,680,600
1,65,1364926202657,65,1364926202808,151,121,192,41
1,78,1364926202752,78,1364926202832,80,95,24,-56
1,8,1364926203016,8,1364926203072,56,264,240,184
1,8,1364926203176,8,1364926203224,48,160,152,104
1,8,1364926203304,8,1364926203376,72,128,152,80
1,83,1364926203432,83,1364926203528,96,128,152,56
1,73,1364926203512,73,1364926203632,120,80,104,-16
1,68,1364926203632,68,1364926203704,72,120,72,0
1,69,1364926203800,69,1364926203912,112,168,208,96
1,32,1364926203872,32,1364926204000,128,72,88,-40
1,79,1364926204040,79,1364926204152,112,168,152,40
1,70,1364926204152,70,1364926204264,112,112,112,0
1,32,1364926204264,32,1364926204400,136,112,136,0
1,69,1364926204480,69,1364926204560,80,216,160,80
1,32,1364926204531,32,1364926204688,157,51,128,-29
1,87,1364926204664,87,1364926204784,120,133,96,-24
1,72,1364926204872,72,1364926205008,136,208,224,88
1,73,1364926204944,73,1364926205024,80,72,16,-64
1,84,1364926205144,84,1364926205240,96,200,216,120
1,69,1364926205184,69,1364926205296,112,40,56,-56
1,32,1364926205328,32,1364926205464,136,144,168,32
1,76,1364926206192,76,1364926206288,96,864,824,728
1,73,1364926207016,73,1364926207096,80,824,808,728
1,78,1364926207240,78,1364926207272,32,224,176,144
1,73,1364926207464,73,1364926207560,96,224,288,192
1,69,1364926208016,69,1364926208080,64,552,520,456
1,78,1364926208120,78,1364926208168,48,104,88,40
1,8,1364926208352,8,1364926208408,56,232,240,184
1,8,1364926208488,8,1364926208560,72,136,152,80
1,8,1364926208640,8,1364926208808,168,152,248,80
1,69,1364926209019,69,1364926209104,85,379,296,211
1,78,1364926209104,78,1364926209160,56,85,56,0
1,32,1364926209248,32,1364926209352,104,144,192,88
1,84,1364926210096,84,1364926210176,80,848,824,744
1,82,1364926210097,82,1364926210176,79,1,0,-79
1,65,1364926210208,65,1364926210328,120,111,152,32
1,66,1364926210288,66,1364926210384,96,80,56,-40
1,76,1364926210385,76,1364926210536,151,97,152,1
1,69,1364926210512,69,1364926210624,112,127,88,-24
1,67,1364926210760,67,1364926210920,160,248,296,136
1,76,1364926210832,76,1364926210920,88,72,0,-88
1,79,1364926211032,79,1364926211144,112,200,224,112
1,84,1364926211224,84,1364926211336,112,192,192,80
1,72,1364926211352,72,1364926211416,64,128,80,16
1,8,1364926211624,8,1364926211680,56,272,264,208
1,8,1364926211776,8,1364926211824,48,152,144,96
1,8,1364926211896,8,1364926211976,80,120,152,72
1,8,1364926212048,8,1364926212120,72,152,144,72
1,8,1364926212184,8,1364926212272,88,136,152,64
1,8,1364926212296,8,1364926212537,241,112,265,24
1,8,1364926212585,8,1364926212673,88,289,136,48
1,8,1364926212737,8,1364926212833,96,152,160,64
1,8,1364926213049,8,1364926213065,16,312,232,216
1,8,1364926213169,8,1364926213248,79,120,183,104
1,8,1364926213328,8,1364926213400,72,159,152,80
1,65,1364926213424,65,1364926213544,120,96,144,24
1,8,1364926213744,8,1364926213825,81,320,281,200
1,84,1364926213896,84,1364926213992,96,152,167,71
1,65,1364926213993,65,1364926214136,143,97,144,1
1,66,1364926214049,66,1364926214176,127,56,40,-87
1,76,1364926214528,76,1364926214608,80,479,432,352
1,69,1364926214680,69,1364926214800,120,152,192,72
1,67,1364926215144,67,1364926215305,161,464,505,344
1,76,1364926215216,76,1364926215305,89,72,0,-89
1,79,1364926215408,79,1364926215512,104,192,207,103
1,84,1364926215560,84,1364926215672,112,152,160,48
1,72,1364926215673,72,1364926215744,71,113,72,1
1,32,1364926216625,32,1364926216736,111,952,992,881
1,73,1364926216872,73,1364926217000,128,247,264,136
1,83,1364926216984,83,1364926217056,72,112,56,-16
1,32,1364926217040,32,1364926217152,112,56,96,-16
1,84,1364926217136,84,1364926217281,145,96,129,-16
1,72,1364926217185,72,1364926217281,96,49,0,-96
1,77,1364926217409,77,1364926217520,111,224,239,128
1,65,1364926217560,65,1364926217688,128,151,168,40
1,78,1364926217760,78,1364926217872,112,200,184,72
1,32,1364926217912,32,1364926218008,96,152,136,40
1,16,1364926218096,16,1364926218256,160,184,248,88
1,72,1364926218160,72,1364926218256,96,64,0,-96
1,73,1364926218328,73,1364926218432,104,168,176,72
1,82,1364926218432,82,1364926218552,120,104,120,0
1,79,1364926218520,79,1364926218608,88,88,56,-32
1,32,1364926218584,32,1364926218744,160,64,136,-24
1,72,1364926218784,72,1364926218889,105,200,145,40
1,65,1364926218857,65,1364926218960,103,73,71,-32
1,68,1364926218936,68,1364926219056,120,79,96,-24
1,32,1364926219024,32,1364926219176,152,88,120,-32
1,80,1364926219208,80,1364926219288,80,184,112,32
1,82,1364926219296,82,1364926219408,112,88,120,8
1,69,1364926219384,69,1364926219472,88,88,64,-24
1,86,1364926219569,86,1364926219712,143,185,240,97
1,73,1364926219664,73,1364926219872,208,95,160,-48
1,79,1364926219737,79,1364926219872,135,73,0,-135
1,85,1364926219816,85,1364926219946,130,79,74,-56
1,83,1364926219912,83,1364926220040,128,96,94,-34
1,76,1364926220024,76,1364926220128,104,112,88,-16
1,89,1364926220224,89,1364926220328,104,200,200,96
1,32,1364926220320,32,1364926220472,152,96,144,-8
1,80,1364926220473,80,1364926220568,95,153,96,1
1,69,1364926220568,69,1364926220640,72,95,72,0
1,71,1364926220864,71,1364926220889,25,296,249,224
1,71,1364926220976,71,1364926221072,96,112,183,87
1,69,1364926221160,69,1364926221224,64,184,152,88
1,68,1364926221328,68,1364926221432,104,168,208,104
1,32,1364926221416,32,1364926221544,128,88,112,-16
1,65,1364926221544,65,1364926221680,136,128,136,0
1,32,1364926221696,32,1364926221808,112,152,128,16
1,84,1364926221768,84,1364926221856,88,72,48,-40
1,8,1364926222480,8,1364926222536,56,712,680,624
1,8,1364926222624,8,1364926222728,104,144,192,88
1,83,1364926222728,83,1364926222832,104,104,104,0
1,32,1364926222833,32,1364926222968,135,105,136,1
1,84,1364926222936,84,1364926223096,160,103,128,-32
1,72,1364926223000,72,1364926223120,120,64,24,-96
1,69,1364926223072,69,1364926223200,128,72,80,-48
1,32,1364926223152,32,1364926223320,168,80,120,-48
1,8,1364926223568,8,1364926224176,608,416,856,248
1,8,1364926224067,8,1364926226280,2213,499,2104,-109
1,8,1364926224100,8,1364926226488,2388,33,208,-2180
1,69,1364926226712,69,1364926226816,104,2612,328,224
1,32,1364926226792,32,1364926226896,104,80,80,-24
1,77,1364926226856,77,1364926226920,64,64,24,-40
1,65,1364926227032,65,1364926227208,176,176,288,112
1,78,1364926227136,78,1364926227208,72,104,0,-72
1,32,1364926227312,32,1364926227464,152,176,256,104
1,16,1364926229800,16,1364926229985,185,2488,2521,2336
1,72,1364926229888,72,1364926229985,97,88,0,-97
1,73,1364926230073,73,1364926230145,72,185,160,88
1,82,1364926230177,82,1364926230305,128,104,160,32
1,79,1364926230233,79,1364926230337,104,56,32,-72
1,32,1364926230305,32,1364926230472,167,72,135,-32
1,72,1364926230441,72,1364926230553,112,136,81,-31
1,65,1364926230553,65,1364926230745,192,112,192,0
1,68,1364926230681,68,1364926230905,224,128,160,-64
1,8,1364926231200,8,1364926231272,72,519,367,295
1,68,1364926231672,68,1364926231832,160,472,560,400
1,32,1364926231872,32,1364926231976,104,200,144,40
1,80,1364926231977,80,1364926232096,119,105,120,1
1,82,1364926232056,82,1364926232168,112,79,72,-40
1,69,1364926232128,69,1364926232200,72,72,32,-40
1,86,1364926232280,86,1364926232459,179,152,259,80
1,79,1364926232459,79,1364926232632,173,179,173,0
1,73,1364926232460,73,1364926232648,188,1,16,-172
1,85,1364926232608,85,1364926232720,112,148,72,-40
1,83,1364926232696,83,1364926232816,120,88,96,-24
1,76,1364926232817,76,1364926232920,103,121,104,1
1,89,1364926233000,89,1364926233112,112,183,192,80
1,32,1364926233072,32,1364926233216,144,72,104,-40
1,80,1364926233184,80,1364926233328,144,112,112,-32
1,8,1364926233936,8,1364926233992,56,752,664,608
1,8,1364926234088,8,1364926234152,64,152,160,96
1,8,1364926234232,8,1364926234304,72,144,152,80
1,8,1364926234376,8,1364926234456,80,144,152,72
1,8,1364926234520,8,1364926234608,88,144,152,64
1,8,1364926234640,8,1364926234736,96,120,128,32
1,8,1364926234816,8,1364926234880,64,176,144,80
1,8,1364926234952,8,1364926235040,88,136,160,72
1,73,1364926235224,73,1364926235464,240,272,424,184
1,79,1364926235320,79,1364926235465,145,96,1,-144
1,85,1364926235465,85,1364926235544,79,145,79,0
1,83,1364926235545,83,1364926235656,111,80,112,1
1,76,1364926235632,76,1364926235728,96,87,72,-24
1,89,1364926235824,89,1364926235920,96,192,192,96
1,32,1364926235936,32,1364926236080,144,112,160,16
1,80,1364926236192,80,1364926236320,128,256,240,112
1,69,1364926236320,69,1364926236384,64,128,64,0
1,71,1364926236680,71,1364926236744,64,360,360,296
1,71,1364926236824,71,1364926236896,72,144,152,80
1,69,1364926236992,69,1364926237064,72,168,168,96
1,68,1364926237168,68,1364926237288,120,176,224,104
1,32,1364926237288,32,1364926237424,136,120,136,0
1,65,1364926237424,65,1364926237600,176,136,176,0
1,83,1364926237544,83,1364926237664,120,120,64,-56
1,32,1364926239104,32,1364926239232,128,1560,1568,1440
1,84,1364926239232,84,1364926239368,136,128,136,0
1,72,1364926239288,72,1364926239408,120,56,40,-80
1,69,1364926239344,69,1364926239408,64,56,0,-64
1,32,1364926239368,32,1364926239520,152,24,112,-40
1,73,1364926239656,73,1364926239752,96,288,232,136
1,78,1364926239840,78,1364926239920,80,184,168,88
1,68,1364926240040,68,1364926240152,112,200,232,120
1,85,1364926240152,85,1364926240264,112,112,112,0
1,83,1364926240265,83,1364926240360,95,113,96,1
1,84,1364926240432,84,1364926240528,96,167,168,72
1,82,1364926240632,82,1364926240760,128,200,232,104
1,89,1364926240696,89,1364926240800,104,64,40,-64
1,32,1364926240776,32,1364926240928,152,80,128,-24
1,67,1364926241016,67,1364926241136,120,240,208,88
1,82,1364926241248,82,1364926241344,96,232,208,112
1,69,1364926241432,69,1364926241472,40,184,128,88
1,69,1364926241572,69,1364926241680,108,140,208,100
1,80,1364926241680,80,1364926241760,80,108,80,0
1,32,1364926241800,32,1364926241896,96,120,136,40
1,79,1364926241896,79,1364926242000,104,96,104,0
1,78,1364926241968,78,1364926242104,136,72,104,-32
1,32,1364926242048,32,1364926242176,128,80,72,-56
1,86,1364926242264,86,1364926242432,168,216,256,88
1,65,1364926242552,65,1364926243608,1056,288,1176,120
1,67,1364926243608,67,1364926243611,3,1056,3,0
1,8,1364926244352,8,1364926244416,64,744,805,741
1,8,1364926244518,8,1364926244584,66,166,168,102
1,67,1364926244704,67,1364926244808,104,186,224,120
1,65,1364926244832,65,1364926244960,128,128,152,24
1,84,1364926245032,84,1364926245168,136,200,208,72
1,73,1364926245072,73,1364926245240,168,40,72,-96
1,79,1364926245136,79,1364926245272,136,64,32,-104
1,78,1364926245240,78,1364926245376,136,104,104,-32
1,190,1364926246848,190,1364926247000,152,1608,1624,1472
1,32,1364926246976,32,1364926247064,88,128,64,-24
1,16,1364926247168,16,1364926247320,152,192,256,104
1,72,1364926247272,72,1364926247360,88,104,40,-48
1,69,1364926247417,69,1364926247521,104,145,161,57
1,222,1364926247521,222,1364926247625,104,104,104,0
1,83,1364926247625,83,1364926247721,96,104,96,0
1,32,1364926247721,32,1364926247865,144,96,144,0
1,73,1364926248170,73,1364926248257,87,449,392,305
1,77,1364926248353,77,1364926248481,128,183,224,96
1,80,1364926248537,80,1364926248625,88,184,144,56
1,69,1364926248656,69,1364926248737,81,119,112,31
1,67,1364926248840,67,1364926248921,81,184,184,103
1,67,1364926249009,67,1364926249121,112,169,200,88
1,65,1364926249161,65,1364926249305,144,152,184,40
1,66,1364926249305,66,1364926249385,80,144,80,0
1,76,1364926249425,76,1364926249576,151,120,191,40
1,89,1364926249672,89,1364926249768,96,247,192,96
1,32,1364926249769,32,1364926249912,143,97,144,1
1,68,1364926249937,68,1364926250032,95,168,120,25
1,82,1364926250160,82,1364926250272,112,223,240,128
1,69,1364926250232,69,1364926250352,120,72,80,-40
1,83,1364926250489,83,1364926250528,39,257,176,137
1,83,1364926250617,83,1364926250705,88,128,177,89
1,69,1364926250776,69,1364926250840,64,159,135,71
1,68,1364926250944,68,1364926251080,136,168,240,104
1,32,1364926251048,32,1364926251120,72,104,40,-32
1,73,1364926251120,73,1364926251200,80,72,80,0
1,78,1364926251289,78,1364926251377,88,169,177,89
1,32,1364926251377,32,1364926251400,23,88,23,0
1,65,1364926251441,65,1364926251537,96,64,137,41
1,32,1364926251576,32,1364926251744,168,135,207,39
1,66,1364926252232,66,1364926252328,96,656,584,488
1,76,1364926252400,76,1364926252544,144,168,216,72
1,65,1364926252496,65,1364926252608,112,96,64,-48
1,67,1364926252641,67,1364926252784,143,145,176,33
1,75,1364926252784,75,1364926252872,88,143,88,0
1,32,1364926252906,32,1364926253056,150,122,184,34
1,83,1364926253384,83,1364926253448,64,478,392,328
1,85,1364926253576,85,1364926253696,120,192,248,128
1,73,1364926253672,73,1364926253801,129,96,105,-24
1,84,1364926253816,84,1364926253896,80,144,95,15
1,188,1364926254016,188,1364926254145,129,200,249,120
1,32,1364926254145,32,1364926254312,167,129,167,0
1,65,1364926254408,65,1364926254552,144,263,240,96
1,78,1364926254464,78,1364926254584,120,56,32,-88
1,68,1364926254552,68,1364926254696,144,88,112,-32
1,32,1364926254672,32,1364926254832,160,120,136,-24
1,72,1364926254969,72,1364926255056,87,297,224,137
1,65,1364926255040,65,1364926255128,88,71,72,-16
1,8,1364926255504,8,1364926255568,64,464,440,376
1,69,1364926255608,69,1364926255713,105,104,145,40
1,32,1364926255713,32,1364926255848,135,105,135,0
1,72,1364926255872,72,1364926256000,128,159,152,24
1,65,1364926255968,65,1364926256128,160,96,128,-32
1,83,1364926256080,83,1364926256192,112,112,64,-48
1,32,1364926257392,32,1364926257560,168,1312,1368,1200
1,65,1364926257768,65,1364926257896,128,376,336,208
1,32,1364926257968,32,1364926258121,153,200,225,72
1,71,1364926258104,71,1364926258256,152,136,135,-17
1,76,1364926258232,76,1364926258320,88,128,64,-24
1,65,1364926258240,65,1364926258384,144,8,64,-80
1,83,1364926258648,83,1364926258752,104,408,368,264
1,83,1364926258832,83,1364926258960,128,184,208,80
1,32,1364926258960,32,1364926259152,192,128,192,0
1,69,1364926259161,69,1364926259264,103,201,112,9
1,89,1364926259264,89,1364926259368,104,103,104,0
1,69,1364926259368,69,1364926259480,112,104,112,0
1,190,1364926260080,190,1364926260224,144,712,744,600
1,32,1364926260192,32,1364926260264,72,112,40,-32
1,16,1364926260344,16,1364926260512,168,152,248,80
1,72,1364926260458,72,1364926260560,102,114,48,-54
1,69,1364926260640,69,1364926260760,120,182,200,80
1,32,1364926260760,32,1364926260953,193,120,193,0
1,72,1364926260976,72,1364926261088,112,216,135,23
1,65,1364926261066,65,1364926261272,206,90,184,-22
1,83,1364926261208,83,1364926261304,96,142,32,-64
1,32,1364926261304,32,1364926261416,112,96,112,0
1,78,1364926261440,78,1364926261568,128,136,152,24
1,79,1364926261536,79,1364926261656,120,96,88,-32
1,84,1364926261664,84,1364926261784,120,128,128,8
1,32,1364926263080,32,1364926263192,112,1416,1408,1296
1,66,1364926263457,66,1364926263560,103,377,368,265
1,79,1364926263560,79,1364926263672,112,103,112,0
1,84,1364926263672,84,1364926263784,112,112,112,0
1,72,1364926263784,72,1364926263928,144,112,144,0
1,69,1364926263856,69,1364926263928,72,72,0,-72
1,82,1364926263936,82,1364926264072,136,80,144,8
1,69,1364926264072,69,1364926264176,104,136,104,0
1,68,1364926264294,68,1364926264440,146,222,264,118
1,32,1364926264423,32,1364926264568,145,129,128,-17
1,84,1364926264631,84,1364926264784,153,208,216,63
1,79,1364926264688,79,1364926264784,96,57,0,-96
1,32,1364926264744,32,1364926264921,177,56,137,-40
1,73,1364926264961,73,1364926265048,87,217,127,40
1,78,1364926265152,78,1364926265257,105,191,209,104
1,84,1364926265521,84,1364926265616,95,369,359,264
1,82,1364926265713,82,1364926265833,120,192,217,97
1,79,1364926265745,79,1364926265873,128,32,40,-88
1,68,1364926265929,68,1364926266057,128,184,184,56
1,85,1364926266057,85,1364926266160,103,128,103,0
1,67,1364926266129,67,1364926266265,136,72,105,-31
1,69,1364926266304,69,1364926266432,128,175,167,39
1,32,1364926266496,32,1364926266673,177,192,241,64
1,72,1364926266648,72,1364926266745,97,152,72,-25
1,73,1364926266768,73,1364926266880,112,120,135,23
1,77,1364926266930,77,1364926267080,150,162,200,50
1,83,1364926267040,83,1364926267128,88,110,48,-40
1,69,1364926267200,69,1364926267304,104,160,176,72
1,76,1364926267264,76,1364926267360,96,64,56,-40
1,70,1364926267381,70,1364926267512,131,117,152,21
1,188,1364926268416,188,1364926268536,120,1035,1024,904
1,32,1364926268536,32,1364926268672,136,120,136,0
1,65,1364926268728,65,1364926268872,144,192,200,56
1,83,1364926268840,83,1364926268968,128,112,96,-32
1,32,1364926268928,32,1364926269072,144,88,104,-40
1,72,1364926269112,72,1364926269224,112,184,152,40
1,84,1364926269152,84,1364926269312,160,40,88,-72
1,8,1364926269792,8,1364926269832,40,640,520,480
1,8,1364926269904,8,1364926269984,80,112,152,72
1,84,1364926270000,84,1364926270136,136,96,152,16
1,72,1364926270104,72,1364926270200,96,104,64,-32
1,79,1364926270168,79,1364926270312,144,64,112,-32
1,85,1364926270312,85,1364926270376,64,144,64,0
1,71,1364926270416,71,1364926270528,112,104,152,40
1,72,1364926270528,72,1364926270624,96,112,96,0
1,32,1364926270640,32,1364926270776,136,112,152,16
1,72,1364926271056,72,1364926271168,112,416,392,280
1,69,1364926271136,69,1364926271264,128,80,96,-32
1,222,1364926271312,222,1364926271432,120,176,168,48
1,83,1364926271408,83,1364926271504,96,96,72,-24
1,32,1364926271505,32,1364926271632,127,97,128,1
1,69,1364926271904,69,1364926271997,93,399,365,272
1,88,1364926272088,88,1364926272216,128,184,219,91
1,80,1364926272184,80,1364926272288,104,96,72,-32
1,69,1364926272320,69,1364926272416,96,136,128,32
1,67,1364926272504,67,1364926272632,128,184,216,88
1,84,1364926272752,84,1364926272856,104,248,224,120
1,73,1364926272816,73,1364926272936,120,64,80,-40
1,78,1364926272945,78,1364926273048,103,129,112,9
1,71,1364926273016,71,1364926273144,128,71,96,-32
1,32,1364926273144,32,1364926273296,152,128,152,0
1,16,1364926273680,16,1364926273848,168,536,552,384
1,72,1364926273752,72,1364926273848,96,72,0,-96
1,73,1364926273888,73,1364926273984,96,136,136,40
1,82,1364926274000,82,1364926274112,112,112,128,16
1,79,1364926274072,79,1364926274176,104,72,64,-40
1,32,1364926274145,32,1364926274264,119,73,88,-31
1,84,1364926274240,84,1364926274376,136,95,112,-24
1,79,1364926274296,79,1364926274376,80,56,0,-80
1,32,1364926274376,32,1364926274488,112,80,112,0
1,75,1364926274464,75,1364926274656,192,88,168,-24
1,78,1364926274624,78,1364926274728,104,160,72,-32
1,79,1364926274656,79,1364926274776,120,32,48,-72
1,87,1364926274728,87,1364926274808,80,72,32,-48
1,32,1364926274808,32,1364926274952,144,80,144,0
1,83,1364926275016,83,1364926275152,136,208,200,64
1,72,1364926275072,72,1364926275176,104,56,24,-80
1,79,1364926275128,79,1364926275240,112,56,64,-48
1,8,1364926275448,8,1364926275496,48,320,256,208
1,8,1364926275586,8,1364926275680,94,138,184,90
1,87,1364926275800,87,1364926275936,136,214,256,120
1,8,1364926276072,8,1364926276112,40,272,176,136
1,8,1364926276200,8,1364926276272,72,128,160,88
1,87,1364926276392,87,1364926276528,136,192,256,120
1,72,1364926276496,72,1364926276632,136,104,104,-32
1,79,1364926276592,79,1364926276656,64,96,24,-40
1,32,1364926276656,32,1364926276792,136,64,136,0
1,72,1364926278088,72,1364926278208,120,1432,1416,1296
1,69,1364926278176,69,1364926278288,112,88,80,-32
1,32,1364926278264,32,1364926278360,96,88,72,-24
1,73,1364926278360,73,1364926278464,104,96,104,0
1,83,1364926278440,83,1364926278520,80,80,56,-24
1,32,1364926278504,32,1364926278651,147,64,131,-16
1,65,1364926278651,65,1364926278752,101,147,101,0
1,76,1364926278656,76,1364926278784,128,5,32,-96
1,82,1364926278816,82,1364926278984,168,160,200,32
1,69,1364926278912,69,1364926279024,112,96,40,-72
1,65,1364926278984,65,1364926279144,160,72,120,-40
1,68,1364926279144,68,1364926279280,136,160,136,0
1,89,1364926279208,89,1364926279280,72,64,0,-72
1,190,1364926279448,190,1364926279552,104,240,272,168
1,69,1365113472495,69,1365113472583,88,136,88,0
1,32,1365113472543,32,1365113472679,136,48,96,-40
1,16,1365113472991,16,1365113473159,168,448,480,312
1,83,1365113473087,83,1365113473159,72,96,0,-72
1,73,1365113473279,73,1365113473383,104,192,224,120
1,90,1365113473415,90,1365113473511,96,136,128,32
1,8,1365113473911,8,1365113473975,64,496,464,400
1,88,1365113473976,88,1365113474087,111,65,112,1
1,69,1365113474215,69,1365113474319,104,239,232,128
1,82,1365113474287,82,1365113474403,116,72,84,-32
1,32,1365113475031,32,1365113475175,144,744,772,628
1,71,1365113475375,71,1365113475471,96,344,296,200
1,82,1365113475599,82,1365113475767,168,224,296,128
1,79,1365113475679,79,1365113475783,104,80,16,-88
1,85,1365113475743,85,1365113475799,56,64,16,-40
1,78,1365113475951,78,1365113476055,104,208,256,152
1,68,1365113476031,68,1365113476151,120,80,96,-24
1,32,1365113476119,32,1365113476263,144,88,112,-32
1,70,1365113476263,70,1365113476359,96,144,96,0
1,79,1365113476343,79,1365113476446,103,80,87,-16
1,82,1365113476470,82,1365113476566,96,127,120,24
1,67,1365113476687,67,1365113476847,160,217,281,121
1,69,1365113476847,69,1365113476958,111,160,111,0
1,83,1365113476910,83,1365113476998,88,63,40,-48
1,32,1365113476934,32,1365113477102,168,24,104,-64
1,67,1365113477207,67,1365113477343,136,273,241,105
1,76,1365113477271,76,1365113477343,72,64,0,-72
1,79,1365113477448,79,1365113477551,103,177,208,105
1,83,1365113477551,83,1365113477695,144,103,144,0
1,73,1365113477654,73,1365113477775,121,103,80,-41
1,78,1365113477775,78,1365113477902,127,121,127,0
1,71,1365113477887,71,1365113478015,128,112,113,-15
1,32,1365113478015,32,1365113478150,135,128,135,0
1,73,1365113478456,73,1365113478527,71,441,377,306
1,78,1365113478616,78,1365113478679,63,160,152,89
1,32,1365113478735,32,1365113478847,112,119,168,56
1,79,1365113478903,79,1365113478991,88,168,144,56
1,78,1365113478959,78,1365113479071,112,56,80,-32
1,32,1365113479096,32,1365113479215,119,137,144,25
1,72,1365113479216,72,1365113479311,95,120,96,1
1,73,1365113479312,73,1365113479383,71,96,72,1
1,77,1365113479448,77,1365113479583,135,136,200,65
1,32,1365113479551,32,1365113479655,104,103,72,-32
1,70,1365113479631,70,1365113479719,88,80,64,-24
1,82,1365113479832,82,1365113479959,127,201,240,113
1,79,1365113479848,79,1365113479960,112,16,1,-111
1,90,1365113480455,90,1365113480583,128,607,623,495
1,69,1365113480839,69,1365113480935,96,384,352,256
1,32,1365113480991,32,1365113481119,128,152,184,56
1,73,1365113481151,73,1365113481223,72,160,104,32
1,78,1365113481319,78,1365113481423,104,168,200,96
1,32,1365113481719,32,1365113481831,112,400,408,296
1,84,1365113481879,84,1365113482047,168,160,216,48
1,72,1365113481927,72,1365113482047,120,48,0,-120
1,69,1365113482007,69,1365113482127,120,80,80,-40
1,32,1365113482095,32,1365113482231,136,88,104,-32
1,8,1365113482400,8,1365113482447,47,305,216,169
1,8,1365113482535,8,1365113482575,40,135,128,88
1,73,1365113482743,73,1365113482791,48,208,216,168
1,8,1365113482983,8,1365113483039,56,240,248,192
1,69,1365113483135,69,1365113483239,104,152,200,96
1,73,1365113483215,73,1365113483327,112,80,88,-24
1,82,1365113483328,82,1365113483439,111,113,112,1
1,32,1365113483424,32,1365113483535,111,96,96,-15
1,84,1365113483671,84,1365113483751,80,247,216,136
1,82,1365113483871,82,1365113484015,144,200,264,120
1,65,1365113484015,65,1365113484151,136,144,136,0
1,67,1365113484231,67,1365113484359,128,216,208,80
1,75,1365113484271,75,1365113484383,112,40,24,-88
1,83,1365113484415,83,1365113484503,88,144,120,32
1,188,1365113485391,188,1365113485503,112,976,1000,888
1,32,1365113485504,32,1365113485639,135,113,136,1
1,83,1365113485639,83,1365113485727,88,135,88,0
1,84,1365113485799,84,1365113485903,104,160,176,72
1,65,1365113485991,65,1365113486159,168,192,256,88
1,82,1365113486031,82,1365113486223,192,40,64,-128
1,73,1365113486727,73,1365113486839,112,696,616,504
1,78,1365113486871,78,1365113486999,128,144,160,32
1,71,1365113486959,71,1365113487079,120,88,80,-40
1,32,1365113487047,32,1365113487199,152,88,120,-32
1,73,1365113487615,73,1365113487703,88,568,504,416
1,78,1365113487759,78,1365113487855,96,144,152,56
1,32,1365113487855,32,1365113487911,56,96,56,0
1,8,1365113488191,8,1365113488239,48,336,328,280
1,8,1365113488335,8,1365113488399,64,144,160,96
1,8,1365113488511,8,1365113488535,24,176,136,112
1,85,1365113489039,85,1365113489159,120,528,624,504
1,80,1365113489111,80,1365113489239,128,72,80,-48
1,32,1365113489223,32,1365113489359,136,112,120,-16
1,73,1365113489431,73,1365113489527,96,208,168,72
1,78,1365113489527,78,1365113489655,128,96,128,0
1,32,1365113489679,32,1365113489807,128,152,152,24
1,70,1365113489871,70,1365113489975,104,192,168,64
1,82,1365113490095,82,1365113490215,120,224,240,120
1,73,1365113490183,73,1365113490287,104,88,72,-32
1,71,1365113490344,71,1365113490455,111,161,168,57
1,72,1365113490431,72,1365113490535,104,87,80,-24
1,84,1365113490631,84,1365113490783,152,200,248,96
1,69,1365113490767,69,1365113490887,120,136,104,-16
1,78,1365113490935,78,1365113490959,24,168,72,48
1,69,1365113491503,69,1365113491567,64,568,608,544
1,68,1365113491695,68,1365113491815,120,192,248,128
1,32,1365113491816,32,1365113491951,135,121,136,1
1,65,1365113492407,65,1365113492495,88,591,544,456
1,87,1365113492647,87,1365113492767,120,240,272,152
1,69,1365113492807,69,1365113492959,152,160,192,40
1,32,1365113493015,32,1365113493167,152,208,208,56
1,65,1365113493135,65,1365113493311,176,120,144,-32
1,83,1365113493247,83,1365113493390,143,112,79,-64
1,32,1365113493407,32,1365113493575,168,160,185,17
1,76,1365113494335,76,1365113494455,120,928,880,760
1,84,1365113494455,84,1365113494527,72,120,72,0
1,82,1365113494631,82,1365113494751,120,176,224,104
1,65,1365113494727,65,1365113494839,112,96,88,-24
1,77,1365113494839,77,1365113494918,79,112,79,0
1,65,1365113494943,65,1365113495063,120,104,145,25
1,78,1365113495063,78,1365113495134,71,120,71,0
1,32,1365113495302,32,1365113495423,121,239,289,168
1,16,1365113496079,16,1365113496256,177,777,833,656
1,68,1365113496167,68,1365113496264,97,88,8,-89
1,65,1365113496336,65,1365113496456,120,169,192,72
1,73,1365113496416,73,1365113496520,104,80,64,-40
1,84,1365113496584,84,1365113496695,111,168,175,64
1,79,1365113496655,79,1365113496743,88,71,48,-40
1,32,1365113496863,32,1365113496999,136,208,256,120
1,83,1365113497119,83,1365113497223,104,256,224,120
1,78,1365113497248,78,1365113497352,104,129,129,25
1,65,1365113497352,65,1365113497464,112,104,112,0
1,84,1365113497920,84,1365113498015,95,568,551,456
1,67,1365113498151,67,1365113498279,128,231,264,136
1,72,1365113498231,72,1365113498311,80,80,32,-48
1,69,1365113498367,69,1365113498423,56,136,112,56
1,68,1365113498551,68,1365113498639,88,184,216,128
1,32,1365113498671,32,1365113498783,112,120,144,32
1,84,1365113499288,84,1365113499391,103,617,608,505
1,87,1365113499519,87,1365113499623,104,231,232,128
1,79,1365113499623,79,1365113499719,96,104,96,0
1,32,1365113500775,32,1365113500887,112,1152,1168,1056
1,71,1365113500999,71,1365113501111,112,224,224,112
1,85,1365113501111,85,1365113501167,56,112,56,0
1,78,1365113501295,78,1365113501391,96,184,224,128
1,83,1365113501359,83,1365113501495,136,64,104,-32
1,72,1365113501495,72,1365113501543,48,136,48,0
1,73,1365113501519,73,1365113501607,88,24,64,-24
1,80,1365113501703,80,1365113501815,112,184,208,96
1,83,1365113501791,83,1365113501879,88,88,64,-24
1,32,1365113501879,32,1365113501991,112,88,112,0
1,79,1365113502007,79,1365113502104,97,128,113,16
1,85,1365113502104,85,1365113502215,111,97,111,0
1,84,1365113502183,84,1365113502279,96,79,64,-32
1,32,1365113502247,32,1365113502343,96,64,64,-32
1,79,1365113502367,79,1365113502487,120,120,144,24
1,70,1365113502463,70,1365113502567,104,96,80,-24
1,32,1365113502543,32,1365113502663,120,80,96,-24
1,84,1365113502687,84,1365113502807,120,144,144,24
1,72,1365113502743,72,1365113502839,96,56,32,-64
1,69,1365113502775,69,1365113502895,120,32,56,-64
1,32,1365113502863,32,1365113503015,152,88,120,-32
1,83,1365113502991,83,1365113503111,120,128,96,-24
1,75,1365113503039,75,1365113503143,104,48,32,-72
1,89,1365113503271,89,1365113503367,96,232,224,128
1,32,1365113503383,32,1365113503535,152,112,168,16
1,65,1365113503535,65,1365113503687,152,152,152,0
1,78,1365113503615,78,1365113503735,120,80,48,-72
1,68,1365113503687,68,1365113503807,120,72,72,-48
1,32,1365113503807,32,1365113503903,96,120,96,0
1,83,1365113503903,83,1365113504023,120,96,120,0
1,77,1365113504023,77,1365113504127,104,120,104,0
1,65,1365113504127,65,1365113504231,104,104,104,0
1,83,1365113504383,83,1365113504487,104,256,256,152
1,72,1365113504487,72,1365113504591,104,104,104,0
1,69,1365113504631,69,1365113504703,72,144,112,40
1,68,1365113504815,68,1365113504935,120,184,232,112
1,32,1365113504935,32,1365113505087,152,120,152,0
1,69,1365113505319,69,1365113505423,104,384,336,232
1,77,1365113505458,77,1365113505551,93,139,128,35
1,32,1365113505599,32,1365113505719,120,141,168,48
1,84,1365113506063,84,1365113506079,16,464,360,344
1,79,1365113506079,79,1365113506199,120,16,120,0
1,71,1365113506263,71,1365113506375,112,184,176,64
1,69,1365113506495,69,1365113506607,112,232,232,120
1,84,1365113506983,84,1365113507087,104,488,480,376
1,72,1365113507088,72,1365113507167,79,105,80,1
1,69,1365113507167,69,1365113507263,96,79,96,0
1,82,1365113507223,82,1365113507335,112,56,72,-40
1,190,1365113507983,190,1365113508095,112,760,760,648
1,32,1365113508095,32,1365113508216,121,112,121,0
1,76,1365113508463,76,1365113508543,80,368,327,247
1,73,1365113508623,73,1365113508703,80,160,160,80
1,75,1365113508833,75,1365113508935,102,210,232,130
1,69,1365113508935,69,1365113509031,96,102,96,0
1,32,1365113509031,32,1365113509135,104,96,104,0
1,8,1365113509503,8,1365113509551,48,472,416,368
1,8,1365113509655,8,1365113509703,48,152,152,104
1,8,1365113509791,8,1365113509855,64,136,152,88
1,8,1365113509935,8,1365113509999,64,144,144,80
1,8,1365113510079,8,1365113510127,48,144,128,80
1,8,1365113510343,8,1365113510447,104,264,320,216
1,8,1365113510511,8,1365113510583,72,168,136,64
1,188,1365113510743,188,1365113510831,88,232,248,160
1,32,1365113510831,32,1365113510943,112,88,112,0
1,76,1365113510959,76,1365113511047,88,128,104,16
1,73,1365113511135,73,1365113511191,56,176,144,88
1,75,1365113511303,75,1365113511431,128,168,240,112
1,69,1365113511383,69,1365113511487,104,80,56,-48
1,32,1365113511479,32,1365113511583,104,96,96,-8
1,65,1365113511647,65,1365113511719,72,168,136,64
1,32,1365113511679,32,1365113511807,128,32,88,-40
1,67,1365113513895,67,1365113514071,176,2216,2264,2088
1,72,1365113514015,72,1365113514127,112,120,56,-56
1,73,1365113514072,73,1365113514207,135,57,80,-55
1,8,1365113514503,8,1365113514567,64,431,360,296
1,8,1365113514679,8,1365113514743,64,176,176,112
1,8,1365113514847,8,1365113514927,80,168,184,104
1,71,1365113515127,71,1365113515263,136,280,336,200
1,73,1365113515264,73,1365113515383,119,137,120,1
1,65,1365113515431,65,1365113515583,152,167,200,48
1,78,1365113515543,78,1365113515639,96,112,56,-40
1,84,1365113515727,84,1365113515855,128,184,216,88
1,32,1365113515815,32,1365113515935,120,88,80,-40
1,67,1365113516031,67,1365113516207,176,216,272,96
1,72,1365113516104,72,1365113516207,103,73,0,-103
1,73,1365113516175,73,1365113516239,64,71,32,-32
1,76,1365113516311,76,1365113516399,88,136,160,72
1,68,1365113516399,68,1365113516479,80,88,80,0
1,32,1365113516479,32,1365113516591,112,80,112,0
1,80,1365113516696,80,1365113516751,55,217,160,105
1,76,1365113516887,76,1365113516983,96,191,232,136
1,65,1365113517015,65,1365113517119,104,128,136,32
1,89,1365113517120,89,1365113517255,135,105,136,1
1,73,1365113517295,73,1365113517399,104,175,144,40
1,78,1365113517527,78,1365113517655,128,232,256,128
1,71,1365113517671,71,1365113517759,88,144,104,16
1,32,1365113517759,32,1365113517863,104,88,104,0
1,87,1365113518615,87,1365113518727,112,856,864,752
1,73,1365113518703,73,1365113518767,64,88,40,-24
1,84,1365113518823,84,1365113518927,104,120,160,56
1,72,1365113518887,72,1365113518991,104,64,64,-40
1,32,1365113518951,32,1365113519072,121,64,81,-40
1,84,1365113519047,84,1365113519167,120,96,95,-25
1,87,1365113519167,87,1365113519279,112,120,112,0
1,79,1365113519231,79,1365113519335,104,64,56,-48
1,32,1365113519351,32,1365113519511,160,120,176,16
1,84,1365113519607,84,1365113519751,144,256,240,96
1,73,1365113519663,73,1365113519751,88,56,0,-88
1,78,1365113519791,78,1365113519879,88,128,128,40
1,89,1365113520039,89,1365113520135,96,248,256,160
1,32,1365113520135,32,1365113520279,144,96,144,0
1,77,1365113520319,77,1365113520383,64,184,104,40
1,69,1365113520343,69,1365113520423,80,24,40,-40
1,84,1365113520439,84,1365113520551,112,96,128,16
1,65,1365113520519,65,1365113520695,176,80,144,-32
1,76,1365113520623,76,1365113520735,112,104,40,-72
1,32,1365113520711,32,1365113520839,128,88,104,-24
1,84,1365113520815,84,1365113520951,136,104,112,-24
1,79,1365113520999,79,1365113521087,88,184,136,48
1,89,1365113521167,89,1365113521271,104,168,184,80
1,83,1365113521271,83,1365113521359,88,104,88,0
1,190,1365113522319,190,1365113522367,48,1048,1008,960
1,32,1365113522431,32,1365113522535,104,112,168,64
1,69,1365113523351,69,1365113523487,136,920,952,816
1,32,1365113523487,32,1365113523606,119,136,119,0
1,68,1365113524095,68,1365113524199,104,608,593,489
1,82,1365113524295,82,1365113524423,128,200,224,96
1,79,1365113524343,79,1365113524423,80,48,0,-80
1,80,1365113524551,80,1365113524615,64,208,192,128
1,80,1365113524703,80,1365113524807,104,152,192,88
1,69,1365113524823,69,1365113524871,48,120,64,16
1,68,1365113524983,68,1365113525103,120,160,232,112
1,32,1365113525096,32,1365113525223,127,113,120,-7
1,84,1365113525199,84,1365113525335,136,103,112,-24
1,72,1365113525271,72,1365113525367,96,72,32,-64
1,69,1365113525295,69,1365113525391,96,24,24,-72
1,32,1365113525367,32,1365113525479,112,72,88,-24
1,70,1365113525527,70,1365113525655,128,160,176,48
1,76,1365113525607,76,1365113525711,104,80,56,-48
1,65,1365113525791,65,1365113525911,120,184,200,80
1,77,1365113525903,77,1365113526023,120,112,112,-8
1,73,1365113526087,73,1365113526183,96,184,160,64
1,78,1365113526167,78,1365113526335,168,80,152,-16
1,71,1365113526287,71,1365113526407,120,120,72,-48
1,32,1365113526407,32,1365113526559,152,120,152,0
1,87,1365113527071,87,1365113527199,128,664,640,512
1,82,1365113527391,82,1365113527503,112,320,304,192
1,69,1365113527471,69,1365113527567,96,80,64,-32
1,75,1365113527631,75,1365113527695,64,160,128,64
1,8,1365113528127,8,1365113528191,64,496,496,432
1,67,1365113528191,67,1365113528335,144,64,144,0
1,75,1365113528336,75,1365113528407,71,145,72,1
1,65,1365113528423,65,1365113528527,104,87,120,16
1,71,1365113528601,71,1365113528679,78,178,152,74
1,69,1365113528775,69,1365113528871,96,174,192,96
1,32,1365113529543,32,1365113529646,103,768,775,672
1,84,1365113529919,84,1365113530038,119,376,392,273
1,79,1365113529999,79,1365113530095,96,80,57,-39
1,32,1365113530095,32,1365113530190,95,96,95,0
1,84,1365113530174,84,1365113530303,129,79,113,-16
1,72,1365113530247,72,1365113530375,128,73,72,-56
1,69,1365113530303,69,1365113530375,72,56,0,-72
1,32,1365113530335,32,1365113530470,135,32,95,-40
1,71,1365113530518,71,1365113530622,104,183,152,48
1,82,1365113530710,82,1365113530895,185,192,273,88
1,79,1365113530798,79,1365113530896,98,88,1,-97
1,85,1365113530856,85,1365113530943,87,58,47,-40
1,78,1365113531127,78,1365113531239,112,271,296,184
1,68,1365113531184,68,1365113531319,135,57,80,-55
1,32,1365113531351,32,1365113531487,136,167,168,32
1,87,1365113531567,87,1365113531655,88,216,168,80
1,78,1365113531711,78,1365113531783,72,144,128,56
1,8,1365113531975,8,1365113532031,56,264,248,192
1,8,1365113532135,8,1365113532215,80,160,184,104
1,65,1365113532296,65,1365113532431,135,161,216,81
1,78,1365113532432,78,1365113532511,79,136,80,1
1,68,1365113532511,68,1365113532601,90,79,90,0
1,32,1365113532591,32,1365113532719,128,80,118,-10
1,66,1365113532743,66,1365113532831,88,152,112,24
1,69,1365113532831,69,1365113532903,72,88,72,0
1,71,1365113532983,71,1365113533111,128,152,208,80
1,85,1365113533111,85,1365113533151,40,128,40,0
1,78,1365113533311,78,1365113533399,88,200,248,160
1,32,1365113533527,32,1365113533639,112,216,240,128
1,8,1365113534815,8,1365113534887,72,1288,1248,1176
1,8,1365113534999,8,1365113535071,72,184,184,112
1,8,1365113535207,8,1365113535303,96,208,232,136
1,65,1365113535415,65,1365113535543,128,208,240,112
1,78,1365113535503,78,1365113535615,112,88,72,-40
1,32,1365113535639,32,1365113535719,80,136,104,24
1,84,1365113535759,84,1365113535895,136,120,176,40
1,79,1365113535831,79,1365113535927,96,72,32,-64
1,32,1365113535896,32,1365113536079,183,65,152,-31
1,83,1365113536087,83,1365113536159,72,191,80,8
1,87,1365113536343,87,1365113536399,56,256,240,184
1,65,1365113536503,65,1365113536647,144,160,248,104
1,84,1365113536687,84,1365113536759,72,184,112,40
1,32,1365113536727,32,1365113536871,144,40,112,-32
1,79,1365113536975,79,1365113537079,104,248,208,104
1,84,1365113537063,84,1365113537199,136,88,120,-16
1,72,1365113537199,72,1365113537335,136,136,136,0
1,69,1365113537295,69,1365113537415,120,96,80,-40
1,82,1365113537367,82,1365113537487,120,72,72,-48
1,32,1365113537487,32,1365113537607,120,120,120,0
1,73,1365113538335,73,1365113538479,144,848,872,728
1,90,1365113538543,90,1365113538655,112,208,176,64
1,8,1365113538943,8,1365113539047,104,400,392,288
1,88,1365113539055,88,1365113539167,112,112,120,8
1,69,1365113539383,69,1365113539551,168,328,384,216
1,82,1365113539583,82,1365113539719,136,200,168,32
1,32,1365113539719,32,1365113539863,144,136,144,0
1,71,1365113540071,71,1365113540159,88,352,296,208
1,82,1365113540271,82,1365113540399,128,200,240,112
1,8,1365113540567,8,1365113540631,64,296,232,168
1,8,1365113540719,8,1365113540791,72,152,160,88
1,85,1365113540959,85,1365113541023,64,240,232,168
1,8,1365113541303,8,1365113541367,64,344,344,280
1,71,1365113541415,71,1365113541535,120,112,168,48
1,85,1365113541495,85,1365113541559,64,80,24,-40
1,78,1365113541695,78,1365113541791,96,200,232,136
1,83,1365113541831,83,1365113541951,120,136,160,40
1,72,1365113541911,72,1365113542007,96,80,56,-40
1,73,1365113541951,73,1365113542063,112,40,56,-56
1,80,1365113542119,80,1365113542199,80,168,136,56
1,83,1365113542255,83,1365113542327,72,136,128,56
1,32,1365113542327,32,1365113542455,128,72,128,0
1,79,1365113542799,79,1365113542887,88,472,432,344
1,85,1365113542887,85,1365113542999,112,88,112,0
1,84,1365113542967,84,1365113543063,96,80,64,-32
1,32,1365113543023,32,1365113543159,136,56,96,-40
1,79,1365113543159,79,1365113543279,120,136,120,0
1,70,1365113543279,70,1365113543343,64,120,64,0
1,32,1365113543311,32,1365113543423,112,32,80,-32
1,69,1365113543591,69,1365113543727,136,280,304,168
1,32,1365113543695,32,1365113543863,168,104,136,-32
1,83,1365113543847,83,1365113543983,136,152,120,-16
1,75,1365113543919,75,1365113544031,112,72,48,-64
1,89,1365113544167,89,1365113544255,88,248,224,136
1,32,1365113544583,32,1365113544703,120,416,448,328
1,76,1365113544751,76,1365113544847,96,168,144,48
1,73,1365113544935,73,1365113544991,56,184,144,88
1,75,1365113545107,75,1365113545231,124,172,240,116
1,69,1365113545151,69,1365113545231,80,44,0,-80
1,32,1365113545231,32,1365113545351,120,80,120,0
1,66,1365113545327,66,1365113545447,120,96,96,-24
1,79,1365113545391,79,1365113545487,96,64,40,-56
1,84,1365113545487,84,1365113545615,128,96,128,0
1,72,1365113545615,72,1365113545751,136,128,136,0
1,69,1365113545655,69,1365113545751,96,40,0,-96
1,82,1365113545711,82,1365113545807,96,56,56,-40
1,83,1365113545847,83,1365113545975,128,136,168,40
1,79,1365113545895,79,1365113546015,120,48,40,-80
1,77,1365113545992,77,1365113546143,151,97,128,-23
1,69,1365113546063,69,1365113546143,80,71,0,-80
1,32,1365113546143,32,1365113546207,64,80,64,0
1,73,1365113546455,73,1365113546551,96,312,344,248
1,69,1365113546527,69,1365113546630,103,72,79,-24
1,83,1365113546583,83,1365113546703,120,56,73,-47
1,190,1365113546799,190,1365113546902,103,216,199,96
2,73,1363368401699,73,1363368401754,55,144,6,-49
2,84,1363368401843,84,1363368401915,72,144,161,89
2,32,1363368401939,32,1363368402018,79,96,103,24
2,87,1363368402051,87,1363368402123,72,112,105,33
2,65,1363368402242,65,1363368402330,88,191,207,119
2,83,1363368402450,83,1363368402557,107,208,227,120
2,32,1363368402530,32,1363368402610,80,80,53,-27
2,84,1363368402651,84,1363368402717,66,121,107,41
2,72,1363368402770,72,1363368402818,48,119,101,53
2,69,1363368402819,69,1363368402890,71,49,72,1
2,32,1363368402938,32,1363368403002,64,119,112,48
2,66,1363368403085,66,1363368403163,78,147,161,83
2,69,1363368403242,69,1363368403314,72,157,151,79
2,83,1363368403418,83,1363368403498,80,176,184,104
2,84,1363368403570,84,1363368403634,64,152,136,72
2,32,1363368403658,32,1363368403714,56,88,80,24
2,79,1363368403818,79,1363368403874,56,160,160,104
2,70,1363368403898,70,1363368403978,80,80,104,24
2,32,1363368403978,32,1363368404050,72,80,72,0
2,84,1363368404106,84,1363368404226,120,128,176,56
2,73,1363368404194,73,1363368404226,32,88,0,-32
2,77,1363368404314,77,1363368404378,64,120,152,88
2,69,1363368404379,69,1363368404442,63,65,64,1
2,83,1363368404578,83,1363368404650,72,199,208,136
2,188,1363368404738,188,1363368404794,56,160,144,88
2,32,1363368404850,32,1363368404914,64,112,120,56
2,73,1363368405067,73,1363368405136,69,217,222,153
2,84,1363368405220,84,1363368405283,63,153,147,84
2,32,1363368405307,32,1363368405371,64,87,88,24
2,87,1363368405436,87,1363368405500,64,129,129,65
2,65,1363368405635,65,1363368405715,80,199,215,135
2,83,1363368405819,83,1363368405907,88,184,192,104
2,32,1363368405907,32,1363368405971,64,88,64,0
2,84,1363368406020,84,1363368406083,63,113,112,49
2,72,1363368406123,72,1363368406203,80,103,120,40
2,69,1363368406203,69,1363368406283,80,80,80,0
2,32,1363368406283,32,1363368406331,48,80,48,0
2,87,1363368406396,87,1363368406515,119,113,184,65
2,79,1363368406563,79,1363368406651,88,167,136,48
2,82,1363368406739,82,1363368406835,96,176,184,88
2,83,1363368406981,83,1363368407059,78,242,224,146
2,84,1363368407155,84,1363368407227,72,174,168,96
2,32,1363368407283,32,1363368407347,64,128,120,56
2,79,1363368407435,79,1363368407491,56,152,144,88
2,70,1363368407539,70,1363368407611,72,104,120,48
2,32,1363368407612,32,1363368407691,79,73,80,1
2,84,1363368407739,84,1363368407835,96,127,144,48
2,73,1363368407835,73,1363368407873,38,96,38,0
2,77,1363368407939,77,1363368408019,80,104,146,66
2,69,1363368408019,69,1363368408083,64,80,64,0
2,83,1363368408219,83,1363368408291,72,200,208,136
2,188,1363368408395,188,1363368408451,56,176,160,104
2,32,1363368408515,32,1363368408595,80,120,144,64
2,73,1363368408739,73,1363368408795,56,224,200,144
2,84,1363368408867,84,1363368408971,104,128,176,72
2,32,1363368408971,32,1363368409039,68,104,68,0
2,87,1363368409075,87,1363368409147,72,104,108,36
2,65,1363368409297,65,1363368409371,74,222,224,150
2,83,1363368409483,83,1363368409579,96,186,208,112
2,32,1363368409567,32,1363368409635,68,84,56,-12
2,84,1363368409683,84,1363368409748,65,116,113,48
2,72,1363368409803,72,1363368409859,56,120,111,55
2,69,1363368409859,69,1363368409925,66,56,66,0
2,32,1363368409948,32,1363368410019,71,89,94,23
2,65,1363368410083,65,1363368410163,80,135,144,64
2,71,1363368410227,71,1363368410291,64,144,128,64
2,69,1363368410371,69,1363368410436,65,144,145,80
2,32,1363368410483,32,1363368410547,64,112,111,47
2,79,1363368410643,79,1363368410707,64,160,160,96
2,70,1363368410755,70,1363368410819,64,112,112,48
2,32,1363368410835,32,1363368410907,72,80,88,16
2,87,1363368410971,87,1363368411074,103,136,167,64
2,73,1363368411107,73,1363368411155,48,136,81,33
2,83,1363368411259,83,1363368411348,89,152,193,104
2,68,1363368411603,68,1363368411675,72,344,327,255
2,79,1363368411699,79,1363368411747,48,96,72,24
2,77,1363368411843,77,1363368411907,64,144,160,96
2,188,1363368412003,188,1363368412083,80,160,176,96
2,32,1363368412123,32,1363368412195,72,120,112,40
2,73,1363368412291,73,1363368412347,56,168,152,96
2,84,1363368412419,84,1363368412475,56,128,128,72
2,32,1363368412507,32,1363368412579,72,88,104,32
2,87,1363368412803,87,1363368412876,73,296,297,224
2,65,1363368412979,65,1363368413065,86,176,189,103
2,83,1363368413163,83,1363368413275,112,184,210,98
2,32,1363368413251,32,1363368413315,64,88,40,-24
2,84,1363368413371,84,1363368413427,56,120,112,56
2,72,1363368413459,72,1363368413523,64,88,96,32
2,69,1363368413523,69,1363368413603,80,64,80,0
2,32,1363368413627,32,1363368413707,80,104,104,24
2,65,1363368413707,65,1363368413811,104,80,104,0
2,71,1363368413859,71,1363368413931,72,152,120,48
2,69,1363368414019,69,1363368414115,96,160,184,88
2,32,1363368414115,32,1363368414187,72,96,72,0
2,79,1363368414275,79,1363368414323,48,160,136,88
2,70,1363368414379,70,1363368414443,64,104,120,56
2,32,1363368414486,32,1363368414575,89,107,132,43
2,70,1363368414715,70,1363368414795,80,229,220,140
2,79,1363368414963,79,1363368415003,40,248,208,168
2,79,1363368415089,79,1363368415147,58,126,144,86
2,76,1363368415283,76,1363368415331,48,194,184,136
2,73,1363368415441,73,1363368415491,50,158,160,110
2,83,1363368415623,83,1363368415723,100,182,232,132
2,72,1363368416179,72,1363368416251,72,556,528,456
2,78,1363368416611,78,1363368416659,48,432,408,360
2,69,1363368416707,69,1363368416795,88,96,136,48
2,83,1363368416934,83,1363368416963,29,227,168,139
2,83,1363368417043,83,1363368417147,104,109,184,80
2,188,1363368417203,188,1363368417267,64,160,120,56
2,32,1363368417296,32,1363368417363,67,93,96,29
2,73,1363368417451,73,1363368417491,40,155,128,88
2,84,1363368417560,84,1363368417651,91,109,160,69
2,32,1363368417651,32,1363368417715,64,91,64,0
2,87,1363368417743,87,1363368417811,68,92,96,28
2,65,1363368417915,65,1363368418019,104,172,208,104
2,83,1363368418123,83,1363368418219,96,208,200,104
2,32,1363368418196,32,1363368418267,71,73,48,-23
2,84,1363368418307,84,1363368418378,71,111,111,40
2,72,1363368418427,72,1363368418483,56,120,105,49
2,69,1363368418483,69,1363368418562,79,56,79,0
2,32,1363368418579,32,1363368418646,67,96,84,17
2,69,1363368418715,69,1363368418802,87,136,156,69
2,80,1363368418938,80,1363368418986,48,223,184,136
2,79,1363368419085,79,1363368419179,94,147,193,99
2,67,1363368419346,67,1363368419450,104,261,271,167
2,72,1363368419475,72,1363368419546,71,129,96,25
2,32,1363368419571,32,1363368419651,80,96,105,25
2,79,1363368419723,79,1363368419770,47,152,119,72
2,70,1363368419842,70,1363368419922,80,119,152,72
2,32,1363368419923,32,1363368419995,72,81,73,1
2,66,1363368420139,66,1363368420226,87,216,231,144
2,69,1363368420427,69,1363368420506,79,288,280,201
2,76,1363368420855,76,1363368420898,43,428,392,349
2,73,1363368420994,73,1363368421050,56,139,152,96
2,69,1363368421314,69,1363368421402,88,320,352,264
2,70,1363368421506,70,1363368421571,65,192,169,104
2,188,1363368421706,188,1363368421762,56,200,191,135
2,32,1363368421802,32,1363368421874,72,96,112,40
2,73,1363368421970,73,1363368422018,48,168,144,96
2,84,1363368422086,84,1363368422154,68,116,136,68
2,32,1363368422178,32,1363368422266,88,92,112,24
2,87,1363368422314,87,1363368422402,88,136,136,48
2,65,1363368422528,65,1363368422616,88,214,214,126
2,83,1363368422715,83,1363368422803,88,187,187,99
2,32,1363368422803,32,1363368422876,73,88,73,0
2,84,1363368422907,84,1363368422971,64,104,95,31
2,72,1363368423019,72,1363368423068,49,112,97,48
2,69,1363368423068,69,1363368423171,103,49,103,0
2,32,1363368423163,32,1363368423229,66,95,58,-8
2,69,1363368423355,69,1363368423451,96,192,222,126
2,80,1363368423611,80,1363368423675,64,256,224,160
2,79,1363368423755,79,1363368423827,72,144,152,80
2,67,1363368424003,67,1363368424091,88,248,264,176
2,72,1363368424123,72,1363368424179,56,120,88,32
2,32,1363368424235,32,1363368424299,64,112,120,56
2,79,1363368424355,79,1363368424419,64,120,120,56
2,70,1363368424475,70,1363368424571,96,120,152,56
2,32,1363368424571,32,1363368424651,80,96,80,0
2,73,1363368424835,73,1363368424883,48,264,232,184
2,78,1363368424971,78,1363368425043,72,136,160,88
2,67,1363368425227,67,1363368425323,96,256,280,184
2,82,1363368425475,82,1363368425555,80,248,232,152
2,69,1363368425637,69,1363368425721,84,162,166,82
2,68,1363368425851,68,1363368425947,96,214,226,130
2,85,1363368426011,85,1363368426059,48,160,112,64
2,76,1363368426299,76,1363368426363,64,288,304,240
2,73,1363368426459,73,1363368426507,48,160,144,96
2,84,1363368426595,84,1363368426715,120,136,208,88
2,89,1363368426715,89,1363368426771,56,120,56,0
2,188,1363368426923,188,1363368426995,72,208,224,152
2,32,1363368427043,32,1363368427107,64,120,112,48
2,73,1363368427203,73,1363368427259,56,160,152,96
2,84,1363368427317,84,1363368427410,93,114,151,58
2,32,1363368427410,32,1363368427483,73,93,73,0
2,87,1363368427515,87,1363368427595,80,105,112,32
2,65,1363368427699,65,1363368427795,96,184,200,104
2,83,1363368427883,83,1363368427979,96,184,184,88
2,32,1363368427955,32,1363368428035,80,72,56,-24
2,84,1363368428067,84,1363368428131,64,112,96,32
2,72,1363368428179,72,1363368428235,56,112,104,48
2,69,1363368428235,69,1363368428331,96,56,96,0
2,32,1363368428331,32,1363368428403,72,96,72,0
2,83,1363368428700,83,1363368428787,87,369,384,297
2,69,1363368428875,69,1363368428933,58,175,146,88
2,65,1363368429043,65,1363368429139,96,168,206,110
2,83,1363368429251,83,1363368429339,88,208,200,112
2,79,1363368429374,79,1363368429427,53,123,88,35
2,78,1363368429515,78,1363368429587,72,141,160,88
2,32,1363368429587,32,1363368429659,72,72,72,0
2,79,1363368429747,79,1363368429810,63,160,151,88
2,70,1363368429867,70,1363368429971,104,120,161,57
2,32,1363368429972,32,1363368430051,79,105,80,1
2,16,1363368430115,16,1363368430323,208,143,272,64
2,76,1363368430275,76,1363368430325,50,160,2,-48
2,73,1363368430451,73,1363368430515,64,176,190,126
2,71,1363368430619,71,1363368430699,80,168,184,104
2,72,1363368430755,72,1363368430811,56,136,112,56
2,84,1363368430867,84,1363368430947,80,112,136,56
2,188,1363368431060,188,1363368431131,71,193,184,113
2,32,1363368431187,32,1363368431251,64,127,120,56
2,73,1363368431404,73,1363368431467,63,217,216,153
2,84,1363368431547,84,1363368431651,104,143,184,80
2,32,1363368431651,32,1363368431731,80,104,80,0
2,87,1363368431771,87,1363368431851,80,120,120,40
2,65,1363368431947,65,1363368432035,88,176,184,96
2,83,1363368432139,83,1363368432243,104,192,208,104
2,32,1363368432203,32,1363368432285,82,64,42,-40
2,84,1363368432323,84,1363368432379,56,120,94,38
2,72,1363368432427,72,1363368432491,64,104,112,48
2,69,1363368432491,69,1363368432571,80,64,80,0
2,32,1363368432571,32,1363368432645,74,80,74,0
2,83,1363368432883,83,1363368432955,72,312,310,238
2,69,1363368433051,69,1363368433123,72,168,168,96
2,65,1363368433219,65,1363368433307,88,168,184,96
2,83,1363368433443,83,1363368433539,96,224,232,136
2,79,1363368433555,79,1363368433603,48,112,64,16
2,78,1363368433691,78,1363368433771,80,136,168,88
2,32,1363368433789,32,1363368433859,70,98,88,18
2,79,1363368433931,79,1363368433995,64,142,136,72
2,70,1363368434027,70,1363368434107,80,96,112,32
2,32,1363368434131,32,1363368434211,80,104,104,24
2,16,1363368434211,16,1363368434435,224,80,224,0
2,68,1363368434347,68,1363368434459,112,136,24,-88
2,65,1363368434611,65,1363368434699,88,264,240,152
2,82,1363368434811,82,1363368434907,96,200,208,112
2,75,1363368434971,75,1363368435027,56,160,120,64
2,78,1363368435283,78,1363368435339,56,312,312,256
2,69,1363368435411,69,1363368435483,72,128,144,72
2,83,1363368435603,83,1363368435659,56,192,176,120
2,83,1363368435747,83,1363368435851,104,144,192,88
2,188,1363368435883,188,1363368435931,48,136,80,32
2,32,1363368435971,32,1363368436051,80,88,120,40
2,73,1363368436483,73,1363368436546,63,512,495,432
2,84,1363368436586,84,1363368436667,81,103,121,40
2,32,1363368436683,32,1363368436762,79,97,95,16
2,87,1363368436818,87,1363368436891,73,135,129,56
2,65,1363368437011,65,1363368437091,80,193,200,120
2,83,1363368437194,83,1363368437283,89,183,192,103
2,32,1363368437283,32,1363368437346,63,89,63,0
2,84,1363368437386,84,1363368437459,73,103,113,40
2,72,1363368437498,72,1363368437571,73,112,112,39
2,69,1363368437571,69,1363368437636,65,73,65,0
2,32,1363368437658,32,1363368437738,80,87,102,22
2,83,1363368437842,83,1363368437958,116,184,220,104
2,80,1363368438042,80,1363368438115,73,200,157,84
2,82,1363368438282,82,1363368438370,88,240,255,167
2,73,1363368438394,73,1363368438450,56,112,80,24
2,78,1363368438570,78,1363368438626,56,176,176,120
2,71,1363368438722,71,1363368438786,64,152,160,96
2,32,1363368438931,32,1363368438995,64,209,209,145
2,79,1363368439103,79,1363368439138,35,172,143,108
2,70,1363368439202,70,1363368439274,72,99,136,64
2,32,1363368439274,32,1363368439354,80,72,80,0
2,72,1363368439458,72,1363368439514,56,184,160,104
2,79,1363368439602,79,1363368439674,72,144,160,88
2,80,1363368439786,80,1363368439834,48,184,160,112
2,69,1363368439915,69,1363368439979,64,129,145,81
2,188,1363368440075,188,1363368440123,48,160,144,96
2,32,1363368440175,32,1363368440251,76,100,128,52
2,73,1363368440331,73,1363368440387,56,156,136,80
2,84,1363368440439,84,1363368440516,77,108,129,52
2,32,1363368440516,32,1363368440595,79,77,79,0
2,87,1363368440635,87,1363368440707,72,119,112,40
2,65,1363368440819,65,1363368440883,64,184,176,112
2,83,1363368440996,83,1363368441075,79,177,192,113
2,32,1363368441061,32,1363368441131,70,65,56,-14
2,84,1363368441188,84,1363368441259,71,127,128,57
2,72,1363368441299,72,1363368441363,64,111,104,40
2,69,1363368441363,69,1363368441443,80,64,80,0
2,32,1363368441444,32,1363368441515,71,81,72,1
2,87,1363368441563,87,1363368441667,104,119,152,48
2,73,1363368441667,73,1363368441707,40,104,40,0
2,78,1363368441811,78,1363368441883,72,144,176,104
2,84,1363368441931,84,1363368442003,72,120,120,48
2,69,1363368442099,69,1363368442163,64,168,160,96
2,82,1363368442243,82,1363368442331,88,144,168,80
2,32,1363368442331,32,1363368442388,57,88,57,0
2,79,1363368442484,79,1363368442539,55,153,151,96
2,70,1363368442603,70,1363368442667,64,119,128,64
2,32,1363368442667,32,1363368442731,64,64,64,0
2,68,1363368442835,68,1363368442915,80,168,184,104
2,69,1363368443027,69,1363368443091,64,192,176,112
2,83,1363368443211,83,1363368443315,104,184,224,120
2,80,1363368443467,80,1363368443539,72,256,224,152
2,65,1363368443659,65,1363368443755,96,192,216,120
2,73,1363368443788,73,1363368443835,47,129,80,33
2,82,1363368443899,82,1363368443971,72,111,136,64
2,188,1363368444059,188,1363368444123,64,160,152,88
2,32,1363368444171,32,1363368444251,80,112,128,48
2,87,1363368444355,87,1363368444451,96,184,200,104
2,69,1363368444563,69,1363368444643,80,208,192,112
2,32,1363368444715,32,1363368444795,80,152,152,72
2,72,1363368444939,72,1363368444987,48,224,192,144
2,65,1363368445043,65,1363368445131,88,104,144,56
2,68,1363368445267,68,1363368445366,99,224,235,136
2,32,1363368445387,32,1363368445451,64,120,85,21
2,69,1363368445611,69,1363368445691,80,224,240,160
2,86,1363368445817,86,1363368445883,66,206,192,126
2,69,1363368445963,69,1363368446027,64,146,144,80
2,82,1363368446083,82,1363368446187,104,120,160,56
2,89,1363368446227,89,1363368446283,56,144,96,40
2,84,1363368446363,84,1363368446451,88,136,168,80
2,72,1363368446411,72,1363368446467,56,48,16,-40
2,73,1363368446539,73,1363368446587,48,128,120,72
2,78,1363368446683,78,1363368446747,64,144,160,96
2,71,1363368446803,71,1363368446875,72,120,128,56
2,32,1363368446915,32,1363368446987,72,112,112,40
2,66,1363368447147,66,1363368447195,48,232,208,160
2,69,1363368447339,69,1363368447435,96,192,240,144
2,70,1363368447556,70,1363368447659,103,217,224,121
2,79,1363368447683,79,1363368447747,64,127,88,24
2,82,1363368447763,82,1363368447819,56,80,72,16
2,69,1363368447891,69,1363368447987,96,128,168,72
2,32,1363368447987,32,1363368448059,72,96,72,0
2,85,1363368448195,85,1363368448251,56,208,192,136
2,83,1363368448299,83,1363368448379,80,104,128,48
2,188,1363368448495,188,1363368448563,68,196,184,116
2,32,1363368448619,32,1363368448691,72,124,128,56
2,87,1363368448859,87,1363368448955,96,240,264,168
2,69,1363368449051,69,1363368449139,88,192,184,96
2,32,1363368449179,32,1363368449243,64,128,104,40
2,72,1363368449403,72,1363368449467,64,224,224,160
2,65,1363368449523,65,1363368449627,104,120,160,56
2,68,1363368450027,68,1363368450099,72,504,472,400
2,32,1363368450147,32,1363368450219,72,120,120,48
2,78,1363368450363,78,1363368450419,56,216,200,144
2,79,1363368450499,79,1363368450563,64,136,144,80
2,84,1363368450630,84,1363368450731,101,131,168,67
2,72,1363368450731,72,1363368450771,40,101,40,0
2,73,1363368450851,73,1363368450911,60,120,140,80
2,78,1363368450993,78,1363368451059,66,142,148,82
2,71,1363368451123,71,1363368451187,64,130,128,64
2,32,1363368451235,32,1363368451315,80,112,128,48
2,66,1363368451419,66,1363368451491,72,184,176,104
2,69,1363368451613,69,1363368451691,78,194,200,122
2,70,1363368451796,70,1363368451907,111,183,216,105
2,79,1363368451907,79,1363368451971,64,111,64,0
2,82,1363368452011,82,1363368452067,56,104,96,40
2,69,1363368452139,69,1363368452227,88,128,160,72
2,32,1363368452227,32,1363368452283,56,88,56,0
2,85,1363368452379,85,1363368452435,56,152,152,96
2,83,1363368452483,83,1363368452555,72,104,120,48
2,188,1363368452680,188,1363368452739,59,197,184,125
2,32,1363368452795,32,1363368452867,72,115,128,56
2,87,1363368452931,87,1363368453011,80,136,144,64
2,69,1363368453107,69,1363368453211,104,176,200,96
2,32,1363368453187,32,1363368453267,80,80,56,-24
2,87,1363368453499,87,1363368453587,88,312,320,232
2,69,1363368453722,69,1363368453787,65,223,200,135
2,82,1363368454091,82,1363368454170,79,369,383,304
2,69,1363368454242,69,1363368454331,89,151,161,72
2,32,1363368454331,32,1363368454402,71,89,71,0
2,65,1363368454490,65,1363368454570,80,159,168,88
2,76,1363368454603,76,1363368454658,55,113,88,33
2,76,1363368454746,76,1363368454851,105,143,193,88
2,32,1363368454851,32,1363368454930,79,105,79,0
2,79,1363368455090,79,1363368455203,113,239,273,160
2,8,1363368455522,8,1363368455586,64,432,383,319
2,71,1363368455883,71,1363368455946,63,361,360,297
2,79,1363368456058,79,1363368456122,64,175,176,112
2,73,1363368456242,73,1363368456290,48,184,168,120
2,78,1363368456370,78,1363368456450,80,128,160,80
2,71,1363368456514,71,1363368456594,80,144,144,64
2,32,1363368456642,32,1363368456722,80,128,128,48
2,68,1363368456786,68,1363368456906,120,144,184,64
2,73,1363368456907,73,1363368456954,47,121,48,1
2,82,1363368456986,82,1363368457066,80,79,112,32
2,69,1363368457122,69,1363368457203,81,136,137,56
2,67,1363368457330,67,1363368457410,80,208,207,127
2,84,1363368457523,84,1363368457603,80,193,193,113
2,32,1363368457603,32,1363368457699,96,80,96,0
2,84,1363368457787,84,1363368457875,88,184,176,88
2,79,1363368457908,79,1363368457989,81,121,114,33
2,32,1363368457989,32,1363368458067,78,81,78,0
2,16,1363368458363,16,1363368458579,216,374,512,296
2,72,1363368458531,72,1363368458595,64,168,16,-48
2,69,1363368458707,69,1363368458785,78,176,190,112
2,65,1363368458875,65,1363368458979,104,168,194,90
2,86,1363368459091,86,1363368459171,80,216,192,112
2,69,1363368459259,69,1363368459347,88,168,176,88
2,78,1363368459405,78,1363368459459,54,146,112,58
2,188,1363368459611,188,1363368459659,48,206,200,152
2,32,1363368459723,32,1363368459803,80,112,144,64
2,87,1363368459907,87,1363368460003,96,184,200,104
2,69,1363368460115,69,1363368460195,80,208,192,112
2,32,1363368460299,32,1363368460372,73,184,177,104
2,87,1363368460706,87,1363368460808,102,407,436,334
2,69,1363368460914,69,1363368461002,88,208,194,106
2,82,1363368461330,82,1363368461418,88,416,416,328
2,69,1363368461490,69,1363368461570,80,160,152,72
2,32,1363368461586,32,1363368461666,80,96,96,16
2,65,1363368461722,65,1363368461802,80,136,136,56
2,76,1363368461842,76,1363368461906,64,120,104,40
2,76,1363368462179,76,1363368462243,64,337,337,273
2,32,1363368462330,32,1363368462418,88,151,175,87
2,71,1363368462802,71,1363368462882,80,472,464,384
2,79,1363368462930,79,1363368462986,56,128,104,48
2,73,1363368463082,73,1363368463122,40,152,136,96
2,78,1363368463212,78,1363368463274,62,130,152,90
2,71,1363368463346,71,1363368463410,64,134,136,72
2,32,1363368463458,32,1363368463522,64,112,112,48
2,68,1363368463762,68,1363368463882,120,304,360,240
2,73,1363368463906,73,1363368463962,56,144,80,24
2,82,1363368464004,82,1363368464082,78,98,120,42
2,69,1363368464162,69,1363368464242,80,158,160,80
2,67,1363368464386,67,1363368464450,64,224,208,144
2,84,1363368464562,84,1363368464634,72,176,184,112
2,32,1363368464634,32,1363368464706,72,72,72,0
2,84,1363368464754,84,1363368464858,104,120,152,48
2,72,1363368464858,72,1363368464922,64,104,64,0
2,69,1363368464946,69,1363368465026,80,88,104,24
2,32,1363368465026,32,1363368465098,72,80,72,0
2,79,1363368465186,79,1363368465254,68,160,156,88
2,84,1363368465306,84,1363368465418,112,120,164,52
2,72,1363368465418,72,1363368465482,64,112,64,0
2,69,1363368465506,69,1363368465586,80,88,104,24
2,82,1363368465666,82,1363368465762,96,160,176,80
2,32,1363368465738,32,1363368465818,80,72,56,-24
2,87,1363368465867,87,1363368465962,95,129,144,49
2,65,1363368466058,65,1363368466186,128,191,224,96
2,89,1363368466210,89,1363368466266,56,152,80,24
2,190,1363368466466,190,1363368466530,64,256,264,200
2,87,1363711418153,87,1363711418297,144,728,792,648
2,189,1363711418601,189,1363711418689,88,448,392,304
2,65,1363711418913,65,1363711419025,112,312,336,224
2,66,1363711419265,66,1363711419369,104,352,344,240
2,85,1363711419425,85,1363711419489,64,160,120,56
2,78,1363711419633,78,1363711419689,56,208,200,144
2,68,1363711419785,68,1363711419857,72,152,168,96
2,65,1363711419961,65,1363711420057,96,176,200,104
2,78,1363711420081,78,1363711420145,64,120,88,24
2,67,1363711420217,67,1363711420305,88,136,160,72
2,69,1363711420409,69,1363711420505,96,192,200,104
2,32,1363711420497,32,1363711420577,80,88,72,-8
2,77,1363711420689,77,1363711420745,56,192,168,112
2,73,1363711420833,73,1363711420921,88,144,176,88
2,83,1363711422009,83,1363711422121,112,1176,1200,1088
2,13,1363711422265,13,1363711422353,88,256,232,144
2,77,1363711422689,77,1363711422769,80,424,416,336
2,73,1363711422841,73,1363711422913,72,152,144,72
2,67,1363711423217,67,1363711423305,88,376,392,304
2,82,1363711423417,82,1363711423496,79,200,191,112
2,79,1363711423553,79,1363711423624,71,136,128,57
2,32,1363711424600,32,1363711424680,80,1047,1056,976
2,83,1363711424768,83,1363711424856,88,168,176,88
2,69,1363711424928,69,1363711425008,80,160,152,72
2,81,1363711425112,81,1363711425240,128,184,232,104
2,85,1363711425280,85,1363711425344,64,168,104,40
2,69,1363711425808,69,1363711425912,104,528,568,464
2,78,1363711425968,78,1363711426032,64,160,120,56
2,67,1363711426104,67,1363711426216,112,136,184,72
2,73,1363711426217,73,1363711426256,39,113,40,1
2,78,1363711426344,78,1363711426416,72,127,160,88
2,71,1363711426464,71,1363711426544,80,120,128,48
2,32,1363711426544,32,1363711426616,72,80,72,0
2,65,1363711426673,65,1363711426769,96,129,153,57
2,76,1363711426792,76,1363711426856,64,119,87,23
2,83,1363711426928,83,1363711427032,104,136,176,72
2,79,1363711427048,79,1363711427104,56,120,72,16
2,32,1363711427136,32,1363711427216,80,88,112,32
2,80,1363711427312,80,1363711427384,72,176,168,96
2,82,1363711427448,82,1363711427569,121,136,185,64
2,79,1363711427569,79,1363711427624,55,121,55,0
2,86,1363711427744,86,1363711427864,120,175,240,120
2,73,1363711427840,73,1363711427904,64,96,40,-24
2,68,1363711427976,68,1363711428064,88,136,160,72
2,69,1363711428152,69,1363711428248,96,176,184,88
2,83,1363711428352,83,1363711428480,128,200,232,104
2,32,1363711428448,32,1363711428520,72,96,40,-32
2,84,1363711428576,84,1363711428656,80,128,136,56
2,72,1363711428689,72,1363711428745,56,113,89,33
2,69,1363711428768,69,1363711428865,97,79,120,23
2,32,1363711428840,32,1363711428920,80,72,55,-25
2,79,1363711429040,79,1363711429105,65,200,185,120
2,80,1363711429240,80,1363711429296,56,200,191,135
2,80,1363711429376,80,1363711429456,80,136,160,80
2,79,1363711429656,79,1363711429728,72,280,272,200
2,82,1363711430328,82,1363711430424,96,672,696,600
2,84,1363711430576,84,1363711430648,72,248,224,152
2,85,1363711430832,85,1363711430896,64,256,248,184
2,78,1363711431024,78,1363711431088,64,192,192,128
2,73,1363711431184,73,1363711431256,72,160,168,96
2,84,1363711431360,84,1363711431440,80,176,184,104
2,89,1363711431488,89,1363711431552,64,128,112,48
2,32,1363711431600,32,1363711431673,73,112,121,48
2,84,1363711432041,84,1363711432105,64,441,432,368
2,79,1363711432185,79,1363711432265,80,144,160,80
2,32,1363711432305,32,1363711432393,88,120,128,40
2,73,1363711432481,73,1363711432561,80,176,168,88
2,68,1363711432633,68,1363711432713,80,152,152,72
2,69,1363711432801,69,1363711432913,112,168,200,88
2,78,1363711432929,78,1363711433001,72,128,88,16
2,84,1363711433081,84,1363711433169,88,152,168,80
2,73,1363711433217,73,1363711433281,64,136,112,48
2,70,1363711433393,70,1363711433473,80,176,192,112
2,89,1363711433553,89,1363711433617,64,160,144,80
2,32,1363711433681,32,1363711433761,80,128,144,64
2,76,1363711433857,76,1363711433929,72,176,168,96
2,79,1363711434017,79,1363711434081,64,160,152,88
2,87,1363711434185,87,1363711434273,88,168,192,104
2,48,1363711434337,48,1363711434385,48,152,112,64
2,189,1363711434338,189,1363711434385,47,1,0,-47
2,8,1363711435657,8,1363711435729,72,1319,1344,1272
2,8,1363711435817,8,1363711435873,56,160,144,88
2,189,1363711436433,189,1363711436489,56,616,616,560
2,65,1363711437121,65,1363711437225,104,688,736,632
2,66,1363711438057,66,1363711438129,72,936,904,832
2,85,1363711438193,85,1363711438257,64,136,128,64
2,78,1363711438377,78,1363711438433,56,184,176,120
2,68,1363711438513,68,1363711438593,80,136,160,80
2,65,1363711438681,65,1363711438793,112,168,200,88
2,78,1363711438809,78,1363711438873,64,128,80,16
2,67,1363711438929,67,1363711439009,80,120,136,56
2,69,1363711439121,69,1363711439177,56,192,168,112
2,32,1363711439201,32,1363711439265,64,80,88,24
2,77,1363711439385,77,1363711439449,64,184,184,120
2,73,1363711439545,73,1363711439593,48,160,144,96
2,67,1363711439721,67,1363711439825,104,176,232,128
2,82,1363711439913,82,1363711440009,96,192,184,88
2,79,1363711440025,79,1363711440089,64,112,80,16
2,83,1363711440841,83,1363711440953,112,816,864,752
2,190,1363711441057,190,1363711441137,80,216,184,104
2,32,1363711441201,32,1363711441289,88,144,152,64
2,84,1363711442088,84,1363711442176,88,887,887,799
2,32,1363711442225,32,1363711442304,79,137,128,49
2,72,1363711442440,72,1363711442488,48,215,184,136
2,65,1363711442529,65,1363711442608,79,89,120,41
2,83,1363711442712,83,1363711442816,104,183,208,104
2,32,1363711442785,32,1363711442864,79,73,48,-31
2,66,1363711442944,66,1363711443000,56,159,136,80
2,69,1363711443121,69,1363711443176,55,177,176,121
2,69,1363711443273,69,1363711443376,103,152,200,97
2,78,1363711443488,78,1363711443544,56,215,168,112
2,32,1363711443600,32,1363711443672,72,112,128,56
2,82,1363711443713,82,1363711443776,63,113,104,41
2,69,1363711443848,69,1363711443953,105,135,177,72
2,80,1363711443985,80,1363711444064,79,137,111,32
2,79,1363711444136,79,1363711444208,72,151,144,72
2,82,1363711444256,82,1363711444337,81,120,129,48
2,84,1363711444448,84,1363711444512,64,192,175,111
2,69,1363711444641,69,1363711444704,63,193,192,129
2,68,1363711445537,68,1363711445624,87,896,920,833
2,32,1363711445768,32,1363711445856,88,231,232,144
2,72,1363711446080,72,1363711446168,88,312,312,224
2,84,1363711446232,84,1363711446328,96,152,160,64
2,8,1363711446656,8,1363711446712,56,424,384,328
2,8,1363711446792,8,1363711446856,64,136,144,80
2,84,1363711446888,84,1363711446976,88,96,120,32
2,72,1363711447032,72,1363711447088,56,144,112,56
2,65,1363711447160,65,1363711447264,104,128,176,72
2,84,1363711447584,84,1363711447672,88,424,408,320
2,32,1363711448384,32,1363711448488,104,800,816,712
2,84,1363711448896,84,1363711449008,112,512,520,408
2,72,1363711449024,72,1363711449096,72,128,88,16
2,69,1363711449096,69,1363711449193,97,72,97,0
2,82,1363711449193,82,1363711449250,57,97,57,0
2,69,1363711449337,69,1363711449457,120,144,207,87
2,32,1363711449417,32,1363711449497,80,80,40,-40
2,73,1363711449569,73,1363711449657,88,152,160,72
2,83,1363711449705,83,1363711449809,104,136,152,48
2,32,1363711449833,32,1363711449913,80,128,104,24
2,83,1363711450129,83,1363711450249,120,296,336,216
2,79,1363711450249,79,1363711450305,56,120,56,0
2,77,1363711450393,77,1363711450473,80,144,168,88
2,69,1363711450521,69,1363711450601,80,128,128,48
2,32,1363711450633,32,1363711450721,88,112,120,32
2,67,1363711450857,67,1363711450969,112,224,248,136
2,79,1363711450985,79,1363711451049,64,128,80,16
2,82,1363711451313,82,1363711451385,72,328,336,264
2,82,1363711451481,82,1363711451577,96,168,192,96
2,69,1363711451713,69,1363711451809,96,232,232,136
2,76,1363711451977,76,1363711452041,64,264,232,168
2,65,1363711452105,65,1363711452201,96,128,160,64
2,84,1363711452281,84,1363711452361,80,176,160,80
2,73,1363711452377,73,1363711452465,88,96,104,16
2,79,1363711452489,79,1363711452561,72,112,96,24
2,78,1363711452657,78,1363711452753,96,168,192,96
2,32,1363711452753,32,1363711452817,64,96,64,0
2,66,1363711452905,66,1363711452993,88,152,176,88
2,69,1363711453089,69,1363711453209,120,184,216,96
2,84,1363711453441,84,1363711453553,112,352,344,232
2,87,1363711453665,87,1363711453761,96,224,208,112
2,69,1363711453881,69,1363711453945,64,216,184,120
2,69,1363711454041,69,1363711454177,136,160,232,96
2,78,1363711454177,78,1363711454217,40,136,40,0
2,32,1363711454289,32,1363711454361,72,112,144,72
2,84,1363711454385,84,1363711454465,80,96,104,24
2,72,1363711454513,72,1363711454577,64,128,112,48
2,69,1363711454577,69,1363711454665,88,64,88,0
2,32,1363711454681,32,1363711454745,64,104,80,16
2,69,1363711454809,69,1363711454913,104,128,168,64
2,86,1363711455065,86,1363711455161,96,256,248,152
2,79,1363711455345,79,1363711455401,56,280,240,184
2,76,1363711455521,76,1363711455593,72,176,192,120
2,85,1363711455673,85,1363711455729,56,152,136,80
2,84,1363711455849,84,1363711455953,104,176,224,120
2,73,1363711455954,73,1363711456001,47,105,48,1
2,79,1363711456073,79,1363711456137,64,119,136,72
2,78,1363711456241,78,1363711456317,76,168,180,104
2,65,1363711456401,65,1363711456505,104,160,188,84
2,82,1363711456585,82,1363711456657,72,184,152,80
2,89,1363711456737,89,1363711456801,64,152,144,80
2,32,1363711456857,32,1363711456937,80,120,136,56
2,67,1363711457057,67,1363711457161,104,200,224,120
2,79,1363711457177,79,1363711457233,56,120,72,16
2,78,1363711457321,78,1363711457377,56,144,144,88
2,83,1363711457505,83,1363711457609,104,184,232,128
2,69,1363711457857,69,1363711457977,120,352,368,248
2,82,1363711458057,82,1363711458137,80,200,160,80
2,86,1363711458289,86,1363711458361,72,232,224,152
2,65,1363711458441,65,1363711458513,72,152,152,80
2,84,1363711458585,84,1363711458697,112,144,184,72
2,73,1363711458697,73,1363711458801,104,112,104,0
2,79,1363711458785,79,1363711458857,72,88,56,-16
2,78,1363711458953,78,1363711459033,80,168,176,96
2,32,1363711459057,32,1363711459137,80,104,104,24
2,79,1363711459201,79,1363711459273,72,144,136,64
2,70,1363711459329,70,1363711459417,88,128,144,56
2,32,1363711459417,32,1363711459489,72,88,72,0
2,77,1363711459569,77,1363711459664,95,152,175,80
2,73,1363711459752,73,1363711459824,72,183,160,88
2,83,1363711460608,83,1363711460712,104,856,888,784
2,32,1363711460713,32,1363711460792,79,105,80,1
2,65,1363711460864,65,1363711460960,96,151,168,72
2,78,1363711460961,78,1363711461024,63,97,64,1
2,68,1363711461072,68,1363711461177,105,111,153,48
2,32,1363711461177,32,1363711461232,55,105,55,0
2,84,1363711461280,84,1363711461392,112,103,160,48
2,72,1363711461393,72,1363711461448,55,113,56,1
2,69,1363711461496,69,1363711461624,128,103,176,48
2,73,1363711461648,73,1363711461713,65,152,89,24
2,82,1363711461792,82,1363711461864,72,144,151,79
2,32,1363711461896,32,1363711461976,80,104,112,32
2,69,1363711462048,69,1363711462144,96,152,168,72
2,88,1363711462256,88,1363711462384,128,208,240,112
2,80,1363711462361,80,1363711462424,63,105,40,-23
2,82,1363711462521,82,1363711462656,135,160,232,97
2,69,1363711463040,69,1363711463145,105,519,489,384
2,83,1363711463264,83,1363711463328,64,224,183,119
2,83,1363711463424,83,1363711463513,89,160,185,96
2,73,1363711463553,73,1363711463680,127,129,167,40
2,79,1363711463680,79,1363711463744,64,127,64,0
2,78,1363711463864,78,1363711463936,72,184,192,120
2,32,1363711463960,32,1363711464024,64,96,88,24
2,76,1363711464104,76,1363711464160,56,144,136,80
2,69,1363711464200,69,1363711464272,72,96,112,40
2,86,1363711464416,86,1363711464472,56,216,200,144
2,69,1363711464560,69,1363711464672,112,144,200,88
2,76,1363711464721,76,1363711464792,71,161,120,49
2,83,1363711464872,83,1363711464968,96,151,176,80
2,190,1363711465016,190,1363711465088,72,144,120,48
2,32,1363711465152,32,1363711465232,80,136,144,64
2,86,1363711465784,86,1363711465856,72,632,624,552
2,79,1363711465984,79,1363711466064,80,200,208,128
2,76,1363711466320,76,1363711466400,80,336,336,256
2,85,1363711466536,85,1363711466593,57,216,193,136
2,84,1363711466985,84,1363711467065,80,449,472,392
2,73,1363711467089,73,1363711467193,104,104,128,24
2,79,1363711467193,79,1363711467257,64,104,64,0
2,78,1363711467361,78,1363711467417,56,168,160,104
2,65,1363711467497,65,1363711467601,104,136,184,80
2,82,1363711468289,82,1363711468361,72,792,760,688
2,76,1363711469497,76,1363711469617,120,1208,1256,1136
2,89,1363711469801,89,1363711469897,96,304,280,184
2,32,1363711470177,32,1363711470289,112,376,392,280
2,67,1363711470449,67,1363711470561,112,272,272,160
2,79,1363711470552,79,1363711470616,64,103,55,-9
2,78,1363711470744,78,1363711470816,72,192,200,128
2,83,1363711471024,83,1363711471120,96,280,304,208
2,69,1363711471192,69,1363711471296,104,168,176,72
2,82,1363711471336,82,1363711471448,112,144,152,40
2,86,1363711471592,86,1363711471712,120,256,264,144
2,69,1363711471792,69,1363711471904,112,200,192,80
2,68,1363711472016,68,1363711472128,112,224,224,112
2,32,1363711472128,32,1363711472200,72,112,72,0
2,77,1363711472320,77,1363711472376,56,192,176,120
2,73,1363711472464,73,1363711472528,64,144,152,88
2,83,1363711473224,83,1363711473328,104,760,800,696
2,32,1363711473408,32,1363711473504,96,184,176,80
2,87,1363711473576,87,1363711473680,104,168,176,72
2,69,1363711473768,69,1363711473888,120,192,208,88
2,82,1363711473984,82,1363711474136,152,216,248,96
2,69,1363711474240,69,1363711474328,88,256,192,104
2,32,1363711474352,32,1363711474424,72,112,96,24
2,79,1363711474544,79,1363711474616,72,192,192,120
2,70,1363711474696,70,1363711474792,96,152,176,80
2,84,1363711474896,84,1363711474984,88,200,192,104
2,69,1363711475080,69,1363711475144,64,184,160,96
2,82,1363711475224,82,1363711475344,120,144,200,80
2,78,1363711475344,78,1363711475416,72,120,72,0
2,32,1363711475464,32,1363711475560,96,120,144,48
2,65,1363711475600,65,1363711475680,80,136,120,40
2,77,1363711475736,77,1363711475816,80,136,136,56
2,79,1363711475912,79,1363711475986,74,176,170,96
2,78,1363711476471,78,1363711476535,64,559,549,485
2,71,1363711476631,71,1363711476695,64,160,160,96
2,32,1363711476720,32,1363711476792,72,89,97,25
2,84,1363711476840,84,1363711476919,79,120,127,48
2,72,1363711476936,72,1363711476991,55,96,72,17
2,69,1363711477040,69,1363711477120,80,104,129,49
2,32,1363711477120,32,1363711477183,63,80,63,0
2,77,1363711477287,77,1363711477351,64,167,168,104
2,79,1363711477424,79,1363711477487,63,137,136,73
2,83,1363711477511,83,1363711477591,80,87,104,24
2,84,1363711477672,84,1363711477768,96,161,177,81
2,32,1363711477768,32,1363711477847,79,96,79,0
2,65,1363711477887,65,1363711477967,80,119,120,40
2,66,1363711478088,66,1363711478167,79,201,200,121
2,85,1363711478207,85,1363711478263,56,119,96,40
2,78,1363711478799,78,1363711478855,56,592,592,536
2,68,1363711478983,68,1363711479079,96,184,224,128
2,65,1363711479151,65,1363711479279,128,168,200,72
2,78,1363711479319,78,1363711479375,56,168,96,40
2,84,1363711479487,84,1363711479583,96,168,208,112
2,32,1363711479607,32,1363711479663,56,120,80,24
2,77,1363711479799,77,1363711479863,64,192,200,136
2,73,1363711479952,73,1363711480023,71,153,160,89
2,65,1363711480431,65,1363711480575,144,479,552,408
2,83,1363711480751,83,1363711480839,88,320,264,176
2,32,1363711480967,32,1363711481063,96,216,224,128
2,87,1363711481120,87,1363711481223,103,153,160,57
2,72,1363711481239,72,1363711481295,56,119,72,16
2,73,1363711481703,73,1363711481767,64,464,472,408
2,76,1363711482488,76,1363711482543,55,785,776,721
2,69,1363711482599,69,1363711482663,64,111,120,56
2,32,1363711482703,32,1363711482775,72,104,112,40
2,87,1363711482815,87,1363711482879,64,112,104,40
2,8,1363711483359,8,1363711483415,56,544,536,480
2,83,1363711483647,83,1363711483759,112,288,344,232
2,79,1363711483759,79,1363711483807,48,112,48,0
2,77,1363711483911,77,1363711483991,80,152,184,104
2,69,1363711484031,69,1363711484096,65,120,105,40
2,32,1363711485496,32,1363711485592,96,1465,1496,1400
2,76,1363711485704,76,1363711485768,64,208,176,112
2,79,1363711485856,79,1363711485920,64,152,152,88
2,87,1363711485976,87,1363711486064,88,120,144,56
2,48,1363711486120,48,1363711486160,40,144,96,56
2,189,1363711486122,189,1363711486160,38,2,0,-38
2,8,1363711487256,8,1363711487304,48,1134,1144,1096
2,8,1363711487384,8,1363711487440,56,128,136,80
2,189,1363711487584,189,1363711487640,56,200,200,144
2,65,1363711488144,65,1363711488240,96,560,600,504
2,66,1363711488464,66,1363711488544,80,320,304,224
2,85,1363711488592,85,1363711488664,72,128,120,48
2,78,1363711488936,78,1363711489008,72,344,344,272
2,68,1363711489288,68,1363711489368,80,352,360,280
2,65,1363711489480,65,1363711489576,96,192,208,112
2,78,1363711489600,78,1363711489672,72,120,96,24
2,67,1363711489712,67,1363711489792,80,112,120,40
2,69,1363711489888,69,1363711490000,112,176,208,96
2,32,1363711489968,32,1363711490064,96,80,64,-32
2,78,1363711490200,78,1363711490264,64,232,200,136
2,79,1363711490352,79,1363711490416,64,152,152,88
2,78,1363711490528,78,1363711490600,72,176,184,112
2,32,1363711490656,32,1363711490736,80,128,136,56
2,48,1363711490832,48,1363711490920,88,176,184,96
2,8,1363711491168,8,1363711491256,88,336,336,248
2,8,1363711491856,8,1363711491920,64,688,664,600
2,48,1363711492112,48,1363711492152,40,256,232,192
2,8,1363711492600,8,1363711492648,48,488,496,448
2,189,1363711492816,189,1363711492880,64,216,232,168
2,67,1363711493344,67,1363711493464,120,528,584,464
2,79,1363711493464,79,1363711493512,48,120,48,0
2,78,1363711493600,78,1363711493648,48,136,136,88
2,83,1363711493904,83,1363711494000,96,304,352,256
2,69,1363711494136,69,1363711494264,128,232,264,136
2,82,1363711494432,82,1363711494543,111,296,279,168
2,86,1363711507120,86,1363711507224,104,12688,12681,12577
2,69,1363711507360,69,1363711507464,104,240,240,136
2,68,1363711507880,68,1363711507984,104,520,520,416
2,32,1363711508120,32,1363711508216,96,240,232,136
2,77,1363711508336,77,1363711508400,64,216,184,120
2,73,1363711508496,73,1363711508600,104,160,200,96
2,83,1363711509304,83,1363711509408,104,808,808,704
2,32,1363711509408,32,1363711509488,80,104,80,0
2,77,1363711509600,77,1363711509664,64,192,176,112
2,65,1363711509696,65,1363711509784,88,96,120,32
2,89,1363711509864,89,1363711509928,64,168,144,80
2,32,1363711509992,32,1363711510072,80,128,144,64
2,66,1363711510288,66,1363711510352,64,296,280,216
2,69,1363711510448,69,1363711510536,88,160,184,96
2,32,1363711510536,32,1363711510608,72,88,72,0
2,78,1363711510712,78,1363711510784,72,176,176,104
2,69,1363711510832,69,1363711510928,96,120,144,48
2,87,1363711511200,87,1363711511288,88,368,360,272
2,76,1363711511464,76,1363711511536,72,264,248,176
2,89,1363711511648,89,1363711511704,56,184,168,112
2,32,1363711511753,32,1363711511832,79,105,128,49
2,69,1363711512104,69,1363711512175,71,351,343,272
2,86,1363711512424,86,1363711512487,63,320,312,249
2,79,1363711512567,79,1363711512639,72,143,152,80
2,76,1363711512744,76,1363711512815,71,177,176,105
2,86,1363711513095,86,1363711513167,72,351,352,280
2,69,1363711513239,69,1363711513327,88,144,160,72
2,68,1363711513447,68,1363711513551,104,208,224,120
2,32,1363711513527,32,1363711513607,80,80,56,-24
2,65,1363711513671,65,1363711513751,80,144,144,64
2,78,1363711513752,78,1363711513815,63,81,64,1
2,68,1363711513871,68,1363711513975,104,119,160,56
2,32,1363711513952,32,1363711514023,71,81,48,-23
2,66,1363711514103,66,1363711514167,64,151,144,80
2,69,1363711514272,69,1363711514376,104,169,209,105
2,32,1363711514391,32,1363711514447,56,119,71,15
2,73,1363711514511,73,1363711514575,64,120,128,64
2,77,1363711514679,77,1363711514760,81,168,185,104
2,80,1363711514847,80,1363711514903,56,168,143,87
2,79,1363711514983,79,1363711515063,80,136,160,80
2,82,1363711515144,82,1363711515239,95,161,176,81
2,84,1363711515335,84,1363711515391,56,191,152,96
2,65,1363711515479,65,1363711515575,96,144,184,88
2,78,1363711515615,78,1363711515687,72,136,112,40
2,84,1363711515927,84,1363711516007,80,312,320,240
2,32,1363711516039,32,1363711516119,80,112,112,32
2,84,1363711516191,84,1363711516263,72,152,144,72
2,79,1363711516303,79,1363711516392,89,112,129,40
2,32,1363711516392,32,1363711516471,79,89,79,0
2,83,1363711516527,83,1363711516631,104,135,160,56
2,80,1363711516663,80,1363711516727,64,136,96,32
2,69,1363711516775,69,1363711516847,72,112,120,48
2,67,1363711516983,67,1363711517095,112,208,248,136
2,73,1363711517095,73,1363711517151,56,112,56,0
2,70,1363711517215,70,1363711517311,96,120,160,64
2,73,1363711517311,73,1363711517367,56,96,56,0
2,67,1363711517503,67,1363711517600,97,192,233,136
2,32,1363711517591,32,1363711517671,80,88,71,-9
2,83,1363711517759,83,1363711517871,112,168,200,88
2,80,1363711517903,80,1363711517975,72,144,104,32
2,69,1363711518023,69,1363711518103,80,120,128,48
2,67,1363711518343,67,1363711518463,120,320,360,240
2,73,1363711518479,73,1363711518535,56,136,72,16
2,69,1363711518679,69,1363711518799,120,200,264,144
2,83,1363711519007,83,1363711519104,97,328,305,208
2,190,1363711519184,190,1363711519248,64,177,144,80
2,32,1363711519288,32,1363711519376,88,104,128,40
2,16,1363711519376,16,1363711519648,272,88,272,0
2,84,1363711519528,84,1363711519648,120,152,0,-120
2,72,1363711519768,72,1363711519824,56,240,176,120
2,69,1363711519984,69,1363711520096,112,216,272,160
2,83,1363711520240,83,1363711520320,80,256,224,144
2,69,1363711520400,69,1363711520496,96,160,176,80
2,32,1363711520496,32,1363711520568,72,96,72,0
2,76,1363711520664,76,1363711520728,64,168,160,96
2,79,1363711520816,79,1363711520880,64,152,152,88
2,87,1363711520928,87,1363711521008,80,112,128,48
2,48,1363711521080,48,1363711521128,48,152,120,72
2,65,1363711521568,65,1363711521672,104,488,544,440
2,66,1363711521968,66,1363711522056,88,400,384,296
2,85,1363711522080,85,1363711522144,64,112,88,24
2,78,1363711522320,78,1363711522368,48,240,224,176
2,68,1363711522504,68,1363711522592,88,184,224,136
2,65,1363711522672,65,1363711522768,96,168,176,80
2,78,1363711522808,78,1363711522872,64,136,104,40
2,67,1363711522912,67,1363711523000,88,104,128,40
2,69,1363711523104,69,1363711523184,80,192,184,104
2,32,1363711523184,32,1363711523240,56,80,56,0
2,77,1363711523360,77,1363711523408,48,176,168,120
2,73,1363711523496,73,1363711523560,64,136,152,88
2,83,1363711524240,83,1363711524336,96,744,776,680
2,32,1363711524352,32,1363711524424,72,112,88,16
2,65,1363711524521,65,1363711524616,95,169,192,97
2,76,1363711524640,76,1363711524704,64,119,88,24
2,83,1363711524761,83,1363711524872,111,121,168,57
2,79,1363711524872,79,1363711524960,88,111,88,0
2,32,1363711525312,32,1363711525408,96,440,448,352
2,77,1363711525544,77,1363711525608,64,232,200,136
2,65,1363711525680,65,1363711525776,96,136,168,72
2,89,1363711525816,89,1363711525880,64,136,104,40
2,32,1363711525928,32,1363711526000,72,112,120,48
2,66,1363711526088,66,1363711526152,64,160,152,88
2,69,1363711526256,69,1363711526352,96,168,200,104
2,32,1363711526392,32,1363711526456,64,136,104,40
2,79,1363711526816,79,1363711526872,56,424,416,360
2,66,1363711527128,66,1363711527224,96,312,352,256
2,83,1363711527408,83,1363711527480,72,280,256,184
2,69,1363711527592,69,1363711527712,120,184,232,112
2,82,1363711527936,82,1363711528024,88,344,312,224
2,86,1363711528184,86,1363711528288,104,248,264,160
2,69,1363711528384,69,1363711528472,88,200,184,96
2,68,1363711528592,68,1363711528712,120,208,240,120
2,32,1363711528704,32,1363711528800,96,112,88,-8
2,73,1363711528840,73,1363711528896,56,136,96,40
2,78,1363711529000,78,1363711529072,72,160,176,104
2,32,1363711529104,32,1363711529192,88,104,120,32
2,72,1363711529368,72,1363711529416,48,264,224,176
2,73,1363711529512,73,1363711529599,87,144,183,96
2,71,1363711529672,71,1363711529768,96,160,169,73
2,72,1363711529808,72,1363711529872,64,136,104,40
2,69,1363711529936,69,1363711530039,103,128,167,64
2,82,1363711530127,82,1363711530232,105,191,193,88
2,32,1363711530232,32,1363711530296,64,105,64,0
2,81,1363711530456,81,1363711530567,111,224,271,160
2,85,1363711530607,85,1363711530663,56,151,96,40
2,65,1363711530959,65,1363711531063,104,352,400,296
2,78,1363711531191,78,1363711531247,56,232,184,128
2,76,1363711531471,76,1363711531543,72,280,296,224
2,73,1363711531639,73,1363711531703,64,168,160,96
2,84,1363711532183,84,1363711532271,88,544,568,480
2,73,1363711533327,73,1363711533399,72,1144,1128,1056
2,69,1363711533519,69,1363711533599,80,192,200,120
2,83,1363711533727,83,1363711533823,96,208,224,128
2,32,1363711533815,32,1363711533911,96,88,88,-8
2,65,1363711533992,65,1363711534079,87,177,168,81
2,77,1363711534103,77,1363711534191,88,111,112,24
2,79,1363711534352,79,1363711534463,111,249,272,161
2,78,1363711534655,78,1363711534719,64,303,256,192
2,71,1363711534831,71,1363711534919,88,176,200,112
2,32,1363711534943,32,1363711535007,64,112,88,24
2,83,1363711535055,83,1363711535183,128,112,176,48
2,79,1363711535143,79,1363711535207,64,88,24,-40
2,77,1363711535295,77,1363711535367,72,152,160,88
2,69,1363711535615,69,1363711535727,112,320,360,248
2,32,1363711535759,32,1363711535839,80,144,112,32
2,83,1363711536031,83,1363711536127,96,272,288,192
2,80,1363711536199,80,1363711536247,48,168,120,72
2,69,1363711536303,69,1363711536351,48,104,104,56
2,67,1363711536520,67,1363711536624,104,217,273,169
2,73,1363711536624,73,1363711536688,64,104,64,0
2,70,1363711536800,70,1363711536944,144,176,256,112
2,73,1363711536944,73,1363711537008,64,144,64,0
2,67,1363711537128,67,1363711537208,80,184,200,120
2,32,1363711537248,32,1363711537312,64,120,104,40
2,84,1363711537392,84,1363711537480,88,144,168,80
2,73,1363711537512,73,1363711537563,51,120,83,32
2,83,1363711537624,83,1363711537688,64,112,125,61
2,83,1363711537768,83,1363711537872,104,144,184,80
2,85,1363711537888,85,1363711537944,56,120,72,16
2,69,1363711537984,69,1363711538080,96,96,136,40
2,83,1363711538208,83,1363711538288,80,224,208,128
2,32,1363711538312,32,1363711538392,80,104,104,24
2,87,1363711538440,87,1363711538544,104,128,152,48
2,72,1363711538544,72,1363711538600,56,104,56,0
2,69,1363711538624,69,1363711538728,104,80,128,24
2,82,1363711538744,82,1363711538832,88,120,104,16
2,69,1363711538920,69,1363711539024,104,176,192,88
2,32,1363711538992,32,1363711539064,72,72,40,-32
2,84,1363711539112,84,1363711539216,104,120,152,48
2,72,1363711539217,72,1363711539280,63,105,64,1
2,69,1363711539328,69,1363711539440,112,111,160,48
2,89,1363711539528,89,1363711539592,64,200,152,88
2,32,1363711539664,32,1363711539752,88,136,160,72
2,65,1363711539824,65,1363711539912,88,160,160,72
2,82,1363711539952,82,1363711540032,80,128,120,40
2,69,1363711540112,69,1363711540216,104,160,184,80
2,32,1363711540184,32,1363711540272,88,72,56,-32
2,70,1363711540336,70,1363711540408,72,152,136,64
2,85,1363711540432,85,1363711540488,56,96,80,24
2,78,1363711540608,78,1363711540672,64,176,184,120
2,84,1363711540936,84,1363711541056,120,328,384,264
2,73,1363711541056,73,1363711541176,120,120,120,0
2,79,1363711541176,79,1363711541216,40,120,40,0
2,78,1363711541304,78,1363711541368,64,128,152,88
2,65,1363711541456,65,1363711541512,56,152,144,88
2,76,1363711541600,76,1363711541656,56,144,144,88
2,76,1363711541728,76,1363711541816,88,128,160,72
2,89,1363711541936,89,1363711541984,48,208,168,120
2,32,1363711542048,32,1363711542120,72,112,136,64
2,73,1363711542232,73,1363711542280,48,184,160,112
2,77,1363711542376,77,1363711542464,88,144,184,96
2,80,1363711542544,80,1363711542608,64,168,144,80
2,79,1363711542688,79,1363711542752,64,144,144,80
2,82,1363711542776,82,1363711542848,72,88,96,24
2,84,1363711542944,84,1363711543000,56,168,152,96
2,65,1363711543088,65,1363711543192,104,144,192,88
2,78,1363711543192,78,1363711543272,80,104,80,0
2,84,1363711543336,84,1363711543416,80,144,144,64
2,190,1363711543565,190,1363711543640,75,229,224,149
2,32,1363981248228,32,1363981248316,88,128,88,0
2,87,1363981248372,87,1363981248444,72,144,128,56
2,65,1363981248556,65,1363981248628,72,184,184,112
2,83,1363981248748,83,1363981248852,104,192,224,120
2,32,1363981248820,32,1363981248900,80,72,48,-32
2,84,1363981248948,84,1363981249020,72,128,120,48
2,72,1363981249076,72,1363981249132,56,128,112,56
2,69,1363981249132,69,1363981249268,136,56,136,0
2,32,1363981249340,32,1363981249404,64,208,136,72
2,66,1363981249612,66,1363981249676,64,272,272,208
2,69,1363981249772,69,1363981249868,96,160,192,96
2,83,1363981249988,83,1363981250092,104,216,224,120
2,84,1363981250204,84,1363981250292,88,216,200,112
2,32,1363981250316,32,1363981250420,104,112,128,24
2,79,1363981250756,79,1363981250820,64,440,400,336
2,70,1363981250876,70,1363981250980,104,120,160,56
2,32,1363981250981,32,1363981251044,63,105,64,1
2,84,1363981251228,84,1363981251356,128,247,312,184
2,73,1363981251332,73,1363981251380,48,104,24,-24
2,77,1363981251476,77,1363981251532,56,144,152,96
2,69,1363981251532,69,1363981251604,72,56,72,0
2,83,1363981251732,83,1363981251828,96,200,224,128
2,188,1363981251868,188,1363981251924,56,136,96,40
2,32,1363981252004,32,1363981252092,88,136,168,80
2,73,1363981252284,73,1363981252340,56,280,248,192
2,84,1363981252412,84,1363981252492,80,128,152,72
2,32,1363981252532,32,1363981252604,72,120,112,40
2,87,1363981252668,87,1363981252732,64,136,128,64
2,65,1363981252844,65,1363981252916,72,176,184,112
2,83,1363981253044,83,1363981253140,96,200,224,128
2,32,1363981253116,32,1363981253196,80,72,56,-24
2,84,1363981253244,84,1363981253316,72,128,120,48
2,72,1363981253348,72,1363981253404,56,104,88,32
2,69,1363981253428,69,1363981253540,112,80,136,24
2,32,1363981253540,32,1363981253604,64,112,64,0
2,87,1363981253644,87,1363981253772,128,104,168,40
2,79,1363981253772,79,1363981253836,64,128,64,0
2,82,1363981253964,82,1363981254100,136,192,264,128
2,83,1363981254276,83,1363981254372,96,312,272,176
2,84,1363981254500,84,1363981254604,104,224,232,128
2,32,1363981254604,32,1363981254684,80,104,80,0
2,79,1363981254773,79,1363981254829,56,169,145,89
2,70,1363981254853,70,1363981254949,96,80,120,24
2,32,1363981254949,32,1363981255013,64,96,64,0
2,84,1363981255085,84,1363981255213,128,136,200,72
2,73,1363981255213,73,1363981255253,40,128,40,0
2,77,1363981255365,77,1363981255437,72,152,184,112
2,69,1363981255461,69,1363981255541,80,96,104,24
2,83,1363981255669,83,1363981255781,112,208,240,128
2,188,1363981255797,188,1363981255877,80,128,96,16
2,32,1363981255933,32,1363981256021,88,136,144,56
2,73,1363981256109,73,1363981256165,56,176,144,88
2,84,1363981256332,84,1363981256428,96,223,263,167
2,32,1363981256525,32,1363981256604,79,193,176,97
2,87,1363981256684,87,1363981256765,81,159,161,80
2,65,1363981256868,65,1363981256964,96,184,199,103
2,83,1363981257100,83,1363981257213,113,232,249,136
2,32,1363981257213,32,1363981257284,71,113,71,0
2,84,1363981257356,84,1363981257452,96,143,168,72
2,72,1363981257469,72,1363981257525,56,113,73,17
2,69,1363981257581,69,1363981257662,81,112,137,56
2,32,1363981257662,32,1363981257749,87,81,87,0
2,65,1363981257829,65,1363981257924,95,167,175,80
2,71,1363981258036,71,1363981258117,81,207,193,112
2,69,1363981258212,69,1363981258316,104,176,199,95
2,32,1363981258308,32,1363981258396,88,96,80,-8
2,79,1363981258460,79,1363981258524,64,152,128,64
2,70,1363981258572,70,1363981258684,112,112,160,48
2,32,1363981258660,32,1363981258748,88,88,64,-24
2,87,1363981258796,87,1363981258892,96,136,144,48
2,73,1363981258916,73,1363981258972,56,120,80,24
2,83,1363981259076,83,1363981259188,112,160,216,104
2,68,1363981259389,68,1363981259501,112,313,313,201
2,79,1363981259501,79,1363981259565,64,112,64,0
2,77,1363981259685,77,1363981259756,71,184,191,120
2,188,1363981259877,188,1363981259972,95,192,216,121
2,32,1363981260020,32,1363981260124,104,143,152,48
2,73,1363981260220,73,1363981260276,56,200,152,96
2,84,1363981260404,84,1363981260484,80,184,208,128
2,32,1363981260532,32,1363981260628,96,128,144,48
2,87,1363981260820,87,1363981260892,72,288,264,192
2,65,1363981261005,65,1363981261100,95,185,208,113
2,83,1363981261236,83,1363981261316,80,231,216,136
2,32,1363981261316,32,1363981261396,80,80,80,0
2,84,1363981261436,84,1363981261500,64,120,104,40
2,72,1363981261540,72,1363981261596,56,104,96,40
2,69,1363981261628,69,1363981261740,112,88,144,32
2,32,1363981261764,32,1363981261836,72,136,96,24
2,65,1363981262108,65,1363981262188,80,344,352,272
2,71,1363981262268,71,1363981262340,72,160,152,80
2,69,1363981262444,69,1363981262516,72,176,176,104
2,32,1363981262532,32,1363981262612,80,88,96,16
2,79,1363981262708,79,1363981262764,56,176,152,96
2,70,1363981262812,70,1363981262933,121,104,169,48
2,32,1363981262933,32,1363981263012,79,121,79,0
2,70,1363981263140,70,1363981263244,104,207,232,128
2,79,1363981263308,79,1363981263356,48,168,112,64
2,79,1363981263444,79,1363981263508,64,136,152,88
2,76,1363981263668,76,1363981263732,64,224,224,160
2,73,1363981263844,73,1363981263900,56,176,168,112
2,83,1363981264036,83,1363981264172,136,192,272,136
2,72,1363981264236,72,1363981264300,64,200,128,64
2,78,1363981264748,78,1363981264820,72,512,520,448
2,69,1363981264892,69,1363981264972,80,144,152,72
2,83,1363981265116,83,1363981265172,56,224,200,144
2,83,1363981265284,83,1363981265364,80,168,192,112
2,188,1363981265420,188,1363981265500,80,136,136,56
2,32,1363981265540,32,1363981265628,88,120,128,40
2,73,1363981265708,73,1363981265756,48,168,128,80
2,84,1363981265844,84,1363981265924,80,136,168,88
2,32,1363981265948,32,1363981266028,80,104,104,24
2,87,1363981266052,87,1363981266140,88,104,112,24
2,65,1363981266252,65,1363981266356,104,200,216,112
2,83,1363981266468,83,1363981266548,80,216,192,112
2,32,1363981266548,32,1363981266620,72,80,72,0
2,84,1363981266700,84,1363981266772,72,152,152,80
2,72,1363981266804,72,1363981266860,56,104,88,32
2,69,1363981266892,69,1363981267004,112,88,144,32
2,32,1363981266980,32,1363981267068,88,88,64,-24
2,69,1363981267164,69,1363981267252,88,184,184,96
2,80,1363981267348,80,1363981267428,80,184,176,96
2,79,1363981267548,79,1363981267612,64,200,184,120
2,67,1363981267724,67,1363981267836,112,176,224,112
2,72,1363981267860,72,1363981267924,64,136,88,24
2,32,1363981268028,32,1363981268124,96,168,200,104
2,79,1363981268220,79,1363981268284,64,192,160,96
2,70,1363981268372,70,1363981268476,104,152,192,88
2,32,1363981268476,32,1363981268564,88,104,88,0
2,66,1363981268700,66,1363981268796,96,224,232,136
2,69,1363981268948,69,1363981269012,64,248,216,152
2,76,1363981269412,76,1363981269476,64,464,464,400
2,73,1363981269588,73,1363981269652,64,176,176,112
2,69,1363981269812,69,1363981269900,88,224,248,160
2,70,1363981270036,70,1363981270124,88,224,224,136
2,188,1363981270212,188,1363981270300,88,176,176,88
2,32,1363981270348,32,1363981270428,80,136,128,48
2,73,1363981270540,73,1363981270604,64,192,176,112
2,84,1363981270780,84,1363981270884,104,240,280,176
2,32,1363981270916,32,1363981270988,72,136,104,32
2,87,1363981271060,87,1363981271132,72,144,144,72
2,65,1363981271244,65,1363981271324,80,184,192,112
2,83,1363981271452,83,1363981271548,96,208,224,128
2,32,1363981271548,32,1363981271628,80,96,80,0
2,84,1363981271652,84,1363981271732,80,104,104,24
2,72,1363981271780,72,1363981271844,64,128,112,48
2,69,1363981271844,69,1363981271948,104,64,104,0
2,32,1363981271948,32,1363981272020,72,104,72,0
2,69,1363981272140,69,1363981272245,105,192,225,120
2,80,1363981272373,80,1363981272429,56,233,184,128
2,79,1363981272517,79,1363981272589,72,144,160,88
2,67,1363981272757,67,1363981272869,112,240,280,168
2,72,1363981272893,72,1363981272957,64,136,88,24
2,32,1363981273005,32,1363981273077,72,112,120,48
2,79,1363981273117,79,1363981273196,79,112,119,40
2,70,1363981273309,70,1363981273413,104,192,217,113
2,32,1363981273413,32,1363981273476,63,104,63,0
2,73,1363981273669,73,1363981273717,48,256,241,193
2,78,1363981273829,78,1363981273892,63,160,175,112
2,67,1363981274044,67,1363981274164,120,215,272,152
2,82,1363981274292,82,1363981274380,88,248,216,128
2,69,1363981274492,69,1363981274572,80,200,192,112
2,68,1363981274796,68,1363981274916,120,304,344,224
2,85,1363981275052,85,1363981275108,56,256,192,136
2,76,1363981275324,76,1363981275396,72,272,288,216
2,73,1363981275516,73,1363981275580,64,192,184,120
2,84,1363981275724,84,1363981275828,104,208,248,144
2,89,1363981275861,89,1363981275916,55,137,88,33
2,188,1363981276100,188,1363981276172,72,239,256,184
2,32,1363981276252,32,1363981276316,64,152,144,80
2,73,1363981276421,73,1363981276468,47,169,152,105
2,84,1363981276564,84,1363981276660,96,143,192,96
2,32,1363981276661,32,1363981276740,79,97,80,1
2,87,1363981276836,87,1363981276916,80,175,176,96
2,65,1363981277028,65,1363981277124,96,192,208,112
2,83,1363981277236,83,1363981277340,104,208,216,112
2,32,1363981277332,32,1363981277404,72,96,64,-8
2,84,1363981277460,84,1363981277564,104,128,160,56
2,72,1363981277564,72,1363981277612,48,104,48,0
2,69,1363981277660,69,1363981277772,112,96,160,48
2,32,1363981277772,32,1363981277828,56,112,56,0
2,83,1363981277957,83,1363981278092,135,185,264,129
2,69,1363981278300,69,1363981278404,104,343,312,208
2,65,1363981278517,65,1363981278604,87,217,200,113
2,83,1363981278788,83,1363981278900,112,271,296,184
2,79,1363981278900,79,1363981278964,64,112,64,0
2,78,1363981279052,78,1363981279140,88,152,176,88
2,32,1363981279165,32,1363981279236,71,113,96,25
2,79,1363981279284,79,1363981279349,65,119,113,48
2,70,1363981279396,70,1363981279484,88,112,135,47
2,32,1363981279486,32,1363981279548,62,90,64,2
2,16,1363981279620,16,1363981279788,168,134,240,72
2,76,1363981279756,76,1363981279822,66,136,34,-32
2,73,1363981279932,73,1363981279996,64,176,174,110
2,71,1363981280100,71,1363981280204,104,168,208,104
2,72,1363981280484,72,1363981280540,56,384,336,280
2,84,1363981280620,84,1363981280708,88,136,168,80
2,188,1363981280820,188,1363981280908,88,200,200,112
2,32,1363981280980,32,1363981281060,80,160,152,72
2,73,1363981281140,73,1363981281196,56,160,136,80
2,84,1363981281252,84,1363981281332,80,112,136,56
2,32,1363981281364,32,1363981281436,72,112,104,32
2,87,1363981281468,87,1363981281556,88,104,120,32
2,65,1363981281668,65,1363981281748,80,200,192,112
2,83,1363981281860,83,1363981281956,96,192,208,112
2,32,1363981281956,32,1363981282012,56,96,56,0
2,84,1363981282068,84,1363981282156,88,112,144,56
2,72,1363981282156,72,1363981282212,56,88,56,0
2,69,1363981282236,69,1363981282348,112,80,136,24
2,32,1363981282324,32,1363981282396,72,88,48,-24
2,83,1363981282564,83,1363981282660,96,240,264,168
2,69,1363981282748,69,1363981282828,80,184,168,88
2,65,1363981282924,65,1363981283012,88,176,184,96
2,83,1363981283148,83,1363981283268,120,224,256,136
2,79,1363981283244,79,1363981283316,72,96,48,-24
2,78,1363981283396,78,1363981283508,112,152,192,80
2,32,1363981283508,32,1363981283588,80,112,80,0
2,79,1363981283644,79,1363981283708,64,136,120,56
2,70,1363981283748,70,1363981283828,80,104,120,40
2,32,1363981283884,32,1363981283964,80,136,136,56
2,16,1363981283924,16,1363981284212,288,40,248,-40
2,68,1363981284132,68,1363981284236,104,208,24,-80
2,65,1363981284404,65,1363981284516,112,272,280,168
2,82,1363981284660,82,1363981284764,104,256,248,144
2,75,1363981284844,75,1363981284892,48,184,128,80
2,78,1363981285124,78,1363981285188,64,280,296,232
2,69,1363981285228,69,1363981285324,96,104,136,40
2,83,1363981285452,83,1363981285508,56,224,184,128
2,83,1363981285612,83,1363981285692,80,160,184,104
2,188,1363981285724,188,1363981285820,96,112,128,32
2,32,1363981285860,32,1363981285944,84,136,124,40
2,73,1363981286020,73,1363981286068,48,160,124,76
2,84,1363981286132,84,1363981286204,72,112,136,64
2,32,1363981286236,32,1363981286316,80,104,112,32
2,87,1363981286348,87,1363981286428,80,112,112,32
2,65,1363981286548,65,1363981286620,72,200,192,120
2,83,1363981286740,83,1363981286836,96,192,216,120
2,32,1363981286804,32,1363981286876,72,64,40,-32
2,84,1363981286932,84,1363981286996,64,128,120,56
2,72,1363981287028,72,1363981287076,48,96,80,32
2,69,1363981287108,69,1363981287204,96,80,128,32
2,32,1363981287188,32,1363981287268,80,80,64,-16
2,83,1363981287404,83,1363981287532,128,216,264,136
2,80,1363981287588,80,1363981287652,64,184,120,56
2,82,1363981288116,82,1363981288244,128,528,592,464
2,73,1363981288244,73,1363981288284,40,128,40,0
2,78,1363981288388,78,1363981288444,56,144,160,104
2,71,1363981288588,71,1363981288676,88,200,232,144
2,32,1363981288828,32,1363981288924,96,240,248,152
2,79,1363981289468,79,1363981289540,72,640,616,544
2,70,1363981289596,70,1363981289709,113,128,169,56
2,32,1363981289709,32,1363981289773,64,113,64,0
2,72,1363981289877,72,1363981289925,48,168,152,104
2,79,1363981289997,79,1363981290077,80,120,152,72
2,80,1363981290181,80,1363981290221,40,184,144,104
2,69,1363981290301,69,1363981290373,72,120,152,80
2,188,1363981290453,188,1363981290533,80,152,160,80
2,32,1363981290596,32,1363981290660,64,143,127,63
2,73,1363981290749,73,1363981290805,56,153,145,89
2,84,1363981290861,84,1363981290940,79,112,135,56
2,32,1363981291053,32,1363981291125,72,192,185,113
2,87,1363981291197,87,1363981291276,79,144,151,72
2,65,1363981291396,65,1363981291460,64,199,184,120
2,83,1363981291557,83,1363981291660,103,161,200,97
2,32,1363981291628,32,1363981291700,72,71,40,-32
2,84,1363981291748,84,1363981291820,72,120,120,48
2,72,1363981291844,72,1363981291900,56,96,80,24
2,69,1363981291924,69,1363981292036,112,80,136,24
2,32,1363981292037,32,1363981292100,63,113,64,1
2,87,1363981292148,87,1363981292309,161,111,209,48
2,73,1363981292309,73,1363981292356,47,161,47,0
2,78,1363981292468,78,1363981292532,64,159,176,112
2,84,1363981292588,84,1363981292668,80,120,136,56
2,69,1363981292772,69,1363981292836,64,184,168,104
2,82,1363981292916,82,1363981293028,112,144,192,80
2,32,1363981293004,32,1363981293076,72,88,48,-24
2,79,1363981293157,79,1363981293213,56,153,137,81
2,70,1363981293276,70,1363981293372,96,119,159,63
2,32,1363981293373,32,1363981293444,71,97,72,1
2,68,1363981293740,68,1363981293836,96,367,392,296
2,69,1363981293940,69,1363981294028,88,200,192,104
2,83,1363981294220,83,1363981294308,88,280,280,192
2,80,1363981294388,80,1363981294452,64,168,144,80
2,65,1363981294556,65,1363981294692,136,168,240,104
2,73,1363981294884,73,1363981294948,64,328,256,192
2,82,1363981295524,82,1363981295620,96,640,672,576
2,188,1363981295732,188,1363981295795,63,208,175,112
2,32,1363981295867,32,1363981295955,88,135,160,72
2,87,1363981296043,87,1363981296139,96,176,184,88
2,69,1363981296235,69,1363981296347,112,192,208,96
2,32,1363981296347,32,1363981296419,72,112,72,0
2,72,1363981296555,72,1363981296611,56,208,192,136
2,65,1363981296651,65,1363981296755,104,96,144,40
2,68,1363981296915,68,1363981296995,80,264,240,160
2,32,1363981297019,32,1363981297083,64,104,88,24
2,69,1363981297203,69,1363981297299,96,184,216,120
2,86,1363981297419,86,1363981297500,81,216,201,120
2,69,1363981297587,69,1363981297651,64,168,151,87
2,82,1363981297707,82,1363981297827,120,120,176,56
2,89,1363981297827,89,1363981297883,56,120,56,0
2,84,1363981297947,84,1363981298075,128,120,192,64
2,72,1363981298019,72,1363981298076,57,72,1,-56
2,73,1363981298147,73,1363981298195,48,128,119,71
2,78,1363981298291,78,1363981298363,72,144,168,96
2,71,1363981298395,71,1363981298467,72,104,104,32
2,32,1363981298523,32,1363981298595,72,128,128,56
2,66,1363981298739,66,1363981298843,104,216,248,144
2,69,1363981299027,69,1363981299123,96,288,280,184
2,70,1363981299259,70,1363981299355,96,232,232,136
2,79,1363981299371,79,1363981299443,72,112,88,16
2,82,1363981299483,82,1363981299563,80,112,120,40
2,69,1363981299651,69,1363981299747,96,168,184,88
2,32,1363981299747,32,1363981299819,72,96,72,0
2,85,1363981299931,85,1363981299995,64,184,176,112
2,83,1363981300051,83,1363981300155,104,120,160,56
2,32,1363981300347,32,1363981300435,88,296,280,192
2,87,1363981300603,87,1363981300715,112,256,280,168
2,69,1363981300835,69,1363981300931,96,232,216,120
2,32,1363981301395,32,1363981301491,96,560,560,464
2,72,1363981301603,72,1363981301659,56,208,168,112
2,65,1363981301691,65,1363981301763,72,88,104,32
2,68,1363981301875,68,1363981301987,112,184,224,112
2,32,1363981301947,32,1363981302011,64,72,24,-40
2,78,1363981302115,78,1363981302171,56,168,160,104
2,79,1363981302243,79,1363981302323,80,128,152,72
2,84,1363981302339,84,1363981302435,96,96,112,16
2,72,1363981302435,72,1363981302483,48,96,48,0
2,73,1363981302563,73,1363981302611,48,128,128,80
2,78,1363981302683,78,1363981302779,96,120,168,72
2,71,1363981302779,71,1363981302867,88,96,88,0
2,32,1363981302963,32,1363981303027,64,184,160,96
2,66,1363981303531,66,1363981303611,80,568,584,504
2,69,1363981303702,69,1363981303819,117,171,208,91
2,70,1363981303891,70,1363981304003,112,189,184,72
2,79,1363981304003,79,1363981304067,64,112,64,0
2,82,1363981304099,82,1363981304163,64,96,96,32
2,69,1363981304227,69,1363981304331,104,128,168,64
2,32,1363981304315,32,1363981304387,72,88,56,-16
2,85,1363981304467,85,1363981304531,64,152,144,80
2,83,1363981304579,83,1363981304683,104,112,152,48
2,188,1363981304755,188,1363981304867,112,176,184,72
2,32,1363981304899,32,1363981305011,112,144,144,32
2,87,1363981305059,87,1363981305147,88,160,136,48
2,69,1363981305251,69,1363981305331,80,192,184,104
2,32,1363981305363,32,1363981305467,104,112,136,32
2,87,1363981305611,87,1363981305723,112,248,256,144
2,69,1363981305811,69,1363981305931,120,200,208,88
2,82,1363981306107,82,1363981306203,96,296,272,176
2,69,1363981306299,69,1363981306395,96,192,192,96
2,32,1363981306395,32,1363981306491,96,96,96,0
2,65,1363981306587,65,1363981306675,88,192,184,96
2,76,1363981306707,76,1363981306755,48,120,80,32
2,76,1363981306835,76,1363981306955,120,128,200,80
2,32,1363981306955,32,1363981307035,80,120,80,0
2,71,1363981307388,71,1363981307476,88,433,441,353
2,79,1363981307532,79,1363981307580,48,144,104,56
2,73,1363981307668,73,1363981307724,56,136,144,88
2,78,1363981307828,78,1363981307892,64,160,168,104
2,71,1363981308180,71,1363981308252,72,352,360,288
2,32,1363981308284,32,1363981308372,88,104,120,32
2,68,1363981308532,68,1363981308668,136,248,296,160
2,73,1363981308652,73,1363981308707,55,120,39,-16
2,82,1363981308747,82,1363981308827,80,95,120,40
2,69,1363981308899,69,1363981308995,96,152,168,72
2,67,1363981309124,67,1363981309219,95,225,224,129
2,84,1363981309340,84,1363981309428,88,216,209,121
2,32,1363981309428,32,1363981309515,87,88,87,0
2,84,1363981309588,84,1363981309683,95,160,168,73
2,79,1363981309684,79,1363981309755,71,96,72,1
2,32,1363981309779,32,1363981309859,80,95,104,24
2,69,1363981310235,69,1363981310324,89,456,465,376
2,65,1363981310412,65,1363981310491,79,177,167,88
2,86,1363981310675,86,1363981310755,80,263,264,184
2,69,1363981310843,69,1363981310947,104,168,192,88
2,78,1363981310979,78,1363981311051,72,136,104,32
2,188,1363981311163,188,1363981311259,96,184,208,112
2,32,1363981311299,32,1363981311411,112,136,152,40
2,87,1363981311459,87,1363981311540,81,160,129,48
2,69,1363981311643,69,1363981311739,96,184,199,103
2,32,1363981311723,32,1363981311795,72,80,56,-16
2,87,1363981311955,87,1363981312059,104,232,264,160
2,69,1363981312155,69,1363981312227,72,200,168,96
2,82,1363981312419,82,1363981312507,88,264,280,192
2,69,1363981312595,69,1363981312699,104,176,192,88
2,32,1363981312700,32,1363981312779,79,105,80,1
2,65,1363981312851,65,1363981312939,88,151,160,72
2,76,1363981312971,76,1363981313027,56,120,88,32
2,76,1363981313108,76,1363981313219,111,137,192,81
2,32,1363981313251,32,1363981313339,88,143,120,32
2,71,1363981313483,71,1363981313587,104,232,248,144
2,79,1363981313587,79,1363981313651,64,104,64,0
2,73,1363981313747,73,1363981313795,48,160,144,96
2,78,1363981313891,78,1363981313963,72,144,168,96
2,71,1363981314107,71,1363981314211,104,216,248,144
2,32,1363981314213,32,1363981314307,94,106,96,2
2,68,1363981314395,68,1363981314539,144,182,232,88
2,73,1363981314507,73,1363981314563,56,112,24,-32
2,82,1363981314627,82,1363981314715,88,120,152,64
2,69,1363981314779,69,1363981314875,96,152,160,64
2,67,1363981315003,67,1363981315091,88,224,216,128
2,84,1363981315219,84,1363981315315,96,216,224,128
2,32,1363981315299,32,1363981315389,90,80,74,-16
2,84,1363981315443,84,1363981315539,96,144,150,54
2,72,1363981315539,72,1363981315595,56,96,56,0
2,69,1363981315643,69,1363981315739,96,104,144,48
2,32,1363981315707,32,1363981315779,72,64,40,-32
2,79,1363981315867,79,1363981315931,64,160,152,88
2,84,1363981315987,84,1363981316083,96,120,152,56
2,72,1363981316083,72,1363981316139,56,96,56,0
2,69,1363981316187,69,1363981316307,120,104,168,48
2,82,1363981316371,82,1363981316515,144,184,208,64
2,32,1363981316515,32,1363981316603,88,144,88,0
2,87,1363981316651,87,1363981316731,80,136,128,48
2,65,1363981316852,65,1363981316979,127,201,248,121
2,89,1363981317067,89,1363981317131,64,215,152,88
2,73,1364314659704,73,1364314659782,78,128,54,-24
2,84,1364314659872,84,1364314659967,95,168,185,90
2,32,1364314659968,32,1364314660048,80,96,81,1
2,87,1364314660104,87,1364314660175,71,136,127,56
2,65,1364314660295,65,1364314660359,64,191,184,120
2,83,1364314660487,83,1364314660583,96,192,224,128
2,32,1364314660575,32,1364314660647,72,88,64,-8
2,84,1364314660687,84,1364314660759,72,112,112,40
2,72,1364314660800,72,1364314660863,63,113,104,41
2,69,1364314660863,69,1364314660960,97,63,97,0
2,32,1364314660976,32,1364314661047,71,113,87,16
2,66,1364314661111,66,1364314661183,72,135,136,64
2,69,1364314661255,69,1364314661335,80,144,152,72
2,83,1364314661447,83,1364314661527,80,192,192,112
2,84,1364314661639,84,1364314661719,80,192,192,112
2,32,1364314661720,32,1364314661791,71,81,72,1
2,79,1364314661895,79,1364314661943,48,175,152,104
2,70,1364314661991,70,1364314662071,80,96,128,48
2,32,1364314662055,32,1364314662143,88,64,72,-16
2,84,1364314662215,84,1364314662327,112,160,184,72
2,73,1364314662311,73,1364314662359,48,96,32,-16
2,77,1364314662455,77,1364314662519,64,144,160,96
2,69,1364314662543,69,1364314662607,64,88,88,24
2,83,1364314662735,83,1364314662839,104,192,232,128
2,188,1364314662856,188,1364314662911,55,121,72,17
2,32,1364314662951,32,1364314663055,104,95,144,40
2,73,1364314663175,73,1364314663231,56,224,176,120
2,84,1364314663311,84,1364314663415,104,136,184,80
2,32,1364314663415,32,1364314663487,72,104,72,0
2,87,1364314663568,87,1364314663647,79,153,160,81
2,65,1364314663759,65,1364314663839,80,191,192,112
2,83,1364314663959,83,1364314664031,72,200,192,120
2,32,1364314664031,32,1364314664095,64,72,64,0
2,84,1364314664151,84,1364314664223,72,120,128,56
2,72,1364314664247,72,1364314664303,56,96,80,24
2,69,1364314664327,69,1364314664415,88,80,112,24
2,32,1364314664431,32,1364314664511,80,104,96,16
2,87,1364314664551,87,1364314664671,120,120,160,40
2,79,1364314664671,79,1364314664735,64,120,64,0
2,82,1364314664991,82,1364314665087,96,320,352,256
2,83,1364314665240,83,1364314665327,87,249,240,153
2,84,1364314665455,84,1364314665543,88,215,216,128
2,32,1364314665567,32,1364314665647,80,112,104,24
2,79,1364314665719,79,1364314665791,72,152,144,72
2,70,1364314665831,70,1364314665911,80,112,120,40
2,32,1364314665895,32,1364314665975,80,64,64,-16
2,84,1364314666047,84,1364314666183,136,152,208,72
2,73,1364314666183,73,1364314666223,40,136,40,0
2,77,1364314666303,77,1364314666375,72,120,152,80
2,69,1364314666391,69,1364314666463,72,88,88,16
2,83,1364314666591,83,1364314666695,104,200,232,128
2,188,1364314666711,188,1364314666783,72,120,88,16
2,32,1364314666831,32,1364314666904,73,120,121,48
2,73,1364314666991,73,1364314667047,56,160,143,87
2,84,1364314667271,84,1364314667375,104,280,328,224
2,32,1364314667399,32,1364314667471,72,128,96,24
2,87,1364314667535,87,1364314667631,96,136,160,64
2,65,1364314667735,65,1364314667823,88,200,192,104
2,83,1364314667943,83,1364314668031,88,208,208,120
2,32,1364314668031,32,1364314668087,56,88,56,0
2,84,1364314668143,84,1364314668207,64,112,120,56
2,72,1364314668239,72,1364314668295,56,96,88,32
2,69,1364314668319,69,1364314668415,96,80,120,24
2,32,1364314668415,32,1364314668495,80,96,80,0
2,65,1364314668559,65,1364314668640,81,144,145,64
2,71,1364314668727,71,1364314668815,88,168,175,87
2,69,1364314668911,69,1364314668999,88,184,184,96
2,32,1364314669031,32,1364314669103,72,120,104,32
2,79,1364314669199,79,1364314669255,56,168,152,96
2,70,1364314669311,70,1364314669423,112,112,168,56
2,32,1364314669423,32,1364314669487,64,112,64,0
2,87,1364314669535,87,1364314669647,112,112,160,48
2,73,1364314669671,73,1364314669727,56,136,80,24
2,83,1364314669839,83,1364314669935,96,168,208,112
2,68,1364314670119,68,1364314670215,96,280,280,184
2,79,1364314670231,79,1364314670295,64,112,80,16
2,77,1364314670383,77,1364314670447,64,152,152,88
2,188,1364314670655,188,1364314670743,88,272,296,208
2,32,1364314670791,32,1364314670871,80,136,128,48
2,73,1364314670967,73,1364314671031,64,176,160,96
2,84,1364314671103,84,1364314671175,72,136,144,72
2,32,1364314671215,32,1364314671287,72,112,112,40
2,87,1364314671383,87,1364314671455,72,168,168,96
2,65,1364314671575,65,1364314671647,72,192,192,120
2,83,1364314671759,83,1364314671855,96,184,208,112
2,32,1364314671831,32,1364314671911,80,72,56,-24
2,84,1364314671959,84,1364314672031,72,128,120,48
2,72,1364314672047,72,1364314672103,56,88,72,16
2,69,1364314672143,69,1364314672239,96,96,136,40
2,32,1364314672239,32,1364314672311,72,96,72,0
2,65,1364314672351,65,1364314672439,88,112,128,40
2,71,1364314672527,71,1364314672599,72,176,160,88
2,69,1364314672687,69,1364314672783,96,160,184,88
2,32,1364314672783,32,1364314672847,64,96,64,0
2,79,1364314672919,79,1364314672991,72,136,144,72
2,70,1364314673047,70,1364314673127,80,128,136,56
2,32,1364314673111,32,1364314673191,80,64,64,-16
2,70,1364314673303,70,1364314673423,120,192,232,112
2,79,1364314673511,79,1364314673583,72,208,160,88
2,79,1364314673711,79,1364314673775,64,200,192,128
2,76,1364314674087,76,1364314674167,80,376,392,312
2,73,1364314674303,73,1364314674375,72,216,208,136
2,83,1364314674495,83,1364314674608,113,192,233,120
2,72,1364314674632,72,1364314674696,64,137,88,24
2,78,1364314675072,78,1364314675136,64,440,440,376
2,69,1364314675168,69,1364314675264,96,96,128,32
2,83,1364314675400,83,1364314675448,48,232,184,136
2,83,1364314675551,83,1364314675639,88,151,191,103
2,188,1364314675680,188,1364314675752,72,129,113,41
2,32,1364314675800,32,1364314675880,80,120,128,48
2,73,1364314675936,73,1364314675991,55,136,111,56
2,84,1364314676056,84,1364314676144,88,120,153,65
2,32,1364314676160,32,1364314676239,79,104,95,16
2,87,1364314676272,87,1364314676360,88,112,121,33
2,65,1364314676464,65,1364314676560,96,192,200,104
2,83,1364314676664,83,1364314676775,111,200,215,104
2,32,1364314676768,32,1364314676831,63,104,56,-7
2,84,1364314676879,84,1364314676959,80,111,128,48
2,72,1364314676991,72,1364314677047,56,112,88,32
2,69,1364314677079,69,1364314677168,89,88,121,32
2,32,1364314677168,32,1364314677247,79,89,79,0
2,69,1364314677359,69,1364314677455,96,191,208,112
2,80,1364314677687,80,1364314677744,57,328,289,232
2,79,1364314677863,79,1364314677927,64,176,183,119
2,67,1364314678088,67,1364314678199,111,225,272,161
2,72,1364314678240,72,1364314678304,64,152,105,41
2,32,1364314678360,32,1364314678439,79,120,135,56
2,79,1364314678519,79,1364314678591,72,159,152,80
2,70,1364314678672,70,1364314678759,87,153,168,81
2,32,1364314678760,32,1364314678839,79,88,80,1
2,66,1364314678960,66,1364314679024,64,200,185,121
2,69,1364314679128,69,1364314679223,95,168,199,104
2,76,1364314679304,76,1364314679367,63,176,144,81
2,73,1364314679447,73,1364314679511,64,143,144,80
2,69,1364314679751,69,1364314679855,104,304,344,240
2,70,1364314680039,70,1364314680119,80,288,264,184
2,188,1364314680247,188,1364314680327,80,208,208,128
2,32,1364314680375,32,1364314680455,80,128,128,48
2,73,1364314680543,73,1364314680591,48,168,136,88
2,84,1364314680647,84,1364314680759,112,104,168,56
2,32,1364314680759,32,1364314680831,72,112,72,0
2,87,1364314680879,87,1364314680951,72,120,120,48
2,65,1364314681063,65,1364314681135,72,184,184,112
2,83,1364314681255,83,1364314681351,96,192,216,120
2,32,1364314681335,32,1364314681407,72,80,56,-16
2,84,1364314681439,84,1364314681511,72,104,104,32
2,72,1364314681535,72,1364314681591,56,96,80,24
2,69,1364314681607,69,1364314681704,97,72,113,16
2,32,1364314681663,32,1364314681744,81,56,40,-41
2,69,1364314681887,69,1364314681983,96,224,239,143
2,80,1364314682095,80,1364314682151,56,208,168,112
2,79,1364314682223,79,1364314682295,72,128,144,72
2,67,1364314682543,67,1364314682663,120,320,368,248
2,72,1364314682687,72,1364314682759,72,144,96,24
2,32,1364314682759,32,1364314682839,80,72,80,0
2,79,1364314682895,79,1364314682975,80,136,136,56
2,70,1364314683039,70,1364314683135,96,144,160,64
2,32,1364314683135,32,1364314683215,80,96,80,0
2,73,1364314683423,73,1364314683479,56,288,264,208
2,78,1364314683615,78,1364314683687,72,192,208,136
2,67,1364314683983,67,1364314684080,97,368,393,296
2,82,1364314684191,82,1364314684303,112,208,223,111
2,69,1364314684399,69,1364314684479,80,208,176,96
2,68,1364314684720,68,1364314684791,71,321,312,241
2,85,1364314685015,85,1364314685079,64,295,288,224
2,76,1364314685295,76,1364314685375,80,280,296,216
2,73,1364314685463,73,1364314685527,64,168,152,88
2,84,1364314685631,84,1364314685735,104,168,208,104
2,89,1364314685736,89,1364314685791,55,105,56,1
2,75,1364314685967,75,1364314685999,32,231,208,176
2,188,1364314685968,188,1364314686015,47,1,16,-31
2,32,1364314686087,32,1364314686159,72,119,144,72
2,73,1364314686223,73,1364314686279,56,136,120,64
2,84,1364314686335,84,1364314686423,88,112,144,56
2,32,1364314686423,32,1364314686487,64,88,64,0
2,87,1364314686559,87,1364314686631,72,136,144,72
2,65,1364314686751,65,1364314686823,72,192,192,120
2,83,1364314686935,83,1364314687031,96,184,208,112
2,32,1364314687023,32,1364314687087,64,88,56,-8
2,84,1364314687119,84,1364314687191,72,96,104,32
2,72,1364314687215,72,1364314687263,48,96,72,24
2,69,1364314687303,69,1364314687399,96,88,136,40
2,32,1364314687399,32,1364314687455,56,96,56,0
2,83,1364314687791,83,1364314687879,88,392,424,336
2,69,1364314687951,69,1364314688031,80,160,152,72
2,65,1364314688127,65,1364314688215,88,176,184,96
2,83,1364314688321,83,1364314688447,126,194,232,106
2,79,1364314688423,79,1364314688495,72,102,48,-24
2,78,1364314688575,78,1364314688671,96,152,176,80
2,32,1364314688663,32,1364314688751,88,88,80,-8
2,79,1364314688791,79,1364314688855,64,128,104,40
2,70,1364314688919,70,1364314689000,81,128,145,64
2,32,1364314689015,32,1364314689111,96,96,111,15
2,16,1364314689191,16,1364314689415,224,176,304,80
2,76,1364314689351,76,1364314689415,64,160,0,-64
2,73,1364314689527,73,1364314689591,64,176,176,112
2,71,1364314689679,71,1364314689791,112,152,200,88
2,72,1364314690015,72,1364314690079,64,336,288,224
2,84,1364314690135,84,1364314690199,64,120,120,56
2,188,1364314690335,188,1364314690407,72,200,208,136
2,32,1364314690479,32,1364314690567,88,144,160,72
2,73,1364314690639,73,1364314690695,56,160,128,72
2,84,1364314690743,84,1364314690839,96,104,144,48
2,32,1364314690839,32,1364314690911,72,96,72,0
2,87,1364314690951,87,1364314691031,80,112,120,40
2,65,1364314691135,65,1364314691207,72,184,176,104
2,83,1364314691351,83,1364314691463,112,216,256,144
2,32,1364314691455,32,1364314691519,64,104,56,-8
2,84,1364314691567,84,1364314691647,80,112,128,48
2,72,1364314691671,72,1364314691727,56,104,80,24
2,69,1364314691743,69,1364314691839,96,72,112,16
2,32,1364314691839,32,1364314691895,56,96,56,0
2,83,1364314692144,83,1364314692232,88,305,337,249
2,69,1364314692304,69,1364314692384,80,160,152,72
2,65,1364314692489,65,1364314692592,103,185,208,105
2,83,1364314692736,83,1364314692840,104,247,248,144
2,79,1364314692840,79,1364314692904,64,104,64,0
2,78,1364314692992,78,1364314693064,72,152,160,88
2,32,1364314693064,32,1364314693144,80,72,80,0
2,79,1364314693176,79,1364314693248,72,112,104,32
2,70,1364314693320,70,1364314693392,72,144,144,72
2,32,1364314693392,32,1364314693464,72,72,72,0
2,16,1364314693544,16,1364314693760,216,152,296,80
2,68,1364314693696,68,1364314693800,104,152,40,-64
2,65,1364314693936,65,1364314694016,80,240,216,136
2,82,1364314694232,82,1364314694350,118,296,334,216
2,75,1364314694471,75,1364314694535,64,239,185,121
2,78,1364314694663,78,1364314694719,56,192,184,128
2,69,1364314694767,69,1364314694831,64,104,112,48
2,83,1364314694975,83,1364314695039,64,208,208,144
2,83,1364314695143,83,1364314695231,88,168,192,104
2,188,1364314695272,188,1364314695327,55,129,96,41
2,32,1364314695367,32,1364314695455,88,95,128,40
2,73,1364314695519,73,1364314695567,48,152,112,64
2,84,1364314695615,84,1364314695695,80,96,128,48
2,32,1364314695696,32,1364314695775,79,81,80,1
2,87,1364314695815,87,1364314695904,89,119,129,40
2,65,1364314696015,65,1364314696096,81,200,192,111
2,83,1364314696215,83,1364314696311,96,200,215,119
2,32,1364314696312,32,1364314696383,71,97,72,1
2,84,1364314696415,84,1364314696495,80,103,112,32
2,72,1364314696511,72,1364314696567,56,96,72,16
2,69,1364314696599,69,1364314696679,80,88,112,32
2,32,1364314696639,32,1364314696727,88,40,48,-40
2,83,1364314696944,83,1364314697063,119,305,336,217
2,80,1364314697111,80,1364314697183,72,167,120,48
2,82,1364314697296,82,1364314697407,111,185,224,113
2,73,1364314697399,73,1364314697447,48,103,40,-8
2,78,1364314697543,78,1364314697607,64,144,160,96
2,71,1364314697679,71,1364314697743,64,136,136,72
2,32,1364314697767,32,1364314697839,72,88,96,24
2,79,1364314697952,79,1364314698015,63,185,176,113
2,70,1364314698104,70,1364314698183,79,152,168,89
2,32,1364314698207,32,1364314698279,72,103,96,24
2,72,1364314698511,72,1364314698583,72,304,304,232
2,79,1364314698647,79,1364314698719,72,136,136,64
2,80,1364314698816,80,1364314698871,55,169,152,97
2,69,1364314698983,69,1364314699064,81,167,193,112
2,188,1364314699135,188,1364314699207,72,152,143,71
2,32,1364314699263,32,1364314699327,64,128,120,56
2,73,1364314699399,73,1364314699455,56,136,128,72
2,84,1364314699511,84,1364314699591,80,112,136,56
2,32,1364314699639,32,1364314699711,72,128,120,48
2,87,1364314699751,87,1364314699831,80,112,120,40
2,65,1364314699943,65,1364314700023,80,192,192,112
2,83,1364314700167,83,1364314700271,104,224,248,144
2,32,1364314700239,32,1364314700311,72,72,40,-32
2,84,1364314700383,84,1364314700463,80,144,152,72
2,72,1364314700463,72,1364314700519,56,80,56,0
2,69,1364314700567,69,1364314700647,80,104,128,48
2,32,1364314700647,32,1364314700711,64,80,64,0
2,87,1364314700943,87,1364314701055,112,296,344,232
2,73,1364314701111,73,1364314701167,56,168,112,56
2,78,1364314701264,78,1364314701335,71,153,168,97
2,84,1364314701447,84,1364314701519,72,183,184,112
2,69,1364314701647,69,1364314701727,80,200,208,128
2,82,1364314701815,82,1364314701919,104,168,192,88
2,32,1364314701887,32,1364314701951,64,72,32,-32
2,79,1364314702031,79,1364314702104,73,144,153,80
2,70,1364314702167,70,1364314702255,88,136,151,63
2,32,1364314702247,32,1364314702335,88,80,80,-8
2,68,1364314702431,68,1364314702519,88,184,184,96
2,69,1364314702623,69,1364314702727,104,192,208,104
2,83,1364314702847,83,1364314702967,120,224,240,120
2,80,1364314703063,80,1364314703135,72,216,168,96
2,65,1364314703335,65,1364314703439,104,272,304,200
2,73,1364314703495,73,1364314703567,72,160,128,56
2,82,1364314703703,82,1364314703791,88,208,224,136
2,188,1364314703879,188,1364314703943,64,176,152,88
2,32,1364314703983,32,1364314704079,96,104,136,40
2,87,1364314704159,87,1364314704271,112,176,192,80
2,69,1364314704543,69,1364314704607,64,384,336,272
2,32,1364314704655,32,1364314704727,72,112,120,48
2,72,1364314704839,72,1364314704903,64,184,176,112
2,65,1364314704935,65,1364314705015,80,96,112,32
2,68,1364314705135,68,1364314705223,88,200,208,120
2,32,1364314705223,32,1364314705287,64,88,64,0
2,69,1364314705391,69,1364314705471,80,168,184,104
2,86,1364314705615,86,1364314705695,80,224,224,144
2,69,1364314705767,69,1364314705839,72,152,144,72
2,82,1364314705919,82,1364314706055,136,152,216,80
2,89,1364314706055,89,1364314706103,48,136,48,0
2,84,1364314706167,84,1364314706271,104,112,168,64
2,72,1364314706215,72,1364314706271,56,48,0,-56
2,73,1364314706354,73,1364314706391,37,139,120,83
2,78,1364314706471,78,1364314706551,80,117,160,80
2,71,1364314706575,71,1364314706647,72,104,96,24
2,32,1364314706679,32,1364314706743,64,104,96,32
2,66,1364314706807,66,1364314706895,88,128,152,64
2,69,1364314706975,69,1364314707063,88,168,168,80
2,70,1364314707151,70,1364314707263,112,176,200,88
2,79,1364314707263,79,1364314707335,72,112,72,0
2,82,1364314707359,82,1364314707447,88,96,112,24
2,69,1364314707511,69,1364314707623,112,152,176,64
2,32,1364314707607,32,1364314707663,56,96,40,-16
2,85,1364314707759,85,1364314707807,48,152,144,96
2,83,1364314707887,83,1364314707991,104,128,184,80
2,188,1364314708063,188,1364314708127,64,176,136,72
2,32,1364314708175,32,1364314708247,72,112,120,48
2,87,1364314708295,87,1364314708391,96,120,144,48
2,69,1364314708479,69,1364314708591,112,184,200,88
2,32,1364314708607,32,1364314708687,80,128,96,16
2,72,1364314708823,72,1364314708887,64,216,200,136
2,65,1364314708935,65,1364314709015,80,112,128,48
2,68,1364314709119,68,1364314709215,96,184,200,104
2,32,1364314709215,32,1364314709271,56,96,56,0
2,78,1364314709367,78,1364314709423,56,152,152,96
2,79,1364314709495,79,1364314709576,81,128,153,72
2,84,1364314709608,84,1364314709704,96,113,128,32
2,72,1364314709704,72,1364314709744,40,96,40,0
2,73,1364314709808,73,1364314709864,56,104,120,64
2,78,1364314709944,78,1364314710024,80,136,160,80
2,71,1364314710080,71,1364314710152,72,136,128,56
2,32,1364314710176,32,1364314710232,56,96,80,24
2,66,1364314710368,66,1364314710448,80,192,216,136
2,69,1364314710536,69,1364314710632,96,168,184,88
2,70,1364314710712,70,1364314710808,96,176,176,80
2,79,1364314710808,79,1364314710880,72,96,72,0
2,82,1364314710912,82,1364314710976,64,104,96,32
2,69,1364314711040,69,1364314711136,96,128,160,64
2,32,1364314711104,32,1364314711192,88,64,56,-32
2,85,1364314711272,85,1364314711336,64,168,144,80
2,83,1364314711360,83,1364314711472,112,88,136,24
2,188,1364314711520,188,1364314711575,55,160,103,48
2,32,1364314711640,32,1364314711712,72,120,137,65
2,87,1364314711752,87,1364314711851,99,112,139,40
2,69,1364314711928,69,1364314712032,104,176,181,77
2,32,1364314712048,32,1364314712119,71,120,87,16
2,87,1364314712256,87,1364314712368,112,208,249,137
2,69,1364314712455,69,1364314712592,137,199,224,87
2,82,1364314712679,82,1364314712775,96,224,183,87
2,69,1364314712864,69,1364314712952,88,185,177,89
2,32,1364314712952,32,1364314713039,87,88,87,0
2,65,1364314713135,65,1364314713215,80,183,176,96
2,76,1364314713239,76,1364314713287,48,104,72,24
2,76,1364314713359,76,1364314713471,112,120,184,72
2,32,1364314713472,32,1364314713543,71,113,72,1
2,71,1364314713696,71,1364314713783,87,224,240,153
2,79,1364314713807,79,1364314713871,64,111,88,24
2,73,1364314713951,73,1364314713999,48,144,128,80
2,78,1364314714088,78,1364314714143,55,137,144,89
2,71,1364314714575,71,1364314714647,72,487,504,432
2,32,1364314714704,32,1364314714807,103,129,160,57
2,68,1364314714936,68,1364314715055,119,232,248,129
2,73,1364314715047,73,1364314715095,48,111,40,-8
2,82,1364314715135,82,1364314715191,56,88,96,40
2,69,1364314715255,69,1364314715335,80,120,144,64
2,67,1364314715455,67,1364314715519,64,200,184,120
2,84,1364314715639,84,1364314715711,72,184,192,120
2,32,1364314715711,32,1364314715783,72,72,72,0
2,84,1364314715999,84,1364314716079,80,288,296,216
2,79,1364314716144,79,1364314716215,71,145,136,65
2,32,1364314716255,32,1364314716327,72,111,112,40
2,16,1364314716351,16,1364314716519,168,96,192,24
2,72,1364314716488,72,1364314716544,56,137,25,-31
2,69,1364314716615,69,1364314716703,88,127,159,71
2,65,1364314716783,65,1364314716879,96,168,176,80
2,86,1364314716975,86,1364314717063,88,192,184,96
2,69,1364314717175,69,1364314717263,88,200,200,112
2,78,1364314717327,78,1364314717391,64,152,128,64
2,188,1364314717503,188,1364314717575,72,176,184,112
2,32,1364314717607,32,1364314717703,96,104,128,32
2,87,1364314717735,87,1364314717823,88,128,120,32
2,69,1364314717911,69,1364314718007,96,176,184,88
2,32,1364314717983,32,1364314718055,72,72,48,-24
2,87,1364314718295,87,1364314718399,104,312,344,240
2,69,1364314718471,69,1364314718583,112,176,184,72
2,82,1364314718799,82,1364314718887,88,328,304,216
2,69,1364314718959,69,1364314719055,96,160,168,72
2,32,1364314719055,32,1364314719127,72,96,72,0
2,65,1364314719215,65,1364314719287,72,160,160,88
2,76,1364314719311,76,1364314719375,64,96,88,24
2,76,1364314719455,76,1364314719551,96,144,176,80
2,32,1364314719583,32,1364314719663,80,128,112,32
2,71,1364314719767,71,1364314719855,88,184,192,104
2,79,1364314719855,79,1364314719911,56,88,56,0
2,73,1364314719983,73,1364314720031,48,128,120,72
2,78,1364314720103,78,1364314720183,80,120,152,72
2,71,1364314720279,71,1364314720359,80,176,176,96
2,32,1364314720391,32,1364314720472,81,112,113,32
2,68,1364314720575,68,1364314720695,120,184,223,103
2,73,1364314720695,73,1364314720751,56,120,56,0
2,82,1364314720791,82,1364314720863,72,96,112,40
2,69,1364314720943,69,1364314721023,80,152,160,80
2,67,1364314721143,67,1364314721223,80,200,200,120
2,84,1364314721335,84,1364314721407,72,192,184,112
2,32,1364314721431,32,1364314721527,96,96,120,24
2,84,1364314721543,84,1364314721639,96,112,112,16
2,72,1364314721639,72,1364314721703,64,96,64,0
2,69,1364314721735,69,1364314721831,96,96,128,32
2,32,1364314721831,32,1364314721895,64,96,64,0
2,79,1364314721943,79,1364314722015,72,112,120,48
2,84,1364314722055,84,1364314722159,104,112,144,40
2,72,1364314722159,72,1364314722215,56,104,56,0
2,69,1364314722271,69,1364314722351,80,112,136,56
2,82,1364314722423,82,1364314722511,88,152,160,72
2,32,1364314722495,32,1364314722559,64,72,48,-16
2,87,1364314722623,87,1364314722719,96,128,160,64
2,65,1364314722823,65,1364314722967,144,200,248,104
2,89,1364314723055,89,1364314723127,72,232,160,88
2,190,1364314724247,190,1364314724311,64,1192,1184,1120
2,71,1364572387320,71,1364572387456,136,192,72,-64
2,73,1364572387536,73,1364572387600,64,216,144,80
2,86,1364572387648,86,1364572387728,80,112,128,48
2,69,1364572387816,69,1364572387928,112,168,200,88
2,78,1364572387968,78,1364572388032,64,152,104,40
2,32,1364572388136,32,1364572388224,88,168,192,104
2,84,1364572388528,84,1364572388664,136,392,440,304
2,72,1364572388688,72,1364572388760,72,160,96,24
2,69,1364572388800,69,1364572388864,64,112,104,40
2,32,1364572389464,32,1364572389560,96,664,696,600
2,67,1364572389840,67,1364572389968,128,376,408,280
2,82,1364572390176,82,1364572390264,88,336,296,208
2,85,1364572390360,85,1364572390440,80,184,176,96
2,67,1364572390736,67,1364572390856,120,376,416,296
2,73,1364572390880,73,1364572390935,55,144,79,24
2,65,1364572391016,65,1364572391088,72,136,153,81
2,76,1364572391207,76,1364572391271,64,191,183,119
2,32,1364572391327,32,1364572391399,72,120,128,56
2,82,1364572391527,82,1364572391639,112,200,240,128
2,79,1364572391640,79,1364572391703,63,113,64,1
2,76,1364572391847,76,1364572391919,72,207,216,144
2,69,1364572391983,69,1364572392071,88,136,152,64
2,83,1364572392191,83,1364572392295,104,208,224,120
2,32,1364572392272,32,1364572392335,63,81,40,-23
2,79,1364572392415,79,1364572392487,72,143,152,80
2,70,1364572392528,70,1364572392608,80,113,121,41
2,32,1364572392608,32,1364572392671,63,80,63,0
2,77,1364572392751,77,1364572392815,64,143,144,80
2,73,1364572392904,73,1364572392967,63,153,152,89
2,83,1364572393943,83,1364572394031,88,1039,1064,976
2,32,1364572394063,32,1364572394127,64,120,96,32
2,73,1364572394239,73,1364572394288,49,176,161,112
2,78,1364572394391,78,1364572394479,88,152,191,103
2,32,1364572394495,32,1364572394543,48,104,64,16
2,80,1364572394615,80,1364572394679,64,120,136,72
2,76,1364572394799,76,1364572394855,56,184,176,120
2,65,1364572394935,65,1364572395031,96,136,176,80
2,78,1364572395031,78,1364572395087,56,96,56,0
2,84,1364572395151,84,1364572395215,64,120,128,64
2,32,1364572395255,32,1364572395327,72,104,112,40
2,68,1364572395399,68,1364572395455,56,144,128,72
2,69,1364572395567,69,1364572395631,64,168,176,112
2,86,1364572395751,86,1364572395831,80,184,200,120
2,69,1364572395951,69,1364572396039,88,200,208,120
2,76,1364572396255,76,1364572396335,80,304,296,216
2,79,1364572396471,79,1364572396551,80,216,216,136
2,80,1364572396703,80,1364572396775,72,232,224,152
2,77,1364572396999,77,1364572397055,56,296,280,224
2,69,1364572397111,69,1364572397191,80,112,136,56
2,78,1364572397231,78,1364572397287,56,120,96,40
2,84,1364572397367,84,1364572397431,64,136,144,80
2,32,1364572397479,32,1364572397551,72,112,120,48
2,65,1364572397639,65,1364572397719,80,160,168,88
2,78,1364572397799,78,1364572397855,56,160,136,80
2,68,1364572397959,68,1364572398087,128,160,232,104
2,32,1364572398679,32,1364572398783,104,720,696,592
2,82,1364572399079,82,1364572399160,81,400,377,296
2,69,1364572399224,69,1364572399304,80,145,144,64
2,83,1364572399424,83,1364572399520,96,200,216,120
2,80,1364572399608,80,1364572399672,64,184,152,88
2,79,1364572399769,79,1364572399848,79,161,176,97
2,78,1364572399976,78,1364572400040,64,207,192,128
2,83,1364572400368,83,1364572400464,96,392,424,328
2,69,1364572400576,69,1364572400680,104,208,216,112
2,83,1364572400832,83,1364572400920,88,256,240,152
2,32,1364572400936,32,1364572401024,88,104,104,16
2,84,1364572401096,84,1364572401168,72,160,144,72
2,79,1364572401192,79,1364572401272,80,96,104,24
2,32,1364572401304,32,1364572401368,64,112,96,32
2,69,1364572401448,69,1364572401568,120,144,200,80
2,78,1364572401600,78,1364572401656,56,152,88,32
2,86,1364572402080,86,1364572402152,72,480,496,424
2,73,1364572402208,73,1364572402264,56,128,112,56
2,82,1364572402352,82,1364572402432,80,144,168,88
2,79,1364572402488,79,1364572402552,64,136,120,56
2,78,1364572402640,78,1364572402696,56,152,144,88
2,77,1364572402816,77,1364572402872,56,176,176,120
2,69,1364572402912,69,1364572403008,96,96,136,40
2,78,1364572403056,78,1364572403120,64,144,112,48
2,84,1364572403144,84,1364572403224,80,88,104,24
2,65,1364572403344,65,1364572403424,80,200,200,120
2,76,1364572403456,76,1364572403544,88,112,120,32
2,32,1364572403592,32,1364572403664,72,136,120,48
2,67,1364572403736,67,1364572403848,112,144,184,72
2,72,1364572403848,72,1364572403912,64,112,64,0
2,65,1364572403968,65,1364572404056,88,120,144,56
2,76,1364572404192,76,1364572404248,56,224,192,136
2,76,1364572404328,76,1364572404400,72,136,152,80
2,69,1364572404472,69,1364572404552,80,144,152,72
2,78,1364572404584,78,1364572404640,56,112,88,32
2,71,1364572404728,71,1364572404800,72,144,160,88
2,69,1364572404888,69,1364572404960,72,160,160,88
2,83,1364572405104,83,1364572405208,104,216,248,144
2,188,1364572405288,188,1364572405360,72,184,152,80
2,32,1364572405432,32,1364572405520,88,144,160,72
2,65,1364572405592,65,1364572405680,88,160,160,72
2,32,1364572405712,32,1364572405776,64,120,96,32
2,67,1364572405928,67,1364572406048,120,216,272,152
2,79,1364572406072,79,1364572406136,64,144,88,24
2,77,1364572406224,77,1364572406288,64,152,152,88
2,80,1364572406440,80,1364572406496,56,216,208,152
2,65,1364572406576,65,1364572406712,136,136,216,80
2,82,1364572406784,82,1364572406864,80,208,152,72
2,65,1364572406968,65,1364572407056,88,184,192,104
2,84,1364572407136,84,1364572407232,96,168,176,80
2,73,1364572407264,73,1364572407328,64,128,96,32
2,86,1364572407376,86,1364572407448,72,112,120,48
2,69,1364572407536,69,1364572407640,104,160,192,88
2,32,1364572407640,32,1364572407720,80,104,80,0
2,65,1364572407768,65,1364572407848,80,128,128,48
2,80,1364572407952,80,1364572408016,64,184,168,104
2,80,1364572408080,80,1364572408168,88,128,152,64
2,82,1364572408504,82,1364572408608,104,424,440,336
2,79,1364572408632,79,1364572408688,56,128,80,24
2,65,1364572408743,65,1364572408816,73,111,128,55
2,67,1364572408959,67,1364572409056,97,216,240,143
2,72,1364572409136,72,1364572409199,63,177,143,80
2,32,1364572409280,32,1364572409359,79,144,160,81
2,83,1364572409495,83,1364572409600,105,215,241,136
2,72,1364572409600,72,1364572409663,63,105,63,0
2,79,1364572409735,79,1364572409816,81,135,153,72
2,85,1364572409816,85,1364572409871,55,81,55,0
2,76,1364572409983,76,1364572410047,64,167,176,112
2,68,1364572410103,68,1364572410167,64,120,120,56
2,32,1364572410207,32,1364572410264,57,104,97,40
2,80,1364572410407,80,1364572410463,56,200,199,143
2,82,1364572410608,82,1364572410704,96,201,241,145
2,79,1364572410743,79,1364572410807,64,135,103,39
2,86,1364572410911,86,1364572410983,72,168,176,104
2,69,1364572411104,69,1364572411175,71,193,192,121
2,32,1364572411207,32,1364572411287,80,103,112,32
2,70,1364572411367,70,1364572411464,97,160,177,80
2,82,1364572411783,82,1364572411895,112,416,431,319
2,85,1364572411935,85,1364572411999,64,152,104,40
2,73,1364572412079,73,1364572412143,64,144,144,80
2,84,1364572412223,84,1364572412296,73,144,153,80
2,70,1364572412471,70,1364572412535,64,248,239,175
2,85,1364572412567,85,1364572412631,64,96,96,32
2,76,1364572412767,76,1364572412847,80,200,216,136
2,32,1364572413143,32,1364572413215,72,376,368,296
2,73,1364572413327,73,1364572413383,56,184,168,112
2,78,1364572413479,78,1364572413559,80,152,176,96
2,32,1364572413607,32,1364572413719,112,128,160,48
2,73,1364572413840,73,1364572413895,55,233,176,121
2,68,1364572414039,68,1364572414127,88,199,232,144
2,69,1364572414223,69,1364572414319,96,184,192,96
2,78,1364572414335,78,1364572414407,72,112,88,16
2,84,1364572414487,84,1364572414575,88,152,168,80
2,73,1364572414639,73,1364572414703,64,152,128,64
2,70,1364572414799,70,1364572414863,64,160,160,96
2,89,1364572415079,89,1364572415143,64,280,280,216
2,73,1364572415271,73,1364572415327,56,192,184,128
2,78,1364572415423,78,1364572415487,64,152,160,96
2,71,1364572415599,71,1364572415655,56,176,168,112
2,32,1364572415703,32,1364572415775,72,104,120,48
2,65,1364572415871,65,1364572415935,64,168,160,96
2,68,1364572416055,68,1364572416135,80,184,200,120
2,65,1364572416487,65,1364572416575,88,432,440,352
2,80,1364572416656,80,1364572416720,64,169,145,81
2,84,1364572416880,84,1364572416952,72,224,232,160
2,65,1364572417048,65,1364572417120,72,168,168,96
2,66,1364572417216,66,1364572417296,80,168,176,96
2,76,1364572417328,76,1364572417400,72,112,104,32
2,69,1364572417432,69,1364572417520,88,104,120,32
2,32,1364572417521,32,1364572417584,63,89,64,1
2,77,1364572417672,77,1364572417736,64,151,152,88
2,73,1364572417824,73,1364572417880,56,152,144,88
2,32,1364572418712,32,1364572418784,72,888,904,832
2,71,1364572418888,71,1364572418952,64,176,168,104
2,69,1364572419032,69,1364572419144,112,144,192,80
2,78,1364572419144,78,1364572419200,56,112,56,0
2,69,1364572419232,69,1364572419320,88,88,120,32
2,32,1364572419360,32,1364572419424,64,128,104,40
2,66,1364572419520,66,1364572419592,72,160,168,96
2,65,1364572419696,65,1364572419776,80,176,184,104
2,84,1364572419864,84,1364572419936,72,168,160,88
2,84,1364572419992,84,1364572420096,104,128,160,56
2,69,1364572420176,69,1364572420264,88,184,168,80
2,82,1364572420344,82,1364572420464,120,168,200,80
2,73,1364572420464,73,1364572420528,64,120,64,0
2,69,1364572420584,69,1364572420664,80,120,136,56
2,83,1364572420800,83,1364572420880,80,216,216,136
2,32,1364572420920,32,1364572421008,88,120,128,40
2,65,1364572421064,65,1364572421152,88,144,144,56
2,78,1364572421176,78,1364572421225,49,112,73,24
2,68,1364572421264,68,1364572421376,112,88,151,39
2,32,1364572421336,32,1364572421408,72,72,32,-40
2,84,1364572421530,84,1364572421616,86,194,208,122
2,65,1364572421704,65,1364572421824,120,174,208,88
2,8,1364572422080,8,1364572422152,72,376,328,256
2,82,1364572422440,82,1364572422536,96,360,384,288
2,65,1364572422600,65,1364572422680,80,160,144,64
2,67,1364572422824,67,1364572422944,120,224,264,144
2,73,1364572422992,73,1364572423040,48,168,96,48
2,78,1364572423128,78,1364572423192,64,136,152,88
2,71,1364572423352,71,1364572423408,56,224,216,160
2,32,1364572423432,32,1364572423520,88,80,112,24
2,84,1364572423640,84,1364572423744,104,208,224,120
2,72,1364572423744,72,1364572423816,72,104,72,0
2,69,1364572423896,69,1364572423984,88,152,168,80
2,73,1364572424392,73,1364572424464,72,496,480,408
2,82,1364572424520,82,1364572424640,120,128,176,56
2,32,1364572424632,32,1364572424712,80,112,72,-8
2,69,1364572425696,69,1364572425792,96,1064,1080,984
2,86,1364572426216,86,1364572426304,88,520,512,424
2,79,1364572426344,79,1364572426400,56,128,96,40
2,76,1364572426512,76,1364572426576,64,168,176,112
2,85,1364572426648,85,1364572426719,71,136,143,72
2,84,1364572426799,84,1364572426880,81,151,161,80
2,73,1364572426880,73,1364572426935,55,81,55,0
2,79,1364572426991,79,1364572427048,57,111,113,56
2,78,1364572427120,78,1364572427191,71,129,143,72
2,32,1364572427239,32,1364572427303,64,119,112,48
2,84,1364572427359,84,1364572427448,89,120,145,56
2,79,1364572427448,79,1364572427519,71,89,71,0
2,32,1364572427552,32,1364572427623,71,104,104,33
2,72,1364572427712,72,1364572427783,71,160,160,89
2,69,1364572427808,69,1364572427864,56,96,81,25
2,76,1364572427943,76,1364572428015,72,135,151,79
2,80,1364572428175,80,1364572428240,65,232,225,160
2,32,1364572428335,32,1364572428399,64,160,159,95
2,85,1364572428487,85,1364572428551,64,152,152,88
2,83,1364572428615,83,1364572428719,104,128,168,64
2,32,1364572428687,32,1364572428767,80,72,48,-32
2,85,1364572428847,85,1364572428895,48,160,128,80
2,78,1364572429023,78,1364572429071,48,176,176,128
2,68,1364572429111,68,1364572429223,112,88,152,40
2,69,1364572429415,69,1364572429544,129,304,321,192
2,82,1364572429647,82,1364572429736,89,232,192,103
2,83,1364572429919,83,1364572430007,88,272,271,183
2,84,1364572430071,84,1364572430127,56,152,120,64
2,65,1364572430215,65,1364572430311,96,144,184,88
2,78,1364572430327,78,1364572430383,56,112,72,16
2,68,1364572430447,68,1364572430535,88,120,152,64
2,32,1364572430535,32,1364572430591,56,88,56,0
2,84,1364572430647,84,1364572430727,80,112,136,56
2,72,1364572430727,72,1364572430783,56,80,56,0
2,69,1364572430839,69,1364572430919,80,112,136,56
2,32,1364572430903,32,1364572430967,64,64,48,-16
2,80,1364572431055,80,1364572431111,56,152,144,88
2,72,1364572431351,72,1364572431423,72,296,312,240
2,89,1364572431520,89,1364572431583,63,169,160,97
2,83,1364572431855,83,1364572431935,80,335,352,272
2,73,1364572431967,73,1364572432031,64,112,96,32
2,79,1364572432207,79,1364572432271,64,240,240,176
2,76,1364572432399,76,1364572432455,56,192,184,128
2,79,1364572432583,79,1364572432655,72,184,200,128
2,71,1364572432847,71,1364572432935,88,264,280,192
2,73,1364572432959,73,1364572433023,64,112,88,24
2,67,1364572433095,67,1364572433167,72,136,144,72
2,65,1364572433271,65,1364572433335,64,176,168,104
2,76,1364572433336,76,1364572433407,71,65,72,1
2,32,1364572433463,32,1364572433535,72,127,128,56
2,68,1364572433599,68,1364572433703,104,136,168,64
2,73,1364572433719,73,1364572433775,56,120,72,16
2,86,1364572434184,86,1364572434248,64,465,473,409
2,69,1364572434328,69,1364572434408,80,144,160,80
2,82,1364572434448,82,1364572434512,64,120,104,40
2,83,1364572434640,83,1364572434752,112,192,240,128
2,73,1364572434752,73,1364572434800,48,112,48,0
2,84,1364572434864,84,1364572434936,72,112,136,64
2,89,1364572434976,89,1364572435040,64,112,104,40
2,32,1364572435096,32,1364572435160,64,120,120,56
2,65,1364572435216,65,1364572435312,96,120,152,56
2,78,1364572435312,78,1364572435368,56,96,56,0
2,68,1364572435416,68,1364572435488,72,104,120,48
2,32,1364572435488,32,1364572435560,72,72,72,0
2,83,1364572435648,83,1364572435736,88,160,176,88
2,85,1364572435784,85,1364572435840,56,136,104,48
2,67,1364572436032,67,1364572436128,96,248,288,192
2,67,1364572436216,67,1364572436320,104,184,192,88
2,69,1364572436464,69,1364572436552,88,248,232,144
2,83,1364572436680,83,1364572436744,64,216,192,128
2,83,1364572436840,83,1364572436920,80,160,176,96
2,70,1364572437024,70,1364572437136,112,184,216,104
2,85,1364572437136,85,1364572437192,56,112,56,0
2,76,1364572437280,76,1364572437352,72,144,160,88
2,32,1364572437416,32,1364572437480,64,136,128,64
2,65,1364572437528,65,1364572437592,64,112,112,48
2,68,1364572437728,68,1364572437840,112,200,248,136
2,65,1364572438160,65,1364572438256,96,432,416,320
2,80,1364572438280,80,1364572438336,56,120,80,24
2,84,1364572438432,84,1364572438520,88,152,184,96
2,65,1364572438704,65,1364572438792,88,272,272,184
2,84,1364572438888,84,1364572438976,88,184,184,96
2,73,1364572439000,73,1364572439056,56,112,80,24
2,79,1364572439120,79,1364572439176,56,120,120,64
2,78,1364572439264,78,1364572439344,80,144,168,88
2,32,1364572439400,32,1364572439488,88,136,144,56
2,65,1364572439520,65,1364572439600,80,120,112,32
2,67,1364572439688,67,1364572439800,112,168,200,88
2,82,1364572439896,82,1364572440016,120,208,216,96
2,79,1364572440016,79,1364572440088,72,120,72,0
2,83,1364572440192,83,1364572440248,56,176,160,104
2,83,1364572440344,83,1364572440464,120,152,216,96
2,32,1364572440408,32,1364572440488,80,64,24,-56
2,80,1364572440584,80,1364572440616,32,176,128,96
2,76,1364572440752,76,1364572440808,56,168,192,136
2,65,1364572440880,65,1364572440976,96,128,168,72
2,78,1364572440992,78,1364572441056,64,112,80,16
2,84,1364572441112,84,1364572441184,72,120,128,56
2,32,1364572441224,32,1364572441288,64,112,104,40
2,83,1364572441336,83,1364572441456,120,112,168,48
2,80,1364572441544,80,1364572441608,64,208,152,88
2,69,1364572441688,69,1364572441776,88,144,168,80
2,67,1364572441904,67,1364572442040,136,216,264,128
2,73,1364572442016,73,1364572442080,64,112,40,-24
2,69,1364572442256,69,1364572442360,104,240,280,176
2,83,1364572442752,83,1364572442880,128,496,520,392
2,190,1364572443032,190,1364572443088,56,280,208,152
3,84,1364419635497,84,1364419635578,81,255,0,-81
3,79,1364419635617,79,1364419635810,193,120,232,39
3,78,1364419635810,78,1364419635961,151,193,151,0
3,73,1364419635930,73,1364419636042,112,120,81,-31
3,71,1364419636042,71,1364419636114,72,112,72,0
3,72,1364419636114,72,1364419636201,87,72,87,0
3,84,1364419636202,84,1364419636265,63,88,64,1
3,32,1364419636297,32,1364419636361,64,95,96,32
3,16,1364419636385,16,1364419636537,152,88,176,24
3,73,1364419636434,73,1364419636561,127,49,24,-103
3,222,1364419636561,222,1364419636729,168,127,168,0
3,77,1364419636657,77,1364419636889,232,96,160,-72
3,32,1364419636802,32,1364419636930,128,145,41,-87
3,71,1364419636969,71,1364419637041,72,167,111,39
3,79,1364419637042,79,1364419637201,159,73,160,1
3,73,1364419637097,73,1364419637265,168,55,64,-104
3,78,1364419637169,78,1364419637321,152,72,56,-96
3,71,1364419637281,71,1364419637369,88,112,48,-40
3,32,1364419637353,32,1364419637481,128,72,112,-16
3,72,1364419637449,72,1364419637577,128,96,96,-32
3,79,1364419637529,79,1364419637730,201,80,153,-48
3,77,1364419637681,77,1364419637857,176,152,127,-49
3,69,1364419637793,69,1364419637889,96,112,32,-64
3,32,1364419637890,32,1364419638001,111,97,112,1
3,84,1364419638025,84,1364419638122,97,135,121,24
3,79,1364419638122,79,1364419638289,167,97,167,0
3,32,1364419638249,32,1364419638409,160,127,120,-40
3,77,1364419638353,77,1364419638457,104,104,48,-56
3,89,1364419638569,89,1364419638705,136,216,248,112
3,32,1364419638665,32,1364419638881,216,96,176,-40
3,77,1364419638857,77,1364419638994,137,192,113,-24
3,79,1364419638994,79,1364419639153,159,137,159,0
3,77,1364419639089,77,1364419639265,176,95,112,-64
3,32,1364419639217,32,1364419639338,121,128,73,-48
3,65,1364419639338,65,1364419639433,95,121,95,0
3,78,1364419639425,78,1364419639529,104,87,96,-8
3,68,1364419639505,68,1364419639609,104,80,80,-24
3,32,1364419639609,32,1364419639697,88,104,88,0
3,83,1364419640161,83,1364419640273,112,552,576,464
3,84,1364419640257,84,1364419640417,160,96,144,-16
3,69,1364419640369,69,1364419640481,112,112,64,-48
3,80,1364419640473,80,1364419640537,64,104,56,-8
3,68,1364419640665,68,1364419640761,96,192,224,128
3,65,1364419640737,65,1364419640825,88,72,64,-24
3,68,1364419640993,68,1364419641081,88,256,256,168
3,222,1364419641137,222,1364419641225,88,144,144,56
3,83,1364419641257,83,1364419641393,136,120,168,32
3,32,1364419641393,32,1364419641465,72,136,72,0
3,72,1364419641433,72,1364419641537,104,40,72,-32
3,79,1364419641521,79,1364419641673,152,88,136,-16
3,85,1364419641633,85,1364419641729,96,112,56,-40
3,83,1364419641713,83,1364419641801,88,80,72,-16
3,69,1364419641753,69,1364419641834,81,40,33,-48
3,32,1364419641834,32,1364419641921,87,81,87,0
3,70,1364419641921,70,1364419641993,72,87,72,0
3,79,1364419641985,79,1364419642097,112,64,104,-8
3,82,1364419642097,82,1364419642153,56,112,56,0
3,32,1364419642177,32,1364419642305,128,80,152,24
3,68,1364419642337,68,1364419642441,104,160,136,32
3,73,1364419642441,73,1364419642513,72,104,72,0
3,78,1364419642473,78,1364419642545,72,32,32,-40
3,78,1364419642617,78,1364419642681,64,144,136,72
3,69,1364419642705,69,1364419642817,112,88,136,24
3,82,1364419642769,82,1364419642866,97,64,49,-48
3,190,1364419642857,190,1364419643009,152,88,143,-9
3,32,1364419642961,32,1364419643081,120,104,72,-48
3,32,1364419644009,32,1364419644137,128,1048,1056,928
3,72,1364419644073,72,1364419644201,128,64,64,-64
3,65,1364419644201,65,1364419644313,112,128,112,0
3,86,1364419644273,86,1364419644369,96,72,56,-40
3,69,1364419644417,69,1364419644497,80,144,128,48
3,32,1364419644497,32,1364419644657,160,80,160,0
3,78,1364419644585,78,1364419644745,160,88,88,-72
3,79,1364419644673,79,1364419644849,176,88,104,-72
3,32,1364419644849,32,1364419644961,112,176,112,0
3,67,1364419645169,67,1364419645265,96,320,304,208
3,76,1364419645265,76,1364419645385,120,96,120,0
3,85,1364419645337,85,1364419645425,88,72,40,-48
3,69,1364419645425,69,1364419645489,64,88,64,0
3,32,1364419645521,32,1364419645610,89,96,121,32
3,87,1364419645585,87,1364419645674,89,64,64,-25
3,72,1364419645706,72,1364419645778,72,121,104,32
3,65,1364419645802,65,1364419645954,152,96,176,24
3,84,1364419645874,84,1364419645954,80,72,0,-80
3,32,1364419645946,32,1364419646034,88,72,80,-8
3,16,1364419646082,16,1364419646306,224,136,272,48
3,77,1364419646258,77,1364419646306,48,176,0,-48
3,8,1364419646626,8,1364419646698,72,368,392,320
3,77,1364419646850,77,1364419646922,72,224,224,152
3,89,1364419647042,89,1364419647162,120,192,240,120
3,32,1364419647122,32,1364419647226,104,80,64,-40
3,83,1364419647226,83,1364419647322,96,104,96,0
3,84,1364419647322,84,1364419647458,136,96,136,0
3,69,1364419647402,69,1364419647506,104,80,48,-56
3,80,1364419647490,80,1364419647594,104,88,88,-16
3,32,1364419647642,32,1364419647722,80,152,128,48
3,8,1364419647930,8,1364419647986,56,288,264,208
3,68,1364419648002,68,1364419648114,112,72,128,16
3,65,1364419648090,65,1364419648266,176,88,152,-24
3,68,1364419648210,68,1364419648322,112,120,56,-56
3,32,1364419648298,32,1364419648410,112,88,88,-24
3,87,1364419648578,87,1364419648682,104,280,272,168
3,73,1364419648650,73,1364419648762,112,72,80,-32
3,76,1364419648730,76,1364419648794,64,80,32,-32
3,76,1364419648858,76,1364419648986,128,128,192,64
3,32,1364419648946,32,1364419649090,144,88,104,-40
3,77,1364419649034,77,1364419649138,104,88,48,-56
3,65,1364419649114,65,1364419649210,96,80,72,-24
3,75,1364419649242,75,1364419649314,72,128,104,32
3,69,1364419649314,69,1364419649410,96,72,96,0
3,32,1364419649410,32,1364419649514,104,96,104,0
3,70,1364419649546,70,1364419649610,64,136,96,32
3,79,1364419649610,79,1364419649698,88,64,88,0
3,82,1364419649698,82,1364419649762,64,88,64,0
3,32,1364419649738,32,1364419649866,128,40,104,-24
3,68,1364419649906,68,1364419650018,112,168,152,40
3,73,1364419649962,73,1364419650034,72,56,16,-56
3,78,1364419650018,78,1364419650058,40,56,24,-16
3,78,1364419650130,78,1364419650218,88,112,160,72
3,69,1364419650258,69,1364419650370,112,128,152,40
3,82,1364419650330,82,1364419650426,96,72,56,-40
3,188,1364419650426,188,1364419650538,112,96,112,0
3,32,1364419650506,32,1364419650586,80,80,48,-32
3,66,1364419650586,66,1364419650642,56,80,56,0
3,85,1364419650690,85,1364419650754,64,104,112,48
3,84,1364419650802,84,1364419650849,47,112,95,48
3,32,1364419650866,32,1364419650962,96,64,113,17
3,16,1364419651010,16,1364419651153,143,144,191,48
3,73,1364419651057,73,1364419651154,97,47,1,-96
3,222,1364419651129,222,1364419651290,161,72,136,-25
3,77,1364419651250,77,1364419651370,120,121,80,-40
3,32,1364419651337,32,1364419651425,88,87,55,-33
3,83,1364419651394,83,1364419651497,103,57,72,-31
3,85,1364419651522,85,1364419651586,64,128,89,25
3,82,1364419651586,82,1364419651706,120,64,120,0
3,69,1364419651673,69,1364419651738,65,87,32,-33
3,32,1364419652289,32,1364419652434,145,616,696,551
3,73,1364419652434,73,1364419652538,104,145,104,0
3,84,1364419652538,84,1364419652602,64,104,64,0
3,32,1364419652602,32,1364419652698,96,64,96,0
3,87,1364419652673,87,1364419652793,120,71,95,-25
3,73,1364419652753,73,1364419652849,96,80,56,-40
3,76,1364419652833,76,1364419652897,64,80,48,-16
3,76,1364419652961,76,1364419653097,136,128,200,64
3,32,1364419653034,32,1364419653138,104,73,41,-63
3,66,1364419653138,66,1364419653201,63,104,63,0
3,69,1364419653274,69,1364419653353,79,136,152,73
3,32,1364419653321,32,1364419653442,121,47,89,-32
3,65,1364419653457,65,1364419653513,56,136,71,15
3,66,1364419653553,66,1364419653649,96,96,136,40
3,83,1364419653754,83,1364419653849,95,201,200,105
3,79,1364419653817,79,1364419653889,72,63,40,-32
3,76,1364419653977,76,1364419654145,168,160,256,88
3,85,1364419654073,85,1364419654186,113,96,41,-72
3,84,1364419654161,84,1364419654273,112,88,87,-25
3,69,1364419654217,69,1364419654329,112,56,56,-56
3,89,1364419654385,89,1364419654409,24,168,80,56
3,8,1364419654785,8,1364419654849,64,400,440,376
3,76,1364419654969,76,1364419655161,192,184,312,120
3,89,1364419655097,89,1364419655217,120,128,56,-64
3,32,1364419655161,32,1364419655273,112,64,56,-56
3,68,1364419655281,68,1364419655329,48,120,56,8
3,69,1364419655425,69,1364419655473,48,144,144,96
3,76,1364419655497,76,1364419655633,136,72,160,24
3,73,1364419655577,73,1364419655753,176,80,120,-56
3,67,1364419655817,67,1364419655881,64,240,128,64
3,73,1364419655953,73,1364419656057,104,136,176,72
3,83,1364419656081,83,1364419656185,104,128,128,24
3,73,1364419656154,73,1364419656249,95,73,64,-31
3,79,1364419656217,79,1364419656377,160,63,128,-32
3,85,1364419656393,85,1364419656425,32,176,48,16
3,8,1364419656617,8,1364419656681,64,224,256,192
3,8,1364419656761,8,1364419656825,64,144,144,80
3,8,1364419656897,8,1364419657001,104,136,176,72
3,8,1364419657386,8,1364419657473,87,489,472,385
3,79,1364419658033,79,1364419658169,136,647,696,560
3,85,1364419658129,85,1364419658249,120,96,80,-40
3,83,1364419658250,83,1364419658329,79,121,80,1
3,32,1364419658329,32,1364419658433,104,79,104,0
3,66,1364419658473,66,1364419658535,62,144,102,40
3,69,1364419658593,69,1364419658641,48,120,106,58
3,67,1364419658745,67,1364419658833,88,152,192,104
3,65,1364419658809,65,1364419658937,128,64,104,-24
3,85,1364419658873,85,1364419658953,80,64,16,-64
3,83,1364419658977,83,1364419659097,120,104,144,24
3,69,1364419659001,69,1364419659097,96,24,0,-96
3,32,1364419659097,32,1364419659201,104,96,104,0
3,72,1364419659161,72,1364419659273,112,64,72,-40
3,69,1364419659225,69,1364419659313,88,64,40,-48
3,222,1364419659345,222,1364419659426,81,120,113,32
3,83,1364419659426,83,1364419659521,95,81,95,0
3,32,1364419659513,32,1364419659593,80,87,72,-8
3,65,1364419659619,65,1364419659737,118,106,144,26
3,32,1364419659705,32,1364419659785,80,86,48,-32
3,82,1364419660041,82,1364419660161,120,336,376,256
3,69,1364419660105,69,1364419660241,136,64,80,-56
3,76,1364419660337,76,1364419660545,208,232,304,96
3,89,1364419660465,89,1364419660585,120,128,40,-80
3,32,1364419660513,32,1364419660641,128,48,56,-72
3,71,1364419660833,71,1364419660897,64,320,256,192
3,82,1364419661009,82,1364419661113,104,176,216,112
3,69,1364419661081,69,1364419661233,152,72,120,-32
3,65,1364419661177,65,1364419661361,184,96,128,-56
3,84,1364419661257,84,1364419661361,104,80,0,-104
3,32,1364419661329,32,1364419661441,112,72,80,-32
3,65,1364419661889,65,1364419662017,128,560,576,448
3,68,1364419661977,68,1364419662081,104,88,64,-40
3,32,1364419662105,32,1364419662265,160,128,184,24
3,72,1364419662209,72,1364419662377,168,104,112,-56
3,79,1364419662297,79,1364419662441,144,88,64,-80
3,67,1364419662441,67,1364419662497,56,144,56,0
3,32,1364419662529,32,1364419662665,136,88,168,32
3,67,1364419663017,67,1364419663065,48,488,400,352
3,72,1364419663226,72,1364419663298,72,209,233,161
3,69,1364419663330,69,1364419663506,176,104,208,32
3,70,1364419663466,70,1364419663562,96,136,56,-40
3,190,1364419663650,190,1364419663802,152,184,240,88
3,32,1364419663746,32,1364419663858,112,96,56,-56
3,16,1364419664346,16,1364419664546,200,600,688,488
3,87,1364419664474,87,1364419664602,128,128,56,-72
3,69,1364419664666,69,1364419664770,104,192,168,64
3,222,1364419665114,222,1364419665226,112,448,456,344
3,82,1364419665266,82,1364419665394,128,152,168,40
3,69,1364419665338,69,1364419665458,120,72,64,-56
3,32,1364419665418,32,1364419665530,112,80,72,-40
3,65,1364419665530,65,1364419665634,104,112,104,0
3,76,1364419665602,76,1364419665674,72,72,40,-32
3,83,1364419665770,83,1364419665858,88,168,184,96
3,79,1364419665842,79,1364419665962,120,72,104,-16
3,32,1364419665922,32,1364419666058,136,80,96,-40
3,71,1364419666058,71,1364419666114,56,136,56,0
3,79,1364419666114,79,1364419666322,208,56,208,0
3,73,1364419666226,73,1364419666346,120,112,24,-96
3,32,1364419666466,32,1364419666570,104,240,224,120
3,84,1364419666538,84,1364419666602,64,72,32,-32
3,79,1364419666602,79,1364419666754,152,64,152,0
3,32,1364419666706,32,1364419666810,104,104,56,-48
3,87,1364419666810,87,1364419666914,104,104,104,0
3,65,1364419666882,65,1364419667026,144,72,112,-32
3,84,1364419666962,84,1364419667026,64,80,0,-64
3,67,1364419667186,67,1364419667250,64,224,224,160
3,72,1364419667242,72,1364419667346,104,56,96,-8
3,32,1364419667314,32,1364419667394,80,72,48,-32
3,16,1364419667394,16,1364419667546,152,80,152,0
3,65,1364419667442,65,1364419667554,112,48,8,-104
3,77,1364419667570,77,1364419667690,120,128,136,16
3,69,1364419667690,69,1364419667802,112,120,112,0
3,82,1364419667778,82,1364419667866,88,88,64,-24
3,73,1364419667842,73,1364419667946,104,64,80,-24
3,67,1364419668026,67,1364419668138,112,184,192,80
3,65,1364419668082,65,1364419668202,120,56,64,-56
3,78,1364419668162,78,1364419668282,120,80,80,-40
3,32,1364419668250,32,1364419668370,120,88,88,-32
3,16,1364419668354,16,1364419668506,152,104,136,-16
3,73,1364419668426,73,1364419668514,88,72,8,-80
3,68,1364419668634,68,1364419668706,72,208,192,120
3,79,1364419668730,79,1364419668810,80,96,104,24
3,76,1364419668946,76,1364419669033,87,216,223,136
3,190,1364419669193,190,1364419669346,153,247,313,160
3,32,1364419669305,32,1364419669401,96,112,55,-41
3,32,1364419670842,32,1364419670921,79,1537,1520,1441
3,65,1364419671386,65,1364419671489,103,544,568,465
3,77,1364419671514,77,1364419671649,135,128,160,25
3,32,1364419671681,32,1364419671785,104,167,136,32
3,71,1364419671881,71,1364419671937,56,200,152,96
3,85,1364419672012,85,1364419672169,157,131,232,75
3,73,1364419672105,73,1364419672225,120,93,56,-64
3,8,1364419672553,8,1364419672617,64,448,392,328
3,69,1364419672681,69,1364419672809,128,128,192,64
3,83,1364419672753,83,1364419672833,80,72,24,-56
3,83,1364419672913,83,1364419672985,72,160,152,80
3,73,1364419672986,73,1364419673097,111,73,112,1
3,78,1364419673041,78,1364419673177,136,55,80,-56
3,71,1364419673121,71,1364419673178,57,80,1,-56
3,32,1364419673161,32,1364419673273,112,40,95,-17
3,84,1364419673273,84,1364419673329,56,112,56,0
3,72,1364419673313,72,1364419673417,104,40,88,-16
3,69,1364419673401,69,1364419673473,72,88,56,-16
3,32,1364419673433,32,1364419673553,120,32,80,-40
3,71,1364419673577,71,1364419673609,32,144,56,24
3,73,1364419673641,73,1364419673705,64,64,96,32
3,82,1364419673705,82,1364419673778,73,64,73,0
3,76,1364419673809,76,1364419673905,96,104,127,31
3,83,1364419673905,83,1364419674001,96,96,96,0
3,32,1364419674001,32,1364419674089,88,96,88,0
3,87,1364419674161,87,1364419674241,80,160,152,72
3,69,1364419674361,69,1364419674417,56,200,176,120
3,8,1364419674681,8,1364419674729,48,320,312,264
3,73,1364419674937,73,1364419675049,112,256,320,208
3,76,1364419675010,76,1364419675113,103,73,64,-39
3,76,1364419675217,76,1364419675345,128,207,232,104
3,32,1364419675313,32,1364419675377,64,96,32,-32
3,82,1364419676257,82,1364419676361,104,944,984,880
3,69,1364419676297,69,1364419676409,112,40,48,-64
3,76,1364419676529,76,1364419676697,168,232,288,120
3,89,1364419676617,89,1364419676753,136,88,56,-80
3,32,1364419676697,32,1364419676809,112,80,56,-56
3,68,1364419676993,68,1364419677065,72,296,256,184
3,79,1364419677065,79,1364419677177,112,72,112,0
3,32,1364419677145,32,1364419677249,104,80,72,-32
3,65,1364419677209,65,1364419677337,128,64,88,-40
3,32,1364419677321,32,1364419677481,160,112,144,-16
3,76,1364419677417,76,1364419677513,96,96,32,-64
3,79,1364419677617,79,1364419677713,96,200,200,104
3,84,1364419677713,84,1364419677785,72,96,72,0
3,32,1364419677785,32,1364419677921,136,72,136,0
3,66,1364419677979,66,1364419678033,54,194,112,58
3,69,1364419678129,69,1364419678225,96,150,192,96
3,84,1364419678201,84,1364419678281,80,72,56,-24
3,84,1364419678361,84,1364419678465,104,160,184,80
3,69,1364419678577,69,1364419678729,152,216,264,112
3,82,1364419678673,82,1364419678761,88,96,32,-56
3,32,1364419678785,32,1364419678873,88,112,112,24
3,84,1364419678873,84,1364419678937,64,88,64,0
3,72,1364419678937,72,1364419679001,64,64,64,0
3,65,1364419679025,65,1364419679129,104,88,128,24
3,78,1364419679105,78,1364419679233,128,80,104,-24
3,32,1364419679193,32,1364419679273,80,88,40,-40
3,84,1364419679289,84,1364419679337,48,96,64,16
3,72,1364419679353,72,1364419679441,88,64,104,16
3,69,1364419679425,69,1364419679505,80,72,64,-16
3,32,1364419679473,32,1364419679577,104,48,72,-32
3,71,1364419679641,71,1364419679689,48,168,112,64
3,85,1364419679713,85,1364419679777,64,72,88,24
3,89,1364419679873,89,1364419679937,64,160,160,96
3,83,1364419679985,83,1364419680073,88,112,136,48
3,190,1364419680305,190,1364419680353,48,320,280,232
3,190,1364419680433,190,1364419680489,56,128,136,80
3,190,1364419680570,190,1364419680714,144,137,225,81
3,32,1364419680674,32,1364419680818,144,104,104,-40
3,74,1364419680786,74,1364419680890,104,112,72,-32
3,85,1364419680970,85,1364419681058,88,184,168,80
3,83,1364419681018,83,1364419681130,112,48,72,-40
3,84,1364419681082,84,1364419681162,80,64,32,-48
3,32,1364419681162,32,1364419681274,112,80,112,0
3,76,1364419681194,76,1364419681346,152,32,72,-80
3,73,1364419681274,73,1364419681346,72,80,0,-72
3,75,1364419681442,75,1364419681562,120,168,216,96
3,69,1364419681514,69,1364419681602,88,72,40,-48
3,32,1364419681602,32,1364419681738,136,88,136,0
3,76,1364419681690,76,1364419681882,192,88,144,-48
3,65,1364419681786,65,1364419682002,216,96,120,-96
3,83,1364419681850,83,1364419682002,152,64,0,-152
3,84,1364419681946,84,1364419682050,104,96,48,-56
3,32,1364419682026,32,1364419682138,112,80,88,-24
3,87,1364419682162,87,1364419682234,72,136,96,24
3,69,1364419682210,69,1364419682314,104,48,80,-24
3,69,1364419682386,69,1364419682482,96,176,168,72
3,75,1364419682482,75,1364419682570,88,96,88,0
3,190,1364419682722,190,1364419682874,152,240,304,152
3,32,1364419682810,32,1364419682938,128,88,64,-64
3,16,1364419683306,16,1364419683466,160,496,528,368
3,73,1364419683378,73,1364419683546,168,72,80,-88
3,222,1364419683842,222,1364419683978,136,464,432,296
3,77,1364419683978,77,1364419684090,112,136,112,0
3,32,1364419684090,32,1364419684218,128,112,128,0
3,78,1364419684194,78,1364419684306,112,104,88,-24
3,79,1364419684266,79,1364419684394,128,72,88,-40
3,84,1364419684322,84,1364419684394,72,56,0,-72
3,32,1364419684394,32,1364419684482,88,72,88,0
3,83,1364419684482,83,1364419684570,88,88,88,0
3,85,1364419684570,85,1364419684650,80,88,80,0
3,82,1364419684666,82,1364419684762,96,96,112,16
3,69,1364419684714,69,1364419684786,72,48,24,-48
3,32,1364419684762,32,1364419684842,80,48,56,-24
3,87,1364419684882,87,1364419684994,112,120,152,40
3,72,1364419684930,72,1364419685066,136,48,72,-64
3,79,1364419684994,79,1364419685138,144,64,72,-72
3,32,1364419685114,32,1364419685210,96,120,72,-24
3,16,1364419685322,16,1364419685466,144,208,256,112
3,73,1364419685394,73,1364419685530,136,72,64,-72
3,32,1364419685466,32,1364419685593,127,72,63,-64
3,87,1364419685618,87,1364419685745,127,152,152,25
3,65,1364419685682,65,1364419685818,136,64,73,-63
3,78,1364419685802,78,1364419685890,88,120,72,-16
3,84,1364419685914,84,1364419685986,72,112,96,24
3,32,1364419685986,32,1364419686090,104,72,104,0
3,84,1364419686090,84,1364419686162,72,104,72,0
3,79,1364419686162,79,1364419686274,112,72,112,0
3,32,1364419686242,32,1364419686370,128,80,96,-32
3,87,1364419686370,87,1364419686465,95,128,95,0
3,73,1364419686522,73,1364419686586,64,152,121,57
3,78,1364419686946,78,1364419687033,87,424,447,360
3,190,1364419687841,190,1364419687977,136,895,944,808
3,32,1364419687929,32,1364419688042,113,88,65,-48
3,16,1364419687978,16,1364419688129,151,49,87,-64
3,73,1364419688073,73,1364419688218,145,95,89,-56
3,32,1364419688153,32,1364419688273,120,80,55,-65
3,67,1364419688337,67,1364419688522,185,184,249,64
3,65,1364419688449,65,1364419688569,120,112,47,-73
3,78,1364419688523,78,1364419688641,118,74,72,-46
3,222,1364419688585,222,1364419688714,129,62,73,-56
3,84,1364419688714,84,1364419688777,63,129,63,0
3,32,1364419688761,32,1364419688865,104,47,88,-16
3,68,1364419688913,68,1364419688977,64,152,112,48
3,69,1364419689097,69,1364419689153,56,184,176,120
3,67,1364419689321,67,1364419689386,65,224,233,168
3,73,1364419689418,73,1364419689529,111,97,143,32
3,68,1364419689529,68,1364419689601,72,111,72,0
3,69,1364419689697,69,1364419689762,65,168,161,96
3,69,1364419689897,69,1364419689921,24,200,159,135
3,8,1364419690377,8,1364419690449,72,480,528,456
3,190,1364419690617,190,1364419690673,56,240,224,168
3,190,1364419690745,190,1364419690809,64,128,136,72
3,190,1364419690865,190,1364419691001,136,120,192,56
3,32,1364419690978,32,1364419691089,111,113,88,-23
3,65,1364419691025,65,1364419691089,64,47,0,-64
3,78,1364419691169,78,1364419691273,104,144,184,80
3,68,1364419691297,68,1364419691377,80,128,104,24
3,32,1364419691633,32,1364419691737,104,336,360,256
3,65,1364419691873,65,1364419691985,112,240,248,136
3,84,1364419691937,84,1364419692009,72,64,24,-48
3,32,1364419692033,32,1364419692105,72,96,96,24
3,84,1364419692106,84,1364419692177,71,73,72,1
3,72,1364419692193,72,1364419692281,88,87,104,16
3,73,1364419692241,73,1364419692337,96,48,56,-40
3,83,1364419692281,83,1364419692409,128,40,72,-56
3,32,1364419692369,32,1364419692521,152,88,112,-40
3,80,1364419692473,80,1364419692633,160,104,112,-48
3,79,1364419692585,79,1364419692777,192,112,144,-48
3,73,1364419692633,73,1364419692793,160,48,16,-144
3,32,1364419692921,32,1364419693033,112,288,240,128
3,16,1364419693089,16,1364419693265,176,168,232,56
3,73,1364419693185,73,1364419693337,152,96,72,-80
3,32,1364419693297,32,1364419693465,168,112,128,-40
3,82,1364419693553,82,1364419693649,96,256,184,88
3,69,1364419693601,69,1364419693737,136,48,88,-48
3,65,1364419693665,65,1364419693793,128,64,56,-72
3,76,1364419693721,76,1364419693793,72,56,0,-72
3,76,1364419693873,76,1364419694073,200,152,280,80
3,89,1364419693945,89,1364419694073,128,72,0,-128
3,32,1364419694049,32,1364419694225,176,104,152,-24
3,67,1364419694249,67,1364419694377,128,200,152,24
3,65,1364419694313,65,1364419694449,136,64,72,-64
3,78,1364419694377,78,1364419694489,112,64,40,-72
3,222,1364419694449,222,1364419694521,72,72,32,-40
3,84,1364419694545,84,1364419694625,80,96,104,24
3,32,1364419694625,32,1364419694721,96,80,96,0
3,82,1364419694761,82,1364419694841,80,136,120,40
3,69,1364419694801,69,1364419694913,112,40,72,-40
3,77,1364419694913,77,1364419694977,64,112,64,0
3,69,1364419695009,69,1364419695089,80,96,112,32
3,77,1364419695089,77,1364419695145,56,80,56,0
3,66,1364419695193,66,1364419695265,72,104,120,48
3,69,1364419695377,69,1364419695529,152,184,264,112
3,82,1364419695457,82,1364419695601,144,80,72,-72
3,83,1364335404108,83,1364335404252,144,71,48,-96
3,79,1364335404252,79,1364335404404,152,144,152,0
3,32,1364335404405,32,1364335404468,63,153,64,1
3,16,1364335404956,16,1364335405148,192,551,680,488
3,73,1364335405084,73,1364335405164,80,128,16,-64
3,222,1364335405628,222,1364335405780,152,544,616,464
3,77,1364335405780,77,1364335405948,168,152,168,0
3,32,1364335405900,32,1364335405996,96,120,48,-48
3,67,1364335406012,67,1364335406110,98,112,114,16
3,85,1364335406148,85,1364335406228,80,136,118,38
3,82,1364335406236,82,1364335406276,40,88,48,8
3,82,1364335406332,82,1364335406508,176,96,232,56
3,69,1364335406452,69,1364335406580,128,120,72,-56
3,78,1364335406580,78,1364335406644,64,128,64,0
3,84,1364335406684,84,1364335406748,64,104,104,40
3,76,1364335406772,76,1364335406956,184,88,208,24
3,89,1364335406844,89,1364335407020,176,72,64,-112
3,32,1364335406956,32,1364335407068,112,112,48,-64
3,87,1364335407114,87,1364335407196,82,158,128,46
3,79,1364335407156,79,1364335407236,80,42,40,-40
3,82,1364335407292,82,1364335407372,80,136,136,56
3,75,1364335407348,75,1364335407428,80,56,56,-24
3,73,1364335407540,73,1364335407644,104,192,216,112
3,78,1364335407588,78,1364335407748,160,48,104,-56
3,71,1364335407708,71,1364335407772,64,120,24,-40
3,32,1364335407732,32,1364335407844,112,24,72,-40
3,79,1364335407820,79,1364335407972,152,88,128,-24
3,78,1364335407900,78,1364335408052,152,80,80,-72
3,32,1364335408004,32,1364335408156,152,104,104,-48
3,86,1364335408220,86,1364335408300,80,216,144,64
3,73,1364335408300,73,1364335408380,80,80,80,0
3,68,1364335408405,68,1364335408468,63,105,88,25
3,69,1364335408588,69,1364335408668,80,183,200,120
3,79,1364335408716,79,1364335408796,80,128,128,48
3,189,1364335409252,189,1364335409348,96,536,552,456
3,66,1364335409348,66,1364335409452,104,96,104,0
3,65,1364335409412,65,1364335409588,176,64,136,-40
3,83,1364335409604,83,1364335409780,176,192,192,16
3,69,1364335409668,69,1364335409780,112,64,0,-112
3,68,1364335410101,68,1364335410165,64,433,385,321
3,32,1364335410197,32,1364335410301,104,96,136,32
3,70,1364335410429,70,1364335410629,200,232,328,128
3,65,1364335410549,65,1364335410629,80,120,0,-80
3,65,1364335410805,65,1364335410829,24,256,200,176
3,67,1364335411077,67,1364335411125,48,272,296,248
3,8,1364335411333,8,1364335411381,48,256,256,208
3,8,1364335411453,8,1364335411517,64,120,136,72
3,67,1364335411541,67,1364335411621,80,88,104,24
3,69,1364335411765,69,1364335411861,96,224,240,144
3,32,1364335411925,32,1364335412021,96,160,160,64
3,82,1364335412021,82,1364335412117,96,96,96,0
3,69,1364335412077,69,1364335412165,88,56,48,-40
3,67,1364335412269,67,1364335412365,96,192,200,104
3,79,1364335412333,79,1364335412421,88,64,56,-32
3,71,1364335412493,71,1364335412581,88,160,160,72
3,78,1364335412581,78,1364335412693,112,88,112,0
3,73,1364335412669,73,1364335412765,96,88,72,-24
3,84,1364335412765,84,1364335412837,72,96,72,0
3,73,1364335412853,73,1364335412981,128,88,144,16
3,79,1364335412909,79,1364335413037,128,56,56,-72
3,78,1364335412981,78,1364335413093,112,72,56,-56
3,190,1364335413197,190,1364335413333,136,216,240,104
3,32,1364335413285,32,1364335413389,104,88,56,-48
3,16,1364335413365,16,1364335413710,345,80,321,-24
3,87,1364335413629,87,1364335413765,136,264,55,-81
3,69,1364335413845,69,1364335413925,80,216,160,80
3,32,1364335413981,32,1364335414053,72,136,128,56
3,65,1364335414005,65,1364335414149,144,24,96,-48
3,82,1364335414085,82,1364335414197,112,80,48,-64
3,69,1364335414165,69,1364335414269,104,80,72,-32
3,32,1364335414237,32,1364335414317,80,72,48,-32
3,84,1364335414357,84,1364335414413,56,120,96,40
3,82,1364335414501,82,1364335414581,80,144,168,88
3,89,1364335414533,89,1364335414628,95,32,47,-48
3,73,1364335414613,73,1364335414852,239,80,224,-15
3,78,1364335414733,78,1364335414933,200,120,81,-119
3,32,1364335414901,32,1364335415004,103,168,71,-32
3,71,1364335414933,71,1364335415020,87,32,16,-71
3,8,1364335415316,8,1364335415364,48,383,344,296
3,8,1364335415444,8,1364335415500,56,128,136,80
3,71,1364335415548,71,1364335415620,72,104,120,48
3,32,1364335415612,32,1364335415692,80,64,72,-8
3,84,1364335415748,84,1364335415796,48,136,104,56
3,79,1364335415797,79,1364335415941,144,49,145,1
3,32,1364335415885,32,1364335415996,111,88,55,-56
3,69,1364335416236,69,1364335416300,64,351,304,240
3,86,1364335416412,86,1364335416540,128,176,240,112
3,65,1364335416509,65,1364335416628,119,97,88,-31
3,76,1364335416660,76,1364335416861,201,151,233,32
3,85,1364335416837,85,1364335416964,127,177,103,-24
3,65,1364335417068,65,1364335417172,104,231,208,104
3,84,1364335417132,84,1364335417260,128,64,88,-40
3,69,1364335417228,69,1364335417332,104,96,72,-32
3,32,1364335417356,32,1364335417436,80,128,104,24
3,84,1364335417517,84,1364335417581,64,161,145,81
3,72,1364335417596,72,1364335417668,72,79,87,15
3,69,1364335417669,69,1364335417732,63,73,64,1
3,32,1364335417749,32,1364335417836,87,80,104,17
3,80,1364335418196,80,1364335418301,105,447,465,360
3,69,1364335418285,69,1364335418412,127,89,111,-16
3,82,1364335418364,82,1364335418460,96,79,48,-48
3,79,1364335418484,79,1364335418572,88,120,112,24
3,70,1364335418573,70,1364335418620,47,89,48,1
3,82,1364335418708,82,1364335418764,56,135,144,88
3,77,1364335418812,77,1364335418908,96,104,144,48
3,65,1364335418909,65,1364335419036,127,97,128,1
3,78,1364335419037,78,1364335419116,79,128,80,1
3,67,1364335419156,67,1364335419212,56,119,96,40
3,69,1364335419324,69,1364335419396,72,168,184,112
3,32,1364335419397,32,1364335419517,120,73,121,1
3,79,1364335419517,79,1364335419628,111,120,111,0
3,70,1364335419604,70,1364335419692,88,87,64,-24
3,32,1364335419677,32,1364335419764,87,73,72,-15
3,8,1364335420112,8,1364335420172,60,435,408,348
3,8,1364335420252,8,1364335420988,736,140,816,80
3,8,1364335420752,8,1364335421188,436,500,200,-236
3,8,1364335420785,8,1364335421492,707,33,304,-403
3,70,1364335421564,70,1364335421636,72,779,144,72
3,79,1364335421636,79,1364335421724,88,72,88,0
3,82,1364335421724,82,1364335421804,80,88,80,0
3,77,1364335421828,77,1364335421917,89,104,113,24
3,65,1364335421917,65,1364335422004,87,89,87,0
3,78,1364335422037,78,1364335422100,63,120,96,33
3,67,1364335422116,67,1364335422164,48,79,64,16
3,69,1364335422268,69,1364335422324,56,152,160,104
3,32,1364335422324,32,1364335422452,128,56,128,0
3,79,1364335422428,79,1364335422540,112,104,88,-24
3,70,1364335422516,70,1364335422596,80,88,56,-24
3,32,1364335422596,32,1364335422668,72,80,72,0
3,67,1364335422996,67,1364335423068,72,400,400,328
3,79,1364335423052,79,1364335423140,88,56,72,-16
3,77,1364335423122,77,1364335423180,58,70,40,-18
3,77,1364335423268,77,1364335423340,72,146,160,88
3,69,1364335423364,69,1364335423508,144,96,168,24
3,82,1364335423509,82,1364335423604,95,145,96,1
3,73,1364335423660,73,1364335423724,64,151,120,56
3,67,1364335423756,67,1364335423796,40,96,72,32
3,8,1364335424004,8,1364335424068,64,248,272,208
3,8,1364335424148,8,1364335424204,56,144,136,80
3,67,1364335424236,67,1364335424292,56,88,88,32
3,73,1364335424332,73,1364335424404,72,96,112,40
3,65,1364335424420,65,1364335424524,104,88,120,16
3,76,1364335424500,76,1364335424572,72,80,48,-24
3,189,1364335424980,189,1364335425012,32,480,440,408
3,79,1364335425268,79,1364335425340,72,288,328,256
3,70,1364335425388,70,1364335425436,48,120,96,48
3,70,1364335425516,70,1364335425580,64,128,144,80
3,189,1364335425972,189,1364335426044,72,456,464,392
3,84,1364335426156,84,1364335426220,64,184,176,112
3,72,1364335426236,72,1364335426292,56,80,72,16
3,69,1364335426292,69,1364335426348,56,56,56,0
3,32,1364335426444,32,1364335426524,80,152,176,96
3,83,1364335426612,83,1364335426716,104,168,192,88
3,72,1364335426716,72,1364335426772,56,104,56,0
3,8,1364335426964,8,1364335427020,56,248,248,192
3,8,1364335427116,8,1364335427196,80,152,176,96
3,8,1364335427300,8,1364335427348,48,184,152,104
3,189,1364335427917,189,1364335427981,64,617,633,569
3,83,1364335428045,83,1364335428181,136,128,200,64
3,72,1364335428205,72,1364335428309,104,160,128,24
3,69,1364335428357,69,1364335428461,104,152,152,48
3,76,1364335428461,76,1364335428557,96,104,96,0
3,70,1364335428557,70,1364335428629,72,96,72,0
3,32,1364335428645,32,1364335428741,96,88,112,16
3,32,1364335430125,32,1364335430269,144,1480,1528,1384
3,65,1364335430253,65,1364335430349,96,128,80,-16
3,76,1364335430325,76,1364335430397,72,72,48,-24
3,71,1364335430445,71,1364335430509,64,120,112,48
3,79,1364335430509,79,1364335430573,64,64,64,0
3,82,1364335430613,82,1364335430669,56,104,96,40
3,73,1364335430693,73,1364335430773,80,80,104,24
3,84,1364335430805,84,1364335430861,56,112,88,32
3,72,1364335430885,72,1364335430933,48,80,72,24
3,77,1364335431053,77,1364335431141,88,168,208,120
3,83,1364335431189,83,1364335431253,64,136,112,48
3,32,1364335431317,32,1364335431421,104,128,168,64
3,79,1364335431421,79,1364335431549,128,104,128,0
3,78,1364335431501,78,1364335431621,120,80,72,-48
3,32,1364335431581,32,1364335431661,80,80,40,-40
3,84,1364335431661,84,1364335431725,64,80,64,0
3,72,1364335431765,72,1364335431869,104,104,144,40
3,69,1364335431806,69,1364335431909,103,41,40,-63
3,32,1364335431869,32,1364335432007,138,63,98,-40
3,78,1364335431973,78,1364335432141,168,104,134,-34
3,69,1364335432061,69,1364335432213,152,88,72,-80
3,87,1364335432141,87,1364335432269,128,80,56,-72
3,76,1364335432397,76,1364335432549,152,256,280,128
3,89,1364335432525,89,1364335432668,143,128,119,-24
3,32,1364335432613,32,1364335432733,120,88,65,-55
3,82,1364335432837,82,1364335432988,151,224,255,104
3,69,1364335432925,69,1364335433053,128,88,65,-63
3,76,1364335433204,76,1364335433332,128,279,279,151
3,69,1364335433300,69,1364335433436,136,96,104,-32
3,65,1364335433404,65,1364335433597,193,104,161,-32
3,83,1364335433516,83,1364335433644,128,112,47,-81
3,69,1364335433597,69,1364335433668,71,81,24,-47
3,68,1364335433772,68,1364335433844,72,175,176,104
3,32,1364335433836,32,1364335433925,89,64,81,-8
3,79,1364335434812,79,1364335434916,104,976,991,887
3,85,1364335434876,85,1364335434988,112,64,72,-40
3,16,1364335434972,16,1364335435114,142,96,126,-16
3,84,1364335435036,84,1364335435114,78,64,0,-78
3,85,1364335435148,85,1364335435220,72,112,106,34
3,66,1364335435252,66,1364335435300,48,104,80,32
3,69,1364335435404,69,1364335435444,40,152,144,104
3,32,1364335435516,32,1364335435618,102,112,174,72
3,16,1364335435572,16,1364335435652,80,56,34,-46
3,8,1364335435797,8,1364335435876,79,225,224,145
3,16,1364335435877,16,1364335435988,111,80,112,1
3,70,1364335435940,70,1364335436076,136,63,88,-48
3,65,1364335436077,65,1364335436172,95,137,96,1
3,67,1364335436252,67,1364335436308,56,175,136,80
3,69,1364335436436,69,1364335436564,128,184,256,128
3,83,1364335436524,83,1364335436636,112,88,72,-40
3,32,1364335436996,32,1364335437100,104,472,464,360
3,68,1364335437380,68,1364335437444,64,384,344,280
3,65,1364335437820,65,1364335437916,96,440,472,376
3,84,1364335438052,84,1364335438164,112,232,248,136
3,65,1364335438140,65,1364335438268,128,88,104,-24
3,66,1364335438316,66,1364335438428,112,176,160,48
3,65,1364335438476,65,1364335438652,176,160,224,48
3,83,1364335438572,83,1364335438700,128,96,48,-80
3,69,1364335438652,69,1364335438732,80,80,32,-48
3,190,1364335438812,190,1364335438932,120,160,200,80
3,32,1364335438892,32,1364335438988,96,80,56,-40
3,16,1364335440780,16,1364335440980,200,1888,1992,1792
3,79,1364335440932,79,1364335441012,80,152,32,-48
3,85,1364335440980,85,1364335441060,80,48,48,-32
3,82,1364335441172,82,1364335441238,66,192,178,112
3,32,1364335441269,32,1364335441340,71,97,102,31
3,70,1364335441516,70,1364335441572,56,247,232,176
3,73,1364335441573,73,1364335441652,79,57,80,1
3,82,1364335441676,82,1364335441764,88,103,112,24
3,83,1364335441804,83,1364335441964,160,128,200,40
3,84,1364335441916,84,1364335442012,96,112,48,-48
3,32,1364335442012,32,1364335442132,120,96,120,0
3,65,1364335442196,65,1364335442332,136,184,200,64
3,80,1364335442252,80,1364335442333,81,56,1,-80
3,80,1364335442404,80,1364335442476,72,152,143,71
3,82,1364335442516,82,1364335442612,96,112,136,40
3,79,1364335442612,79,1364335442692,80,96,80,0
3,65,1364335442693,65,1364335442756,63,81,64,1
3,67,1364335442868,67,1364335442932,64,175,176,112
3,72,1364335442916,72,1364335443036,120,48,104,-16
3,32,1364335442996,32,1364335443100,104,80,64,-40
3,73,1364335443116,73,1364335443196,80,120,96,16
3,83,1364335443196,83,1364335443300,104,80,104,0
3,32,1364335443300,32,1364335443372,72,104,72,0
3,68,1364335443588,68,1364335443668,80,288,296,216
3,79,1364335443644,79,1364335443764,120,56,96,-24
3,73,1364335443692,73,1364335443812,120,48,48,-72
3,32,1364335443884,32,1364335444004,120,192,192,72
3,83,1364335444228,83,1364335444316,88,344,312,224
3,84,1364335444292,84,1364335444388,96,64,72,-24
3,73,1364335444340,73,1364335444428,88,48,40,-48
3,76,1364335444388,76,1364335444460,72,48,32,-40
3,76,1364335444556,76,1364335444732,176,168,272,96
3,32,1364335445101,32,1364335445189,88,545,457,369
3,84,1364335445325,84,1364335445389,64,224,200,136
3,79,1364335445389,79,1364335445509,120,64,120,0
3,32,1364335445469,32,1364335445573,104,80,64,-40
3,83,1364335445581,83,1364335445669,88,112,96,8
3,84,1364335445629,84,1364335445701,72,48,32,-40
3,73,1364335445701,73,1364335445789,88,72,88,0
3,76,1364335445749,76,1364335445813,64,48,24,-40
3,76,1364335445901,76,1364335446005,104,152,192,88
3,32,1364335445965,32,1364335446157,192,64,152,-40
3,73,1364335446117,73,1364335446221,104,152,64,-40
3,77,1364335446157,77,1364335446301,144,40,80,-64
3,65,1364335446221,65,1364335446317,96,64,16,-80
3,71,1364335446269,71,1364335446341,72,48,24,-48
3,69,1364335446397,69,1364335446485,88,128,144,56
3,32,1364335446485,32,1364335446605,120,88,120,0
3,77,1364335446581,77,1364335446717,136,96,112,-24
3,65,1364335446677,65,1364335446797,120,96,80,-40
3,84,1364335446757,84,1364335446813,56,80,16,-40
3,67,1364335446933,67,1364335447045,112,176,232,120
3,72,1364335447013,72,1364335447085,72,80,40,-32
3,73,1364335447085,73,1364335447221,136,72,136,0
3,32,1364335447293,32,1364335447445,152,208,224,72
3,79,1364335447621,79,1364335447741,120,328,296,176
3,78,1364335447669,78,1364335447829,160,48,88,-72
3,32,1364335447773,32,1364335447917,144,104,88,-56
3,69,1364335447917,69,1364335447981,64,144,64,0
3,86,1364335448077,86,1364335448141,64,160,160,96
3,69,1364335448213,69,1364335448309,96,136,168,72
3,82,1364335448277,82,1364335448349,72,64,40,-32
3,89,1364335448325,89,1364335448437,112,48,88,-24
3,32,1364335448405,32,1364335448485,80,80,48,-32
3,70,1364335448533,70,1364335448613,80,128,128,48
3,82,1364335448725,82,1364335448853,128,192,240,112
3,65,1364335448805,65,1364335448909,104,80,56,-48
3,77,1364335448885,77,1364335448965,80,80,56,-24
3,69,1364335448989,69,1364335449085,96,104,120,24
3,32,1364335449085,32,1364335449173,88,96,88,0
3,80,1364335449413,80,1364335449493,80,328,320,240
3,65,1364335449493,65,1364335449621,128,80,128,0
3,73,1364335449618,73,1364335449685,67,125,64,-3
3,82,1364335449685,82,1364335449757,72,67,72,0
3,32,1364335449773,32,1364335449877,104,88,120,16
3,79,1364335449901,79,1364335450013,112,128,136,24
3,70,1364335450077,70,1364335450173,96,176,160,64
3,32,1364335450197,32,1364335450268,71,120,95,24
3,84,1364335453616,84,1364335453700,84,3419,3432,3348
3,72,1364335453724,72,1364335453788,64,108,88,24
3,69,1364335453789,69,1364335453868,79,65,80,1
3,32,1364335453860,32,1364335453972,112,71,104,-8
3,84,1364335454012,84,1364335454140,128,152,168,40
3,87,1364335454076,87,1364335454220,144,64,80,-64
3,79,1364335454172,79,1364335454284,112,96,64,-48
3,32,1364335454244,32,1364335454356,112,72,72,-40
3,86,1364335454365,86,1364335454436,71,121,80,9
3,73,1364335454436,73,1364335454524,88,71,88,0
3,68,1364335454532,68,1364335454564,32,96,40,8
3,69,1364335454676,69,1364335454748,72,144,184,112
3,79,1364335454748,79,1364335454820,72,72,72,0
3,83,1364335454892,83,1364335455012,120,144,192,72
3,32,1364335455084,32,1364335455196,112,192,184,72
3,66,1364335455212,66,1364335455268,56,128,72,16
3,69,1364335455364,69,1364335455444,80,152,176,96
3,73,1364335455444,73,1364335455556,112,80,112,0
3,32,1364335455636,32,1364335455788,152,192,232,80
3,67,1364335455804,67,1364335455884,80,168,96,16
3,79,1364335455860,79,1364335455996,136,56,112,-24
3,77,1364335455940,77,1364335456110,170,80,114,-56
3,80,1364335456036,80,1364335456156,120,96,46,-74
3,65,1364335456132,65,1364335456244,112,96,88,-24
3,82,1364335456180,82,1364335456324,144,48,80,-64
3,69,1364335456276,69,1364335456396,120,96,72,-48
3,68,1364335456580,68,1364335456644,64,304,248,184
3,32,1364335457115,32,1364335457188,73,535,544,471
3,65,1364335457188,65,1364335457260,72,73,72,0
3,78,1364335457276,78,1364335457412,136,88,152,16
3,68,1364335457340,68,1364335457412,72,64,0,-72
3,32,1364335457413,32,1364335457500,87,73,88,1
3,84,1364335457500,84,1364335457580,80,87,80,0
3,72,1364335457604,72,1364335457668,64,104,88,24
3,69,1364335457668,69,1364335457780,112,64,112,0
3,78,1364335457798,78,1364335457948,150,130,168,18
3,32,1364335457893,32,1364335458012,119,95,64,-55
3,65,1364335458020,65,1364335458084,64,127,72,8
3,80,1364335458084,80,1364335458148,64,64,64,0
3,80,1364335458244,80,1364335458332,88,160,184,96
3,76,1364335458436,76,1364335458596,160,192,264,104
3,89,1364335458572,89,1364335458700,128,136,104,-24
3,73,1364335458700,73,1364335458868,168,128,168,0
3,78,1364335458812,78,1364335458924,112,112,56,-56
3,71,1364335458900,71,1364335458980,80,88,56,-24
3,32,1364335458980,32,1364335459060,80,80,80,0
3,65,1364335460124,65,1364335460236,112,1144,1176,1064
3,32,1364335460172,32,1364335460316,144,48,80,-64
3,83,1364335460317,83,1364335460444,127,145,128,1
3,73,1364335460364,73,1364335460508,144,47,64,-80
3,77,1364335460436,77,1364335460636,200,72,128,-72
3,80,1364335460540,80,1364335460636,96,104,0,-96
3,76,1364335460700,76,1364335460788,88,160,152,64
3,69,1364335460788,69,1364335460852,64,88,64,0
3,32,1364335460884,32,1364335460972,88,96,120,32
3,70,1364335460980,70,1364335461068,88,96,96,8
3,85,1364335461068,85,1364335461164,96,88,96,0
3,83,1364335461164,83,1364335461276,112,96,112,0
3,73,1364335461252,73,1364335461412,160,88,136,-24
3,79,1364335461332,79,1364335461500,168,80,88,-80
3,78,1364335461436,78,1364335461620,184,104,120,-64
3,32,1364335461532,32,1364335461668,136,96,48,-88
3,82,1364335461812,82,1364335461916,104,280,248,144
3,85,1364335461884,85,1364335461988,104,72,72,-32
3,76,1364335461940,76,1364335462116,176,56,128,-48
3,69,1364335462020,69,1364335462116,96,80,0,-96
3,32,1364335462084,32,1364335462228,144,64,112,-32
3,84,1364335462228,84,1364335462300,72,144,72,0
3,79,1364335462284,79,1364335462412,128,56,112,-16
3,32,1364335462412,32,1364335462565,153,128,153,0
3,65,1364335462541,65,1364335462661,120,129,96,-24
3,76,1364335462629,76,1364335462685,56,88,24,-32
3,76,1364335462749,76,1364335462853,104,120,168,64
3,32,1364335462821,32,1364335462965,144,72,112,-32
3,79,1364335462949,79,1364335463085,136,128,120,-16
3,70,1364335463013,70,1364335463085,72,64,0,-72
3,32,1364335463085,32,1364335463173,88,72,88,0
3,84,1364335463189,84,1364335463237,48,104,64,16
3,72,1364335463285,72,1364335463357,72,96,120,48
3,69,1364335463325,69,1364335463413,88,40,56,-32
3,32,1364335463405,32,1364335463501,96,80,88,-8
3,71,1364335463597,71,1364335463645,48,192,144,96
3,69,1364335463725,69,1364335463781,56,128,136,80
3,78,1364335463805,78,1364335463893,88,80,112,24
3,69,1364335463893,69,1364335463997,104,88,104,0
3,82,1364335463981,82,1364335464111,130,88,114,-16
3,65,1364335464111,65,1364335464237,126,130,126,0
3,84,1364335464197,84,1364335464269,72,86,32,-40
3,69,1364335464421,69,1364335464469,48,224,200,152
3,8,1364335464693,8,1364335464749,56,272,280,224
3,69,1364335465045,69,1364335465122,77,352,373,296
3,68,1364335465253,68,1364335465325,72,208,203,131
3,32,1364335465349,32,1364335465429,80,96,104,24
3,77,1364335465605,77,1364335465709,104,256,280,176
3,65,1364335465685,65,1364335465813,128,80,104,-24
3,84,1364335465813,84,1364335465869,56,128,56,0
3,67,1364335465997,67,1364335466077,80,184,208,128
3,72,1364335466093,72,1364335466229,136,96,152,16
3,32,1364335466181,32,1364335466309,128,88,80,-48
3,83,1364335466309,83,1364335466380,71,128,71,0
3,67,1364335466476,67,1364335466573,97,167,193,96
3,79,1364335466741,79,1364335466821,80,265,248,168
3,82,1364335466837,82,1364335467061,224,96,240,16
3,69,1364335466965,69,1364335467124,159,128,63,-96
3,83,1364335467061,83,1364335467164,103,96,40,-63
3,190,1364335467421,190,1364335467493,72,360,329,257
3,73,1365005145100,73,1365005145245,145,79,1,-144
3,32,1365005145245,32,1365005145388,143,145,143,0
3,74,1365005145372,74,1365005145460,88,127,72,-16
3,85,1365005145556,85,1365005145620,64,184,160,96
3,83,1365005145676,83,1365005145796,120,120,176,56
3,84,1365005145740,84,1365005145827,87,64,31,-56
3,32,1365005145796,32,1365005145924,128,56,97,-31
3,83,1365005145948,83,1365005146052,104,152,128,24
3,80,1365005146084,80,1365005146236,152,136,184,32
3,79,1365005146260,79,1365005146380,120,176,144,24
3,75,1365005146532,75,1365005146612,80,272,232,152
3,69,1365005146724,69,1365005146788,64,192,176,112
3,32,1365005147164,32,1365005147244,80,440,456,376
3,87,1365005147620,87,1365005147699,79,456,455,376
3,73,1365005147684,73,1365005147763,79,64,64,-15
3,84,1365005147764,84,1365005147860,96,80,97,1
3,72,1365005147820,72,1365005147939,119,56,79,-40
3,32,1365005147900,32,1365005147987,87,80,48,-39
3,16,1365005147963,16,1365005148131,168,63,144,-24
3,68,1365005148052,68,1365005148147,95,89,16,-79
3,82,1365005148260,82,1365005148324,64,208,177,113
3,190,1365005148324,190,1365005148459,135,64,135,0
3,32,1365005148411,32,1365005148515,104,87,56,-48
3,16,1365005148460,16,1365005148635,175,49,120,-55
3,82,1365005148571,82,1365005148683,112,111,48,-64
3,79,1365005148659,79,1365005148771,112,88,88,-24
3,83,1365005148787,83,1365005148851,64,128,80,16
3,83,1365005148923,83,1365005148988,65,136,137,72
3,32,1365005149163,32,1365005149251,88,240,263,175
3,65,1365005149283,65,1365005149388,105,120,137,32
3,66,1365005149388,66,1365005149500,112,105,112,0
3,79,1365005149428,79,1365005149531,103,40,31,-72
3,85,1365005149500,85,1365005149571,71,72,40,-31
3,84,1365005149627,84,1365005149707,80,127,136,56
3,32,1365005149683,32,1365005149779,96,56,72,-24
3,72,1365005149828,72,1365005149940,112,145,161,49
3,79,1365005149884,79,1365005150011,127,56,71,-56
3,87,1365005149971,87,1365005150043,72,87,32,-40
3,32,1365005150044,32,1365005150172,128,73,129,1
3,84,1365005150115,84,1365005150212,97,71,40,-57
3,79,1365005150212,79,1365005150323,111,97,111,0
3,32,1365005150291,32,1365005150443,152,79,120,-32
3,67,1365005150444,67,1365005150524,80,153,81,1
3,79,1365005150556,79,1365005150668,112,112,144,32
3,78,1365005150604,78,1365005150748,144,48,80,-64
3,83,1365005150748,83,1365005150836,88,144,88,0
3,79,1365005150836,79,1365005150916,80,88,80,0
3,76,1365005151013,76,1365005151156,143,177,240,97
3,73,1365005151084,73,1365005151220,136,71,64,-72
3,68,1365005151188,68,1365005151260,72,104,40,-32
3,65,1365005151261,65,1365005151380,119,73,120,1
3,84,1365005151348,84,1365005151477,129,87,97,-32
3,69,1365005151429,69,1365005151532,103,81,55,-48
3,32,1365005151525,32,1365005151628,103,96,96,-7
3,84,1365005151612,84,1365005151692,80,87,64,-16
3,72,1365005151692,72,1365005151820,128,80,128,0
3,69,1365005151748,69,1365005151860,112,56,40,-72
3,32,1365005151924,32,1365005152036,112,176,176,64
3,73,1365005152060,73,1365005152188,128,136,152,24
3,78,1365005152324,78,1365005152428,104,264,240,136
3,86,1365005152508,86,1365005152564,56,184,136,80
3,8,1365005152796,8,1365005152860,64,288,296,232
3,8,1365005152948,8,1365005153012,64,152,152,88
3,8,1365005153092,8,1365005153164,72,144,152,80
3,8,1365005153661,8,1365005153724,63,569,560,497
3,8,1365005153797,8,1365005153868,71,136,144,73
3,8,1365005153940,8,1365005154004,64,143,136,72
3,8,1365005154076,8,1365005154148,72,136,144,72
3,65,1365005154268,65,1365005154332,64,192,184,120
3,76,1365005154308,76,1365005154364,56,40,32,-24
3,76,1365005154436,76,1365005154540,104,128,176,72
3,32,1365005154524,32,1365005154660,136,88,120,-16
3,79,1365005154636,79,1365005154788,152,112,128,-24
3,70,1365005154724,70,1365005154788,64,88,0,-64
3,32,1365005154764,32,1365005154868,104,40,80,-24
3,84,1365005154900,84,1365005154964,64,136,96,32
3,72,1365005154940,72,1365005155060,120,40,96,-24
3,69,1365005155020,69,1365005155092,72,80,32,-40
3,32,1365005155084,32,1365005155196,112,64,104,-8
3,83,1365005155172,83,1365005155324,152,88,128,-24
3,84,1365005155268,84,1365005155372,104,96,48,-56
3,73,1365005155324,73,1365005155396,72,56,24,-48
3,76,1365005155372,76,1365005155436,64,48,40,-24
3,76,1365005155492,76,1365005155612,120,120,176,56
3,189,1365005155940,189,1365005156004,64,448,392,328
3,73,1365005156204,73,1365005156356,152,264,352,200
3,77,1365005156300,77,1365005156436,136,96,80,-56
3,69,1365005156620,69,1365005156708,88,320,272,184
3,32,1365005156692,32,1365005156756,64,72,48,-16
3,77,1365005157012,77,1365005157116,104,320,360,256
3,65,1365005157076,65,1365005157220,144,64,104,-40
3,84,1365005157164,84,1365005157252,88,88,32,-56
3,67,1365005157372,67,1365005157468,96,208,216,120
3,72,1365005157484,72,1365005157556,72,112,88,16
3,32,1365005157788,32,1365005157917,129,304,361,232
3,83,1365005157876,83,1365005157940,64,88,23,-41
3,67,1365005158036,67,1365005158124,88,160,184,96
3,79,1365005158220,79,1365005158308,88,184,184,96
3,82,1365005158284,82,1365005158428,144,64,120,-24
3,69,1365005158356,69,1365005158492,136,72,64,-72
3,83,1365005158428,83,1365005158548,120,72,56,-64
3,32,1365005158548,32,1365005158644,96,120,96,0
3,70,1365005158628,70,1365005158684,56,80,40,-16
3,82,1365005158772,82,1365005158836,64,144,152,88
3,79,1365005158837,79,1365005158956,119,65,120,1
3,77,1365005158892,77,1365005159044,152,55,88,-64
3,32,1365005158988,32,1365005159100,112,96,56,-56
3,77,1365005159380,77,1365005159460,80,392,360,280
3,65,1365005159460,65,1365005159588,128,80,128,0
3,84,1365005159516,84,1365005159588,72,56,0,-72
3,67,1365005159716,67,1365005159796,80,200,208,128
3,72,1365005159764,72,1365005159836,72,48,40,-32
3,73,1365005159836,73,1365005159972,136,72,136,0
3,78,1365005159932,78,1365005160044,112,96,72,-40
3,71,1365005160012,71,1365005160084,72,80,40,-32
3,32,1365005160108,32,1365005160204,96,96,120,24
3,69,1365005160332,69,1365005160396,64,224,192,128
3,86,1365005160484,86,1365005160572,88,152,176,88
3,69,1365005160652,69,1365005160796,144,168,224,80
3,82,1365005160740,82,1365005160844,104,88,48,-56
3,89,1365005160796,89,1365005160916,120,56,72,-48
3,32,1365005160844,32,1365005160964,120,48,48,-72
3,70,1365005160964,70,1365005161020,56,120,56,0
3,82,1365005161100,82,1365005161228,128,136,208,80
3,65,1365005161180,65,1365005161252,72,80,24,-48
3,77,1365005161228,77,1365005161316,88,48,64,-24
3,69,1365005161332,69,1365005161420,88,104,104,16
3,32,1365005161420,32,1365005161516,96,88,96,0
3,79,1365005161588,79,1365005161684,96,168,168,72
3,70,1365005161684,70,1365005161772,88,96,88,0
3,32,1365005161772,32,1365005161844,72,88,72,0
3,65,1365005161868,65,1365005161972,104,96,128,24
3,32,1365005161932,32,1365005162044,112,64,72,-40
3,86,1365005162164,86,1365005162228,64,232,184,120
3,73,1365005162228,73,1365005162332,104,64,104,0
3,68,1365005162332,68,1365005162388,56,104,56,0
3,69,1365005162492,69,1365005162556,64,160,168,104
3,79,1365005162556,79,1365005162652,96,64,96,0
3,32,1365005162852,32,1365005162940,88,296,288,200
3,65,1365005163196,65,1365005163308,112,344,368,256
3,71,1365005163292,71,1365005163428,136,96,120,-16
3,65,1365005163428,65,1365005163492,64,136,64,0
3,73,1365005163492,73,1365005163612,120,64,120,0
3,78,1365005163588,78,1365005163692,104,96,80,-24
3,83,1365005164308,83,1365005164436,128,720,744,616
3,84,1365005164396,84,1365005164492,96,88,56,-40
3,32,1365005164460,32,1365005164556,96,64,64,-32
3,69,1365005164852,69,1365005164916,64,392,360,296
3,86,1365005165019,86,1365005165091,72,167,175,103
3,69,1365005165147,69,1365005165259,112,128,168,56
3,32,1365005165332,32,1365005165428,96,185,169,73
3,8,1365005165772,8,1365005165827,55,440,399,344
3,8,1365005165899,8,1365005165963,64,127,136,72
3,8,1365005166051,8,1365005166131,80,152,168,88
3,82,1365005166171,82,1365005166252,81,120,121,40
3,89,1365005166300,89,1365005166435,135,129,183,48
3,32,1365005166355,32,1365005166459,104,55,24,-80
3,70,1365005166483,70,1365005166539,56,128,80,24
3,82,1365005166636,82,1365005166691,55,153,152,97
3,79,1365005166692,79,1365005166827,135,56,136,1
3,77,1365005166779,77,1365005166907,128,87,80,-48
3,8,1365005167067,8,1365005167123,56,288,216,160
3,8,1365005167211,8,1365005167275,64,144,152,88
3,65,1365005167331,65,1365005167411,80,120,136,56
3,77,1365005167499,77,1365005167571,72,168,160,88
3,69,1365005167571,69,1365005167659,88,72,88,0
3,32,1365005167699,32,1365005167796,97,128,137,40
3,79,1365005167755,79,1365005167891,136,56,95,-41
3,70,1365005167835,70,1365005167923,88,80,32,-56
3,32,1365005167924,32,1365005168020,96,89,97,1
3,65,1365005168052,65,1365005168189,137,128,169,32
3,32,1365005168189,32,1365005168252,63,137,63,0
3,67,1365005168668,67,1365005168732,64,479,480,416
3,8,1365005168964,8,1365005169015,51,296,283,232
3,8,1365005169100,8,1365005169156,56,136,141,85
3,8,1365005169236,8,1365005169284,48,136,128,80
3,83,1365005169260,83,1365005169348,88,24,64,-24
3,69,1365005169308,69,1365005169388,80,48,40,-40
3,67,1365005169509,67,1365005169525,16,201,137,121
3,79,1365005169580,79,1365005169708,128,71,183,55
3,78,1365005169644,78,1365005169748,104,64,40,-64
3,68,1365005169748,68,1365005169804,56,104,56,0
3,32,1365005169804,32,1365005169900,96,56,96,0
3,86,1365005169996,86,1365005170068,72,192,168,96
3,73,1365005170069,73,1365005170164,95,73,96,1
3,68,1365005170197,68,1365005170236,39,128,72,33
3,69,1365005170364,69,1365005170397,33,167,161,128
3,79,1365005170428,79,1365005170508,80,64,111,31
3,190,1365005170645,190,1365005170782,137,217,274,137
3,32,1365005170724,32,1365005170860,136,79,78,-58
3,16,1365005170828,16,1365005170956,128,104,96,-32
3,72,1365005170908,72,1365005171052,144,80,96,-48
3,69,1365005171029,69,1365005171092,63,121,40,-23
3,32,1365005171116,32,1365005171212,96,87,120,24
3,66,1365005171228,66,1365005171292,64,112,80,16
3,82,1365005171412,82,1365005171492,80,184,200,120
3,79,1365005171492,79,1365005171628,136,80,136,0
3,85,1365005171588,85,1365005171684,96,96,56,-40
3,71,1365005171684,71,1365005171748,64,96,64,0
3,72,1365005171780,72,1365005171868,88,96,120,32
3,32,1365005171932,32,1365005172068,136,152,200,64
3,8,1365005172292,8,1365005172348,56,360,280,224
3,84,1365005172404,84,1365005172460,56,112,112,56
3,32,1365005172476,32,1365005172628,152,72,168,16
3,85,1365005172564,85,1365005172780,216,88,152,-64
3,80,1365005172660,80,1365005172812,152,96,32,-120
3,32,1365005172780,32,1365005172916,136,120,104,-32
3,83,1365005172876,83,1365005172988,112,96,72,-40
3,79,1365005172989,79,1365005173044,55,113,56,1
3,74,1365005173044,74,1365005173116,72,55,72,0
3,77,1365005173045,77,1365005173164,119,1,48,-71
3,8,1365005173540,8,1365005173604,64,495,440,376
3,8,1365005173676,8,1365005173756,80,136,152,72
3,77,1365005173892,77,1365005173956,64,216,200,136
3,69,1365005173956,69,1365005174020,64,64,64,0
3,32,1365005174060,32,1365005174124,64,104,104,40
3,86,1365005174308,86,1365005174388,80,248,264,184
3,69,1365005174460,69,1365005174604,144,152,216,72
3,82,1365005174548,82,1365005174652,104,88,48,-56
3,89,1365005174604,89,1365005174724,120,56,72,-48
3,32,1365005174676,32,1365005174780,104,72,56,-48
3,73,1365005174804,73,1365005174972,168,128,192,24
3,78,1365005174924,78,1365005175060,136,120,88,-48
3,8,1365005175340,8,1365005175404,64,416,344,280
3,8,1365005175492,8,1365005175564,72,152,160,88
3,84,1365005175524,84,1365005175612,88,32,48,-40
3,69,1365005175652,69,1365005175756,104,128,144,40
3,82,1365005175732,82,1365005175892,160,80,136,-24
3,69,1365005175860,69,1365005176036,176,128,144,-32
3,83,1365005175932,83,1365005176076,144,72,40,-104
3,84,1365005176020,84,1365005176116,96,88,40,-56
3,73,1365005176101,73,1365005176212,111,81,96,-15
3,32,1365005176308,32,1365005176428,120,207,216,96
3,80,1365005176588,80,1365005176740,152,280,312,160
3,79,1365005176716,79,1365005176908,192,128,168,-24
3,73,1365005176812,73,1365005176948,136,96,40,-96
3,78,1365005176908,78,1365005177020,112,96,72,-40
3,84,1365005176980,84,1365005177100,120,72,80,-40
3,83,1365005177036,83,1365005177156,120,56,56,-64
3,188,1365005177412,188,1365005177548,136,376,392,256
3,32,1365005177508,32,1365005177612,104,96,64,-40
3,65,1365005177636,65,1365005177732,96,128,120,24
3,8,1365005177940,8,1365005177996,56,304,264,208
3,8,1365005178084,8,1365005178148,64,144,152,88
3,8,1365005178244,8,1365005178292,48,160,144,96
3,32,1365005178628,32,1365005178708,80,384,416,336
3,65,1365005178708,65,1365005178756,48,80,48,0
3,78,1365005178796,78,1365005178916,120,88,160,40
3,68,1365005178852,68,1365005178932,80,56,16,-64
3,32,1365005178932,32,1365005179060,128,80,128,0
3,86,1365005179036,86,1365005179172,136,104,112,-24
3,65,1365005179124,65,1365005179212,88,88,40,-48
3,76,1365005179172,76,1365005179284,112,48,72,-40
3,73,1365005179236,73,1365005179356,120,64,72,-48
3,68,1365005179308,68,1365005179420,112,72,64,-48
3,65,1365005179452,65,1365005179556,104,144,136,32
3,84,1365005179516,84,1365005179620,104,64,64,-40
3,69,1365005179596,69,1365005179676,80,80,56,-24
3,68,1365005179772,68,1365005179820,48,176,144,96
3,32,1365005179836,32,1365005179956,120,64,136,16
3,83,1365005179924,83,1365005180020,96,88,64,-32
3,79,1365005179988,79,1365005180100,112,64,80,-32
3,32,1365005180244,32,1365005180380,136,256,280,144
3,79,1365005180380,79,1365005180508,128,136,128,0
3,70,1365005180524,70,1365005180596,72,144,88,16
3,32,1365005180868,32,1365005180940,72,344,344,272
3,84,1365005180940,84,1365005180996,56,72,56,0
3,72,1365005181020,72,1365005181132,112,80,136,24
3,69,1365005181076,69,1365005181148,72,56,16,-56
3,32,1365005181132,32,1365005181236,104,56,88,-16
3,73,1365005181212,73,1365005181339,127,80,103,-24
3,68,1365005181284,68,1365005181363,79,72,24,-55
3,69,1365005181452,69,1365005181564,112,168,201,89
3,65,1365005181524,65,1365005181724,200,72,160,-40
3,83,1365005181652,83,1365005181748,96,128,24,-72
3,32,1365005181724,32,1365005181828,104,72,80,-24
3,16,1365005181940,16,1365005182084,144,216,256,112
3,73,1365005181996,73,1365005182084,88,56,0,-88
3,32,1365005182084,32,1365005182204,120,88,120,0
3,72,1365005182172,72,1365005182276,104,88,72,-32
3,65,1365005182276,65,1365005182420,144,104,144,0
3,68,1365005182364,68,1365005182500,136,88,80,-56
3,32,1365005182708,32,1365005182828,120,344,328,208
3,65,1365005182835,65,1365005182956,121,127,128,7
3,76,1365005182932,76,1365005183043,111,97,87,-24
3,82,1365005182987,82,1365005183107,120,55,64,-56
3,69,1365005183044,69,1365005183147,103,57,40,-63
3,65,1365005183171,65,1365005183291,120,127,144,24
3,68,1365005183235,68,1365005183347,112,64,56,-56
3,89,1365005183348,89,1365005183436,88,113,89,1
3,32,1365005183395,32,1365005183516,121,47,80,-41
3,72,1365005183556,72,1365005183667,111,161,151,40
3,65,1365005183643,65,1365005183771,128,87,104,-24
3,68,1365005183731,68,1365005183852,121,88,81,-40
3,32,1365005183876,32,1365005183988,112,145,136,24
3,83,1365005184020,83,1365005184099,79,144,111,32
3,87,1365005184219,87,1365005184315,96,199,216,120
3,73,1365005184315,73,1365005184419,104,96,104,0
3,77,1365005184387,77,1365005184499,112,72,80,-32
3,77,1365005184595,77,1365005184628,33,208,129,96
3,73,1365005184923,73,1365005185011,88,328,383,295
3,78,1365005184979,78,1365005185099,120,56,88,-32
3,71,1365005185099,71,1365005185171,72,120,72,0
3,32,1365005185172,32,1365005185323,151,73,152,1
3,73,1365005185299,73,1365005185395,96,127,72,-24
3,8,1365005185620,8,1365005185692,72,321,297,225
3,65,1365005185748,65,1365005185861,113,128,169,56
3,82,1365005185788,82,1365005185861,73,40,0,-73
3,79,1365005185861,79,1365005185996,135,73,135,0
3,85,1365005185948,85,1365005186028,80,87,32,-48
3,78,1365005186148,78,1365005186221,73,200,193,120
3,68,1365005186252,68,1365005186324,72,104,103,31
3,32,1365005186324,32,1365005186444,120,72,120,0
3,73,1365005186396,73,1365005186572,176,72,128,-48
3,78,1365005186508,78,1365005186660,152,112,88,-64
3,32,1365005186628,32,1365005186812,184,120,152,-32
3,77,1365005186772,77,1365005186876,104,144,64,-40
3,89,1365005187012,89,1365005187116,104,240,240,136
3,32,1365005187092,32,1365005187212,120,80,96,-24
3,72,1365005187228,72,1365005187308,80,136,96,16
3,69,1365005187309,69,1365005187420,111,81,112,1
3,65,1365005187380,65,1365005187540,160,71,120,-40
3,68,1365005187541,68,1365005187660,119,161,120,1
3,190,1365005187772,190,1365005187916,144,231,256,112
3,32,1365005187860,32,1365005187964,104,88,48,-56
3,16,1365005188596,16,1365005188724,128,736,760,632
3,70,1365005188660,70,1365005188756,96,64,32,-64
3,73,1365005188756,73,1365005188820,64,96,64,0
3,82,1365005188844,82,1365005188916,72,88,96,24
3,83,1365005188940,83,1365005189108,168,96,192,24
3,84,1365005189036,84,1365005189125,89,96,17,-72
3,32,1365005189108,32,1365005189220,112,72,95,-17
3,79,1365005189196,79,1365005189356,160,88,136,-24
3,70,1365005189628,70,1365005189700,72,432,344,272
3,32,1365005189812,32,1365005189908,96,184,208,112
3,65,1365005189908,65,1365005190020,112,96,112,0
3,76,1365005189972,76,1365005190044,72,64,24,-48
3,76,1365005190108,76,1365005190228,120,136,184,64
3,188,1365005190292,188,1365005190412,120,184,184,64
3,32,1365005190388,32,1365005190500,112,96,88,-24
3,16,1365005190444,16,1365005190676,232,56,176,-56
3,73,1365005190557,73,1365005190724,167,113,48,-119
3,32,1365005190636,32,1365005190756,120,79,32,-88
3,67,1365005190852,67,1365005190980,128,216,224,96
3,65,1365005190876,65,1365005191012,136,24,32,-104
3,78,1365005190996,78,1365005191132,136,120,120,-16
3,32,1365005191092,32,1365005191276,184,96,144,-40
3,65,1365005191244,65,1365005191412,168,152,136,-32
3,80,1365005191444,80,1365005191508,64,200,96,32
3,80,1365005191580,80,1365005191684,104,136,176,72
3,8,1365005191916,8,1365005191972,56,336,288,232
3,8,1365005192052,8,1365005192116,64,136,144,80
3,80,1365005192676,80,1365005192756,80,624,640,560
3,80,1365005192852,80,1365005192956,104,176,200,96
3,76,1365005193052,76,1365005193244,192,200,288,96
3,89,1365005193196,89,1365005193372,176,144,128,-48
3,32,1365005193292,32,1365005193412,120,96,40,-80
3,83,1365005193372,83,1365005193476,104,80,64,-40
3,79,1365005193436,79,1365005193556,120,64,80,-40
3,77,1365005193532,77,1365005193708,176,96,152,-24
3,69,1365005193628,69,1365005193708,80,96,0,-80
3,32,1365005193708,32,1365005193804,96,80,96,0
3,79,1365005193772,79,1365005193884,112,64,80,-32
3,84,1365005193908,84,1365005193972,64,136,88,24
3,72,1365005193972,72,1365005194060,88,64,88,0
3,69,1365005194060,69,1365005194156,96,88,96,0
3,82,1365005194108,82,1365005194196,88,48,40,-48
3,32,1365005194156,32,1365005194260,104,48,64,-40
3,70,1365005194372,70,1365005194404,32,216,144,112
3,85,1365005194564,85,1365005194684,120,192,280,160
3,83,1365005195052,83,1365005195164,112,488,480,368
3,73,1365005195164,73,1365005195252,88,112,88,0
3,79,1365005195228,79,1365005195340,112,64,88,-24
3,78,1365005195308,78,1365005195468,160,80,128,-32
3,32,1365005195388,32,1365005195532,144,80,64,-80
3,82,1365005195692,82,1365005195780,88,304,248,160
3,85,1365005195780,85,1365005195884,104,88,104,0
3,76,1365005195836,76,1365005195948,112,56,64,-48
3,69,1365005195924,69,1365005196092,168,88,144,-24
3,83,1365005196004,83,1365005196124,120,80,32,-88
3,32,1365005196124,32,1365005196228,104,120,104,0
3,65,1365005196588,65,1365005196756,168,464,528,360
3,83,1365005196708,83,1365005196836,128,120,80,-48
3,83,1365005196900,83,1365005197004,104,192,168,64
3,85,1365005196980,85,1365005197060,80,80,56,-24
3,77,1365005197212,77,1365005197284,72,232,224,152
3,73,1365005197380,73,1365005197500,120,168,216,96
3,78,1365005197444,78,1365005197556,112,64,56,-56
3,71,1365005197556,71,1365005197605,49,112,49,0
3,32,1365005197644,32,1365005197740,96,88,135,39
3,84,1365005197884,84,1365005197948,64,240,208,144
3,72,1365005197948,72,1365005198004,56,64,56,0
3,65,1365005198052,65,1365005198196,144,104,192,48
3,84,1365005198108,84,1365005198220,112,56,24,-88
3,32,1365005198220,32,1365005198276,56,112,56,0
3,84,1365005198324,84,1365005198396,72,104,120,48
3,72,1365005198396,72,1365005198460,64,72,64,0
3,69,1365005198484,69,1365005198572,88,88,112,24
3,32,1365005198572,32,1365005198635,63,88,63,0
3,77,1365005199444,77,1365005199547,103,872,912,809
3,65,1365005199515,65,1365005199611,96,71,64,-32
3,84,1365005199579,84,1365005199643,64,64,32,-32
3,67,1365005199780,67,1365005199860,80,201,217,137
3,72,1365005199860,72,1365005199988,128,80,128,0
3,32,1365005199988,32,1365005200092,104,128,104,0
3,83,1365005200092,83,1365005200188,96,104,96,0
3,67,1365005200284,67,1365005200363,79,192,175,96
3,79,1365005200467,79,1365005200548,81,183,185,104
3,82,1365005200571,82,1365005200732,161,104,184,23
3,69,1365005200651,69,1365005200811,160,80,79,-81
3,83,1365005200732,83,1365005200835,103,81,24,-79
3,32,1365005200812,32,1365005200883,71,80,48,-23
3,65,1365005200923,65,1365005201067,144,111,184,40
3,82,1365005201044,82,1365005201203,159,121,136,-23
3,69,1365005201139,69,1365005201251,112,95,48,-64
3,32,1365005201252,32,1365005201395,143,113,144,1
3,78,1365005201396,78,1365005201531,135,144,136,1
3,79,1365005201475,79,1365005201579,104,79,48,-56
3,84,1365005201547,84,1365005201635,88,72,56,-32
3,32,1365005201636,32,1365005201739,103,89,104,1
3,67,1365005201828,67,1365005201916,88,192,177,89
3,79,1365005202028,79,1365005202115,87,200,199,112
3,79,1365005202203,79,1365005202275,72,175,160,88
3,82,1365005202291,82,1365005202427,136,88,152,16
3,69,1365005202355,69,1365005202459,104,64,32,-72
3,8,1365005202611,8,1365005202667,56,256,208,152
3,8,1365005202763,8,1365005202819,56,152,152,96
3,8,1365005202891,8,1365005202947,56,128,128,72
3,82,1365005203004,82,1365005203037,33,113,90,57
3,82,1365005203116,82,1365005203204,88,112,167,79
3,69,1365005203244,69,1365005203364,120,128,160,40
3,76,1365005203388,76,1365005203492,104,144,128,24
3,65,1365005203492,65,1365005203596,104,104,104,0
3,84,1365005203540,84,1365005203654,114,48,58,-56
3,69,1365005203628,69,1365005203700,72,88,46,-26
3,68,1365005203796,68,1365005203908,112,168,208,96
3,32,1365005203909,32,1365005204020,111,113,112,1
3,16,1365005204188,16,1365005204333,145,279,313,168
3,57,1365005204261,57,1365005204333,72,73,0,-72
3,87,1365005204468,87,1365005204564,96,207,231,135
3,72,1365005204564,72,1365005204684,120,96,120,0
3,73,1365005204652,73,1365005204732,80,88,48,-32
3,67,1365005204732,67,1365005204828,96,80,96,0
3,72,1365005204828,72,1365005204916,88,96,88,0
3,32,1365005204884,32,1365005204980,96,56,64,-32
3,79,1365005205964,79,1365005206044,80,1080,1064,984
3,66,1365005206092,66,1365005206156,64,128,112,48
3,73,1365025322361,73,1365025322465,104,96,0,-104
3,222,1365025322569,222,1365025322705,136,208,240,104
3,77,1365025322657,77,1365025322825,168,88,120,-48
3,32,1365025322801,32,1365025322913,112,144,88,-24
3,84,1365025322897,84,1365025322993,96,96,80,-16
3,89,1365025322993,89,1365025323153,160,96,160,0
3,80,1365025323089,80,1365025323216,127,96,63,-64
3,73,1365025323241,73,1365025323400,159,152,184,25
3,32,1365025323449,32,1365025323544,95,208,144,49
3,84,1365025323657,84,1365025323825,168,208,281,113
3,87,1365025323769,87,1365025323881,112,112,56,-56
3,73,1365025324128,73,1365025324193,65,359,312,247
3,67,1365025324216,67,1365025324272,56,88,79,23
3,69,1365025324384,69,1365025324433,49,168,161,112
3,32,1365025324433,32,1365025324529,96,49,96,0
3,84,1365025324529,84,1365025324568,39,96,39,0
3,79,1365025324609,79,1365025324705,96,80,137,41
3,68,1365025324705,68,1365025324840,135,96,135,0
3,65,1365025324809,65,1365025324952,143,104,112,-31
3,89,1365025324888,89,1365025324984,96,79,32,-64
3,32,1365025325096,32,1365025325160,64,208,176,112
3,66,1365025325184,66,1365025325232,48,88,72,24
3,69,1365025325320,69,1365025325376,56,136,144,88
3,67,1365025325496,67,1365025325592,96,176,216,120
3,65,1365025325536,65,1365025325656,120,40,64,-56
3,85,1365025325624,85,1365025325696,72,88,40,-32
3,83,1365025325776,83,1365025325936,160,152,240,80
3,69,1365025325840,69,1365025325960,120,64,24,-96
3,32,1365025325961,32,1365025326043,82,121,83,1
3,87,1365025326168,87,1365025326264,96,207,221,125
3,72,1365025326265,72,1365025326312,47,97,48,1
3,69,1365025326353,69,1365025326440,87,88,128,41
3,78,1365025326441,78,1365025326529,88,88,89,1
3,32,1365025326505,32,1365025326601,96,64,72,-24
3,16,1365025326553,16,1365025326697,144,48,96,-48
3,73,1365025326641,73,1365025326769,128,88,72,-56
3,32,1365025326737,32,1365025326985,248,96,216,-32
3,73,1365025326929,73,1365025327057,128,192,72,-56
3,78,1365025327025,78,1365025327193,168,96,136,-32
3,73,1365025327177,73,1365025327297,120,152,104,-16
3,84,1365025327297,84,1365025327353,56,120,56,0
3,73,1365025327393,73,1365025327481,88,96,128,40
3,65,1365025327481,65,1365025327593,112,88,112,0
3,76,1365025327569,76,1365025327625,56,88,32,-24
3,76,1365025327705,76,1365025327865,160,136,240,80
3,89,1365025327817,89,1365025327969,152,112,104,-48
3,32,1365025327929,32,1365025328049,120,112,80,-40
3,65,1365025328009,65,1365025328153,144,80,104,-40
3,71,1365025328105,71,1365025328185,80,96,32,-48
3,82,1365025328305,82,1365025328449,144,200,264,120
3,69,1365025328401,69,1365025328513,112,96,64,-48
3,69,1365025328595,69,1365025328665,70,194,152,82
3,68,1365025328785,68,1365025328857,72,190,192,120
3,32,1365025328817,32,1365025328913,96,32,56,-40
3,84,1365025328969,84,1365025329025,56,152,112,56
3,79,1365025329025,79,1365025329129,104,56,104,0
3,32,1365025329081,32,1365025329185,104,56,56,-48
3,72,1365025329369,72,1365025329449,80,288,264,184
3,69,1365025329473,69,1365025329545,72,104,96,24
3,76,1365025329545,76,1365025329626,81,72,81,0
3,80,1365025329681,80,1365025329849,168,136,223,55
3,32,1365025329793,32,1365025329905,112,112,56,-56
3,87,1365025329906,87,1365025329986,80,113,81,1
3,73,1365025329986,73,1365025330065,79,80,79,0
3,84,1365025330097,84,1365025330169,72,111,104,32
3,72,1365025330153,72,1365025330265,112,56,96,-16
3,32,1365025330225,32,1365025330321,96,72,56,-40
3,84,1365025330617,84,1365025330697,80,392,376,296
3,72,1365025330697,72,1365025330793,96,80,96,0
3,69,1365025331233,69,1365025331297,64,536,504,440
3,32,1365025331361,32,1365025331425,64,128,128,64
3,68,1365025331449,68,1365025331537,88,88,112,24
3,65,1365025331561,65,1365025331657,96,112,120,24
3,84,1365025331657,84,1365025331769,112,96,112,0
3,65,1365025331753,65,1365025331881,128,96,112,-16
3,32,1365025331905,32,1365025331993,88,152,112,24
3,67,1365025332089,67,1365025332169,80,184,176,96
3,79,1365025332145,79,1365025332209,64,56,40,-24
3,76,1365025332297,76,1365025332353,56,152,144,88
3,76,1365025332417,76,1365025332521,104,120,168,64
3,69,1365025332489,69,1365025332545,56,72,24,-32
3,67,1365025332641,67,1365025332713,72,152,168,96
3,84,1365025332817,84,1365025332873,56,176,160,104
3,73,1365025332873,73,1365025332985,112,56,112,0
3,79,1365025332921,79,1365025333065,144,48,80,-64
3,78,1365025333009,78,1365025333169,160,88,104,-56
3,32,1365025333081,32,1365025333226,145,72,57,-88
3,8,1365025333723,8,1365025333777,54,642,551,497
3,188,1365025333921,188,1365025334041,120,198,264,144
3,32,1365025334001,32,1365025334113,112,80,72,-40
3,16,1365025334193,16,1365025334353,160,192,240,80
3,73,1365025334265,73,1365025334428,163,72,75,-88
3,32,1365025334353,32,1365025334489,136,88,61,-75
3,87,1365025334521,87,1365025334617,96,168,128,32
3,65,1365025334593,65,1365025334762,169,72,145,-24
3,83,1365025334705,83,1365025334793,88,112,31,-57
3,32,1365025334762,32,1365025334873,111,57,80,-31
3,69,1365025334985,69,1365025335121,136,223,248,112
3,82,1365025335081,82,1365025335177,96,96,56,-40
3,8,1365025335353,8,1365025335409,56,272,232,176
3,8,1365025335473,8,1365025335553,80,120,144,64
3,84,1365025335553,84,1365025335601,48,80,48,0
3,69,1365025335649,69,1365025335785,136,96,184,48
3,82,1365025335745,82,1365025335809,64,96,24,-40
3,82,1365025335897,82,1365025335945,48,152,136,88
3,73,1365025335987,73,1365025336073,86,90,128,42
3,66,1365025336073,66,1365025336137,64,86,64,0
3,76,1365025336137,76,1365025336241,104,64,104,0
3,69,1365025336241,69,1365025336313,72,104,72,0
3,32,1365025336297,32,1365025336401,104,56,88,-16
3,65,1365025336401,65,1365025336521,120,104,120,0
3,84,1365025336457,84,1365025336545,88,56,24,-64
3,32,1365025336545,32,1365025336657,112,88,112,0
3,67,1365025336777,67,1365025336873,96,232,216,120
3,79,1365025336841,79,1365025336945,104,64,72,-32
3,78,1365025336905,78,1365025337009,104,64,64,-40
3,83,1365025336993,83,1365025337097,104,88,88,-16
3,73,1365025337153,73,1365025337249,96,160,152,56
3,83,1365025337209,83,1365025337345,136,56,96,-40
3,84,1365025337345,84,1365025337465,120,136,120,0
3,69,1365025337417,69,1365025337537,120,72,72,-48
3,78,1365025337537,78,1365025337633,96,120,96,0
3,84,1365025337657,84,1365025337721,64,120,88,24
3,76,1365025337769,76,1365025337961,192,112,240,48
3,89,1365025337865,89,1365025338049,184,96,88,-96
3,32,1365025337953,32,1365025338089,136,88,40,-96
3,67,1365025338145,67,1365025338217,72,192,128,56
3,79,1365025338201,79,1365025338297,96,56,80,-16
3,77,1365025338265,77,1365025338353,88,64,56,-32
3,73,1365025338377,73,1365025338497,120,112,144,24
3,78,1365025338465,78,1365025338625,160,88,128,-32
3,71,1365025338553,71,1365025338625,72,88,0,-72
3,32,1365025338617,32,1365025338745,128,64,120,-8
3,73,1365025338769,73,1365025338953,184,152,208,24
3,78,1365025338825,78,1365025339001,176,56,48,-128
3,32,1365025338921,32,1365025339049,128,96,48,-80
3,84,1365025339065,84,1365025339129,64,144,80,16
3,79,1365025339129,79,1365025339249,120,64,120,0
3,32,1365025339217,32,1365025339329,112,88,80,-32
3,68,1365025339393,68,1365025339489,96,176,160,64
3,79,1365025339465,79,1365025339609,144,72,120,-24
3,32,1365025339545,32,1365025339641,96,80,32,-64
3,84,1365025339641,84,1365025339697,56,96,56,0
3,72,1365025339713,72,1365025339809,96,72,112,16
3,69,1365025339785,69,1365025339873,88,72,64,-24
3,32,1365025339849,32,1365025339929,80,64,56,-24
3,83,1365025340617,83,1365025340697,80,768,768,688
3,73,1365025340697,73,1365025340800,103,80,103,0
3,88,1365025340841,88,1365025340929,88,144,129,41
3,84,1365025341049,84,1365025341105,56,208,176,120
3,89,1365025341153,89,1365025341288,135,104,183,48
3,32,1365025341233,32,1365025341337,104,80,49,-55
3,83,1365025341369,83,1365025341464,95,136,127,32
3,69,1365025341441,69,1365025341504,63,72,40,-23
3,67,1365025341641,67,1365025341689,48,200,185,137
3,79,1365025341689,79,1365025341784,95,48,95,0
3,32,1365025341896,32,1365025342008,112,207,224,112
3,84,1365025342009,84,1365025342080,71,113,72,1
3,89,1365025342048,89,1365025342232,184,39,152,-32
3,80,1365025342152,80,1365025342280,128,104,48,-80
3,73,1365025342312,73,1365025342464,152,160,184,32
3,78,1365025342412,78,1365025342552,140,100,88,-52
3,71,1365025342536,71,1365025342584,48,124,32,-16
3,190,1365025342672,190,1365025342816,144,136,232,88
3,32,1365025342760,32,1365025342872,112,88,56,-56
3,8,1365025343104,8,1365025343168,64,344,296,232
3,8,1365025343240,8,1365025343296,56,136,128,72
3,32,1365025343344,32,1365025343457,113,104,161,48
3,83,1365025343464,83,1365025343576,112,120,119,7
3,69,1365025343528,69,1365025343625,97,64,49,-48
3,83,1365025343872,83,1365025343912,40,344,287,247
3,83,1365025343993,83,1365025344058,65,121,146,81
3,73,1365025344058,73,1365025344129,71,65,71,0
3,79,1365025344089,79,1365025344217,128,31,88,-40
3,78,1365025344177,78,1365025344265,88,88,48,-40
3,83,1365025344266,83,1365025344337,71,89,72,1
3,190,1365025344377,190,1365025344505,128,111,168,40
3,32,1365025344466,32,1365025344601,135,89,96,-39
3,16,1365025344506,16,1365025344657,151,40,56,-95
3,73,1365025344658,73,1365025344753,95,152,96,1
3,78,1365025344697,78,1365025344881,184,39,128,-56
3,32,1365025344849,32,1365025344961,112,152,80,-32
3,70,1365025344985,70,1365025345073,88,136,112,24
3,8,1365025345185,8,1365025345241,56,200,168,112
3,8,1365025345321,8,1365025345385,64,136,144,80
3,8,1365025345473,8,1365025345537,64,152,152,88
3,8,1365025345609,8,1365025345673,64,136,136,72
3,16,1365025345745,16,1365025345873,128,136,200,72
3,73,1365025345817,73,1365025345945,128,72,72,-56
3,78,1365025345898,78,1365025346065,167,81,120,-47
3,32,1365025346041,32,1365025346163,122,143,98,-24
3,70,1365025346121,70,1365025346217,96,80,54,-42
3,65,1365025346193,65,1365025346273,80,72,56,-24
3,67,1365025346377,67,1365025346449,72,184,176,104
3,84,1365025346545,84,1365025346585,40,168,136,96
3,188,1365025346609,188,1365025346697,88,64,112,24
3,32,1365025346681,32,1365025346809,128,72,112,-16
3,16,1365025346721,16,1365025346865,144,40,56,-88
3,73,1365025346817,73,1365025346969,152,96,104,-48
3,32,1365025346945,32,1365025347057,112,128,88,-24
3,67,1365025347089,67,1365025347161,72,144,104,32
3,79,1365025347161,79,1365025347273,112,72,112,0
3,77,1365025347193,77,1365025347409,216,32,136,-80
3,80,1365025347297,80,1365025347433,136,104,24,-112
3,76,1365025347745,76,1365025347841,96,448,408,312
3,69,1365025347873,69,1365025347969,96,128,128,32
3,84,1365025347921,84,1365025348081,160,48,112,-48
3,69,1365025348049,69,1365025348153,104,128,72,-32
3,76,1365025348082,76,1365025348329,247,33,176,-71
3,89,1365025348226,89,1365025348353,127,144,24,-103
3,32,1365025348297,32,1365025348401,104,71,48,-56
3,70,1365025348473,70,1365025348553,80,176,152,72
3,79,1365025348585,79,1365025348673,88,112,120,32
3,82,1365025348673,82,1365025348753,80,88,80,0
3,71,1365025349105,71,1365025349177,72,432,424,352
3,79,1365025349201,79,1365025349273,72,96,96,24
3,84,1365025349297,84,1365025349361,64,96,88,24
3,32,1365025349361,32,1365025349441,80,64,80,0
3,70,1365025349793,70,1365025349865,72,432,424,352
3,79,1365025349865,79,1365025349953,88,72,88,0
3,82,1365025349929,82,1365025350001,72,64,48,-24
3,32,1365025350001,32,1365025350105,104,72,104,0
3,65,1365025350057,65,1365025350161,104,56,56,-48
3,79,1365025350297,79,1365025350393,96,240,232,136
3,85,1365025350353,85,1365025350417,64,56,24,-40
3,8,1365025350593,8,1365025350657,64,240,240,176
3,8,1365025350721,8,1365025350785,64,128,128,64
3,66,1365025350809,66,1365025350873,64,88,88,24
3,79,1365025350929,79,1365025351025,96,120,152,56
3,85,1365025350977,85,1365025351073,96,48,48,-48
3,84,1365025351026,84,1365025351129,103,49,56,-47
3,32,1365025351129,32,1365025351217,88,103,88,0
3,65,1365025351281,65,1365025351433,152,152,216,64
3,32,1365025351433,32,1365025351521,88,152,88,0
3,87,1365025351617,87,1365025351713,96,184,192,96
3,69,1365025351681,69,1365025351777,96,64,64,-32
3,69,1365025351841,69,1365025351913,72,160,136,64
3,75,1365025351913,75,1365025352033,120,72,120,0
3,32,1365025351977,32,1365025352105,128,64,72,-56
3,65,1365025352265,65,1365025352377,112,288,272,160
3,70,1365025352337,70,1365025352401,64,72,24,-40
3,84,1365025352497,84,1365025352545,48,160,144,96
3,69,1365025352593,69,1365025352713,120,96,168,48
3,82,1365025352673,82,1365025352729,56,80,16,-40
3,32,1365025352713,32,1365025352793,80,40,64,-16
3,84,1365025352833,84,1365025352889,56,120,96,40
3,72,1365025352889,72,1365025352985,96,56,96,0
3,69,1365025352937,69,1365025353049,112,48,64,-48
3,32,1365025353041,32,1365025353145,104,104,96,-8
3,70,1365025353145,70,1365025353201,56,104,56,0
3,73,1365025353241,73,1365025353321,80,96,120,40
3,82,1365025353321,82,1365025353353,32,80,32,0
3,83,1365025353369,83,1365025353513,144,48,160,16
3,84,1365025353473,84,1365025353537,64,104,24,-40
3,32,1365025353513,32,1365025353601,88,40,64,-24
3,84,1365025353633,84,1365025353713,80,120,112,32
3,73,1365025353713,73,1365025353809,96,80,96,0
3,77,1365025353761,77,1365025353889,128,48,80,-48
3,69,1365025353849,69,1365025353913,64,88,24,-40
3,32,1365025353985,32,1365025354065,80,136,152,72
3,84,1365025354185,84,1365025354257,72,200,192,120
3,72,1365025354257,72,1365025354321,64,72,64,0
3,65,1365025354329,65,1365025354433,104,72,112,8
3,84,1365025354377,84,1365025354457,80,48,24,-56
3,32,1365025354433,32,1365025354513,80,56,56,-24
3,16,1365025354545,16,1365025354681,136,112,168,32
3,73,1365025354601,73,1365025354721,120,56,40,-80
3,32,1365025354681,32,1365025354793,112,80,72,-40
3,68,1365025354793,68,1365025354865,72,112,72,0
3,73,1365025354857,73,1365025354977,120,64,112,-8
3,68,1365025354977,68,1365025355057,80,120,80,0
3,32,1365025355097,32,1365025355217,120,120,160,40
3,73,1365025355217,73,1365025355329,112,120,112,0
3,84,1365025355353,84,1365025355409,56,136,80,24
3,190,1365025355481,190,1365025355649,168,128,240,72
3,32,1365025355585,32,1365025355681,96,104,32,-64
3,16,1365025356393,16,1365025356561,168,808,880,712
3,83,1365025356481,83,1365025356593,112,88,32,-80
3,79,1365025356593,79,1365025356713,120,112,120,0
3,32,1365025357761,32,1365025357817,56,1168,1104,1048
3,8,1365025358041,8,1365025358081,40,280,264,224
3,8,1365025358169,8,1365025358225,56,128,144,88
3,8,1365025358305,8,1365025358361,56,136,136,80
3,16,1365025358361,16,1365025358553,192,56,192,0
3,77,1365025358505,77,1365025358593,88,144,40,-48
3,89,1365025358745,89,1365025358864,119,240,271,152
3,32,1365025358817,32,1365025358912,95,72,48,-47
3,83,1365025358937,83,1365025359009,72,120,97,25
3,67,1365025359113,67,1365025359161,48,176,152,104
3,72,1365025359177,72,1365025359240,63,64,79,16
3,69,1365025359273,69,1365025359321,48,96,81,33
3,68,1365025359417,68,1365025359464,47,144,143,96
3,85,1365025359449,85,1365025359552,103,32,88,-15
3,76,1365025359504,76,1365025359640,136,55,88,-48
3,69,1365025359608,69,1365025359673,65,104,33,-32
3,32,1365025359705,32,1365025359792,87,97,119,32
3,76,1365025360208,76,1365025360304,96,503,512,416
3,65,1365025360411,65,1365025360504,93,203,200,107
3,84,1365025360488,84,1365025360624,136,77,120,-16
3,69,1365025360584,69,1365025360688,104,96,64,-40
3,76,1365025360656,76,1365025360832,176,72,144,-32
3,89,1365025360776,89,1365025360880,104,120,48,-56
3,32,1365025360848,32,1365025360952,104,72,72,-32
3,72,1365025360976,72,1365025361104,128,128,152,24
3,65,1365025361080,65,1365025361192,112,104,88,-24
3,83,1365025361128,83,1365025361240,112,48,48,-64
3,32,1365025361241,32,1365025361320,79,113,80,1
3,66,1365025361344,66,1365025361392,48,103,72,24
3,69,1365025361497,69,1365025361537,40,153,145,105
3,69,1365025361617,69,1365025361673,56,120,136,80
3,78,1365025361673,78,1365025361801,128,56,128,0
3,32,1365025361745,32,1365025361873,128,72,72,-56
3,86,1365025362105,86,1365025362161,56,360,288,232
3,69,1365025362233,69,1365025362345,112,128,184,72
3,82,1365025362313,82,1365025362417,104,80,72,-32
3,89,1365025362377,89,1365025362497,120,64,80,-40
3,32,1365025362458,32,1365025362561,103,81,64,-39
3,73,1365025362561,73,1365025362737,176,103,176,0
3,78,1365025362641,78,1365025362833,192,80,96,-96
3,8,1365025363121,8,1365025363185,64,480,352,288
3,8,1365025363266,8,1365025363297,31,145,112,81
3,67,1365025363393,67,1365025363459,66,127,162,96
3,79,1365025363459,79,1365025363585,126,66,126,0
3,78,1365025363545,78,1365025363649,104,86,64,-40
3,83,1365025363625,83,1365025363753,128,80,104,-24
3,73,1365025363753,73,1365025363841,88,128,88,0
3,83,1365025363825,83,1365025363937,112,72,96,-16
3,84,1365025363913,84,1365025364033,120,88,96,-24
3,69,1365025363977,69,1365025364097,120,64,64,-56
3,78,1365025364153,78,1365025364249,96,176,152,56
3,84,1365025364329,84,1365025364409,80,176,160,80
3,32,1365025364505,32,1365025364601,96,176,192,96
3,87,1365025364665,87,1365025364753,88,160,152,64
3,73,1365025364833,73,1365025364929,96,168,176,80
3,84,1365025364969,84,1365025365049,80,136,120,40
3,72,1365025365050,72,1365025365161,111,81,112,1
3,32,1365025365121,32,1365025365209,88,71,48,-40
3,87,1365025365569,87,1365025365658,89,448,449,360
3,72,1365025365658,72,1365025365737,79,89,79,0
3,69,1365025365737,69,1365025365825,88,79,88,0
3,78,1365025365825,78,1365025365937,112,88,112,0
3,32,1365025365881,32,1365025366017,136,56,80,-56
3,16,1365025365977,16,1365025366106,129,96,89,-40
3,73,1365025366057,73,1365025366153,96,80,47,-49
3,222,1365025366153,222,1365025366273,120,96,120,0
3,77,1365025366249,77,1365025366385,136,96,112,-24
3,32,1365025366345,32,1365025366481,136,96,96,-40
3,73,1365025366465,73,1365025366657,192,120,176,-16
3,78,1365025366529,78,1365025366657,128,64,0,-128
3,32,1365025366657,32,1365025366721,64,128,64,0
3,84,1365025366697,84,1365025366761,64,40,40,-24
3,72,1365025366761,72,1365025366889,128,64,128,0
3,69,1365025366825,69,1365025366890,65,64,1,-64
3,32,1365025366890,32,1365025367009,119,65,119,0
3,66,1365025367025,66,1365025367081,56,135,72,16
3,85,1365025367105,85,1365025367193,88,80,112,24
3,73,1365025367130,73,1365025367249,119,25,56,-63
3,76,1365025367193,76,1365025367305,112,63,56,-56
3,68,1365025367273,68,1365025367385,112,80,80,-32
3,73,1365025367369,73,1365025367513,144,96,128,-16
3,78,1365025367441,78,1365025367553,112,72,40,-72
3,71,1365025367553,71,1365025367609,56,112,56,0
3,188,1365025367857,188,1365025367969,112,304,360,248
3,32,1365025367921,32,1365025368041,120,64,72,-48
3,83,1365025367993,83,1365025368113,120,72,72,-48
3,79,1365025368114,79,1365025368233,119,121,120,1
3,32,1365025368233,32,1365025368297,64,119,64,0
3,16,1365025368265,16,1365025368497,232,32,200,-32
3,73,1365025368377,73,1365025368498,121,112,1,-120
3,32,1365025368465,32,1365025368585,120,88,87,-33
3,72,1365025368545,72,1365025368713,168,80,128,-40
3,65,1365025368681,65,1365025368761,80,136,48,-32
3,86,1365025368713,86,1365025368817,104,32,56,-48
3,69,1365025368881,69,1365025368945,64,168,128,64
3,32,1365025368945,32,1365025369033,88,64,88,0
3,84,1365025369033,84,1365025369105,72,88,72,0
3,79,1365025369161,79,1365025369273,112,128,168,56
3,32,1365025369241,32,1365025369345,104,80,72,-32
3,84,1365025369313,84,1365025369377,64,72,32,-32
3,82,1365025369465,82,1365025369553,88,152,176,88
3,89,1365025369537,89,1365025369681,144,72,128,-16
3,32,1365025369609,32,1365025369713,104,72,32,-72
3,86,1365025369817,86,1365025369905,88,208,192,104
3,69,1365025369977,69,1365025370145,168,160,240,72
3,82,1365025370097,82,1365025370209,112,120,64,-48
3,89,1365025370145,89,1365025370241,96,48,32,-64
3,32,1365025370201,32,1365025370329,128,56,88,-40
3,72,1365025370353,72,1365025370481,128,152,152,24
3,65,1365025370481,65,1365025370633,152,128,152,0
3,82,1365025370545,82,1365025370633,88,64,0,-88
3,68,1365025370737,68,1365025370825,88,192,192,104
3,32,1365025370825,32,1365025370937,112,88,112,0
3,84,1365025370937,84,1365025371025,88,112,88,0
3,79,1365025371025,79,1365025371137,112,88,112,0
3,32,1365025371089,32,1365025371209,120,64,72,-48
3,82,1365025371170,82,1365025371281,111,81,72,-39
3,69,1365025371241,69,1365025371321,80,71,40,-40
3,77,1365025371297,77,1365025371377,80,56,56,-24
3,69,1365025371409,69,1365025371465,56,112,88,32
3,77,1365025371465,77,1365025371521,56,56,56,0
3,66,1365025371609,66,1365025371641,32,144,120,88
3,69,1365025371761,69,1365025371881,120,152,240,120
3,82,1365025371841,82,1365025371945,104,80,64,-40
3,32,1365025371945,32,1365025372033,88,104,88,0
3,84,1365025372097,84,1365025372153,56,152,120,64
3,79,1365025372153,79,1365025372297,144,56,144,0
3,32,1365025372241,32,1365025372353,112,88,56,-56
3,68,1365025372353,68,1365025372417,64,112,64,0
3,79,1365025372449,79,1365025372585,136,96,168,32
3,72,1365025372705,72,1365025372817,112,256,232,120
3,73,1365025372769,73,1365025372890,121,64,73,-48
3,83,1365025372890,83,1365025372977,87,121,87,0
3,190,1365025373817,190,1365025373993,176,927,1016,840
3,32,1365025373913,32,1365025374049,136,96,56,-80
3,16,1365025374329,16,1365025374729,400,416,680,280
3,87,1365025374657,87,1365025374769,112,328,40,-72
3,72,1365025374793,72,1365025374849,56,136,80,24
3,69,1365025374985,69,1365025375049,64,192,200,136
3,78,1365025375073,78,1365025375217,144,88,168,24
3,32,1365025375177,32,1365025375297,120,104,80,-40
3,16,1365025375329,16,1365025375465,136,152,168,32
3,73,1365025375401,73,1365025375545,144,72,80,-64
3,32,1365025375481,32,1365025375609,128,80,64,-64
3,67,1365025376169,67,1365025376241,72,688,632,560
3,79,1365025376241,79,1365025376296,55,72,55,0
3,77,1365025376243,77,1365025376400,157,2,104,-53
3,69,1365025376361,69,1365025376448,87,118,48,-39
3,32,1365025376384,32,1365025376521,137,23,73,-64
3,73,1365025376489,73,1365025376673,184,105,152,-32
3,78,1365025376585,78,1365025376736,151,96,63,-88
3,32,1365025376673,32,1365025376800,127,88,64,-63
3,79,1365025376960,79,1365025377048,88,287,248,160
3,78,1365025377017,78,1365025377113,96,57,65,-31
3,76,1365025377161,76,1365025377337,176,144,224,48
3,89,1365025377256,89,1365025377392,136,95,55,-81
3,32,1365025377337,32,1365025377448,111,81,56,-55
3,70,1365025377465,70,1365025377520,55,128,72,17
3,79,1365025377521,79,1365025377592,71,56,72,1
3,82,1365025377689,82,1365025377777,88,168,185,97
3,32,1365025377777,32,1365025377856,79,88,79,0
3,72,1365025377896,72,1365025378008,112,119,152,40
3,65,1365025377984,65,1365025378096,112,88,88,-24
3,76,1365025378097,76,1365025378256,159,113,160,1
3,70,1365025378280,70,1365025378352,72,183,96,24
3,32,1365025378472,32,1365025378560,88,192,208,120
3,65,1365025378568,65,1365025378704,136,96,144,8
3,32,1365025378656,32,1365025378784,128,88,80,-48
3,68,1365025378825,68,1365025378977,152,169,193,41
3,65,1365025378953,65,1365025379081,128,128,104,-24
3,89,1365025379041,89,1365025379161,120,88,80,-40
3,32,1365025379105,32,1365025379217,112,64,56,-56
3,65,1365025379225,65,1365025379321,96,120,104,8
3,78,1365025379321,78,1365025379449,128,96,128,0
3,68,1365025379393,68,1365025379489,96,72,40,-56
3,32,1365025379449,32,1365025379569,120,56,80,-40
3,84,1365025379633,84,1365025379681,48,184,112,64
3,72,1365025379681,72,1365025379753,72,48,72,0
3,69,1365025379777,69,1365025379881,104,96,128,24
3,78,1365025379881,78,1365025380017,136,104,136,0
3,32,1365025379937,32,1365025380059,122,56,42,-80
3,71,1365025380097,71,1365025380153,56,160,94,38
3,79,1365025380185,79,1365025380361,176,88,208,32
3,32,1365025380289,32,1365025380469,180,104,108,-72
3,79,1365025380505,79,1365025380625,120,216,156,36
3,84,1365025380601,84,1365025380713,112,96,88,-24
3,32,1365025380697,32,1365025380841,144,96,128,-16
3,8,1365025381465,8,1365025381537,72,768,696,624
3,8,1365025381641,8,1365025381697,56,176,160,104
3,8,1365025381809,8,1365025381849,40,168,152,112
3,73,1365183310793,73,1365183310937,144,64,40,-104
3,32,1365183310897,32,1365183311081,184,104,144,-40
3,74,1365183311049,74,1365183311145,96,152,64,-32
3,85,1365183311257,85,1365183311345,88,208,200,112
3,83,1365183311393,83,1365183311545,152,136,200,48
3,84,1365183311481,84,1365183311569,88,88,24,-64
3,32,1365183311593,32,1365183311729,136,112,160,24
3,72,1365183311729,72,1365183311825,96,136,96,0
3,65,1365183311857,65,1365183311977,120,128,152,32
3,68,1365183311945,68,1365183312065,120,88,88,-32
3,32,1365183312041,32,1365183312177,136,96,112,-24
3,76,1365183312153,76,1365183312321,168,112,144,-24
3,85,1365183312297,85,1365183312401,104,144,80,-24
3,78,1365183312521,78,1365183312585,64,224,184,120
3,67,1365183312657,67,1365183312737,80,136,152,72
3,72,1365183312737,72,1365183312873,136,80,136,0
3,32,1365183312817,32,1365183312937,120,80,64,-56
3,87,1365183312897,87,1365183312993,96,80,56,-40
3,73,1365183312993,73,1365183313081,88,96,88,0
3,84,1365183313113,84,1365183313193,80,120,112,32
3,72,1365183313193,72,1365183313281,88,80,88,0
3,32,1365183313281,32,1365183313449,168,88,168,0
3,77,1365183313425,77,1365183313529,104,144,80,-24
3,89,1365183313666,89,1365183313793,127,241,264,137
3,32,1365183313745,32,1365183313864,119,79,71,-48
3,68,1365183313873,68,1365183313953,80,128,89,9
3,65,1365183313953,65,1365183314136,183,80,183,0
3,68,1365183314089,68,1365183314192,103,136,56,-47
3,32,1365183314209,32,1365183314312,103,120,120,17
3,65,1365183314344,65,1365183314480,136,135,168,32
3,84,1365183314552,84,1365183314616,64,208,136,72
3,32,1365183314657,32,1365183314744,87,105,128,41
3,76,1365183315200,76,1365183315376,176,543,632,456
3,73,1365183315312,73,1365183315440,128,112,64,-64
3,77,1365183315472,77,1365183315689,217,160,249,32
3,73,1365183315664,73,1365183315768,104,192,79,-25
3,80,1365183315952,80,1365183316008,56,288,240,184
3,8,1365183316312,8,1365183316368,56,360,360,304
3,8,1365183316457,8,1365183316505,48,145,137,89
3,80,1365183316664,80,1365183316824,160,207,319,159
3,73,1365183316784,73,1365183316889,105,120,65,-40
3,69,1365183316944,69,1365183317000,56,160,111,55
3,222,1365183317552,222,1365183317664,112,608,664,552
3,83,1365183317665,83,1365183317720,55,113,56,1
3,32,1365183317720,32,1365183317848,128,55,128,0
3,83,1365183317849,83,1365183317944,95,129,96,1
3,85,1365183317944,85,1365183318032,88,95,88,0
3,66,1365183318080,66,1365183318128,48,136,96,48
3,83,1365183318264,83,1365183318360,96,184,232,136
3,190,1365183318896,190,1365183319024,128,632,664,536
3,32,1365183318984,32,1365183319112,128,88,88,-40
3,16,1365183319112,16,1365183319632,520,128,520,0
3,87,1365183319512,87,1365183319633,121,400,1,-120
3,69,1365183319712,69,1365183319792,80,200,159,79
3,32,1365183319792,32,1365183319864,72,80,72,0
3,83,1365183319896,83,1365183320008,112,104,144,32
3,72,1365183320000,72,1365183320093,93,104,85,-8
3,65,1365183320093,65,1365183320216,123,93,123,0
3,82,1365183320163,82,1365183320248,85,70,32,-53
3,69,1365183320216,69,1365183320312,96,53,64,-32
3,68,1365183320440,68,1365183320504,64,224,192,128
3,32,1365183320536,32,1365183320616,80,96,112,32
3,65,1365183320617,65,1365183320736,119,81,120,1
3,32,1365183320736,32,1365183320856,120,119,120,0
3,84,1365183320896,84,1365183320968,72,160,112,40
3,85,1365183321040,85,1365183321128,88,144,160,72
3,82,1365183321128,82,1365183321200,72,88,72,0
3,75,1365183321256,75,1365183321328,72,128,128,56
3,69,1365183321360,69,1365183321440,80,104,112,32
3,89,1365183321456,89,1365183321608,152,96,168,16
3,32,1365183321560,32,1365183321672,112,104,64,-48
3,65,1365183321672,65,1365183321768,96,112,96,0
3,78,1365183321769,78,1365183321880,111,97,112,1
3,68,1365183321856,68,1365183321928,72,87,48,-24
3,32,1365183321960,32,1365183322080,120,104,152,32
3,83,1365183322080,83,1365183322232,152,120,152,0
3,65,1365183322184,65,1365183322344,160,104,112,-48
3,76,1365183322360,76,1365183322416,56,176,72,16
3,65,1365183322744,65,1365183322856,112,384,440,328
3,77,1365183322856,77,1365183323032,176,112,176,0
3,73,1365183322968,73,1365183323136,168,112,104,-64
3,32,1365183323168,32,1365183323256,88,200,120,32
3,83,1365183323296,83,1365183323376,80,128,120,40
3,85,1365183323408,85,1365183323480,72,112,104,32
3,66,1365183323840,66,1365183323896,56,432,416,360
3,77,1365183324064,77,1365183324176,112,224,280,168
3,65,1365183324176,65,1365183324320,144,112,144,0
3,82,1365183324256,82,1365183324360,104,80,40,-64
3,73,1365183324360,73,1365183324480,120,104,120,0
3,78,1365183324424,78,1365183324552,128,64,72,-56
3,69,1365183324496,69,1365183324584,88,72,32,-56
3,32,1365183324608,32,1365183324712,104,112,128,24
3,83,1365183324696,83,1365183324872,176,88,160,-16
3,65,1365183324824,65,1365183324944,120,128,72,-48
3,78,1365183324944,78,1365183325024,80,120,80,0
3,68,1365183325025,68,1365183325105,80,81,81,1
3,87,1365183325409,87,1365183325489,80,384,384,304
3,73,1365183325577,73,1365183325659,82,168,170,88
3,67,1365183325809,67,1365183325865,56,232,206,150
3,72,1365183325865,72,1365183325913,48,56,48,0
3,190,1365183326057,190,1365183326193,136,192,280,144
3,32,1365183326161,32,1365183326257,96,104,64,-32
3,16,1365183326233,16,1365183326409,176,72,152,-24
3,73,1365183326353,73,1365183326425,72,120,16,-56
3,84,1365183326521,84,1365183326601,80,168,176,96
3,32,1365183326601,32,1365183326697,96,80,96,0
3,87,1365183326697,87,1365183326793,96,96,96,0
3,65,1365183326753,65,1365183327001,248,56,208,-40
3,83,1365183326889,83,1365183327017,128,136,16,-112
3,32,1365183326993,32,1365183327185,192,104,168,-24
3,79,1365183327185,79,1365183327297,112,192,112,0
3,75,1365183327337,75,1365183327417,80,152,120,40
3,65,1365183327465,65,1365183327601,136,128,184,48
3,89,1365183327793,89,1365183327857,64,328,256,192
3,188,1365183328073,188,1365183328185,112,280,328,216
3,32,1365183328137,32,1365183328241,104,64,56,-48
3,66,1365183328241,66,1365183328305,64,104,64,0
3,85,1365183328305,85,1365183328417,112,64,112,0
3,84,1365183328417,84,1365183328481,64,112,64,0
3,32,1365183328481,32,1365183328561,80,64,80,0
3,16,1365183328577,16,1365183328713,136,96,152,16
3,73,1365183328665,73,1365183328785,120,88,72,-48
3,32,1365183328737,32,1365183328857,120,72,72,-48
3,84,1365183328825,84,1365183328897,72,88,40,-32
3,72,1365183328913,72,1365183329009,96,88,112,16
3,73,1365183328985,73,1365183329073,88,72,64,-24
3,78,1365183329097,78,1365183329265,168,112,192,24
3,75,1365183329225,75,1365183329377,152,128,112,-40
3,32,1365183329321,32,1365183329441,120,96,64,-56
3,16,1365183329377,16,1365183329545,168,56,104,-64
3,73,1365183329497,73,1365183329585,88,120,40,-48
3,32,1365183329561,32,1365183329785,224,64,200,-24
3,76,1365183329697,76,1365183329817,120,136,32,-88
3,73,1365183329761,73,1365183329865,104,64,48,-56
3,75,1365183329945,75,1365183330057,112,184,192,80
3,69,1365183330041,69,1365183330097,56,96,40,-16
3,32,1365183330121,32,1365183330233,112,80,136,24
3,83,1365183330233,83,1365183330329,96,112,96,0
3,85,1365183330345,85,1365183330417,72,112,88,16
3,66,1365183330441,66,1365183330489,48,96,72,24
3,87,1365183330889,87,1365183331017,128,448,528,400
3,65,1365183330953,65,1365183331121,168,64,104,-64
3,89,1365183331464,89,1365183331608,144,511,487,343
3,32,1365183331561,32,1365183331673,112,97,65,-47
3,65,1365183331673,65,1365183331777,104,112,104,0
3,78,1365183331777,78,1365183331857,80,104,80,0
3,68,1365183331857,68,1365183331945,88,80,88,0
3,32,1365183331921,32,1365183332041,120,64,96,-24
3,74,1365183332009,74,1365183332096,87,88,55,-32
3,69,1365183332280,69,1365183332401,121,271,305,184
3,82,1365183332352,82,1365183332480,128,72,79,-49
3,83,1365183332529,83,1365183332672,143,177,192,49
3,69,1365183332609,69,1365183332704,95,80,32,-63
3,89,1365183332705,89,1365183332825,120,96,121,1
3,32,1365183332776,32,1365183332889,113,71,64,-49
3,74,1365183332960,74,1365183333016,56,184,127,71
3,8,1365183333336,8,1365183333392,56,376,376,320
3,71,1365183333424,71,1365183333488,64,88,96,32
3,73,1365183333544,73,1365183333600,56,120,112,56
3,65,1365183333640,65,1365183333736,96,96,136,40
3,78,1365183333737,78,1365183333864,127,97,128,1
3,32,1365183333832,32,1365183333952,120,95,88,-32
3,8,1365183334224,8,1365183334280,56,392,328,272
3,84,1365183334320,84,1365183334368,48,96,88,40
3,32,1365183334400,32,1365183334464,64,80,96,32
3,77,1365183335136,77,1365183335208,72,736,744,672
3,85,1365183335320,85,1365183335384,64,184,176,112
3,67,1365183335448,67,1365183335520,72,128,136,64
3,72,1365183335504,72,1365183335624,120,56,104,-16
3,32,1365183335584,32,1365183335680,96,80,56,-40
3,66,1365183335680,66,1365183335736,56,96,56,0
3,84,1365183335944,84,1365183336016,72,264,280,208
3,8,1365183336288,8,1365183336360,72,344,344,272
3,69,1365183336361,69,1365183336424,63,73,64,1
3,84,1365183336392,84,1365183336472,80,31,48,-32
3,84,1365183336544,84,1365183336616,72,152,144,72
3,69,1365183336800,69,1365183336912,112,256,296,184
3,82,1365183336864,82,1365183336968,104,64,56,-48
3,190,1365183337064,190,1365183337208,144,200,240,96
3,87,1365183337296,87,1365183337416,120,232,208,88
3,69,1365183337393,69,1365183337504,111,97,88,-23
3,32,1365183337536,32,1365183337648,112,143,144,32
3,87,1365183337649,87,1365183337752,103,113,104,1
3,69,1365183337704,69,1365183337824,120,55,72,-48
3,78,1365183337824,78,1365183337944,120,120,120,0
3,84,1365183337944,84,1365183338000,56,120,56,0
3,32,1365183338000,32,1365183338096,96,56,96,0
3,84,1365183338105,84,1365183338168,63,105,72,9
3,79,1365183338168,79,1365183338280,112,63,112,0
3,32,1365183338257,32,1365183338408,151,89,128,-23
3,16,1365183338328,16,1365183338570,242,71,162,-80
3,66,1365183338520,66,1365183338592,72,192,22,-50
3,76,1365183338640,76,1365183338864,224,120,272,48
3,73,1365183338792,73,1365183338896,104,152,32,-72
3,77,1365183338865,77,1365183339056,191,73,160,-31
3,73,1365183339032,73,1365183339168,136,167,112,-24
3,80,1365183339169,80,1365183339336,167,137,168,1
3,73,1365183339336,73,1365183339480,144,167,144,0
3,69,1365183339481,69,1365183339536,55,145,56,1
3,222,1365183339584,222,1365183339656,72,103,120,48
3,83,1365183339688,83,1365183339760,72,104,104,32
3,32,1365183340096,32,1365183340176,80,408,416,336
3,66,1365183340312,66,1365183340368,56,216,192,136
3,69,1365183340448,69,1365183340504,56,136,136,80
3,67,1365183340632,67,1365183340736,104,184,232,128
3,83,1365183340904,83,1365183341000,96,272,264,168
3,69,1365183340952,69,1365183341048,96,48,48,-48
3,32,1365183341048,32,1365183341152,104,96,104,0
3,73,1365183341488,73,1365183341592,104,440,440,336
3,84,1365183341576,84,1365183341640,64,88,48,-16
3,32,1365183341680,32,1365183341784,104,104,144,40
3,87,1365183341784,87,1365183341888,104,104,104,0
3,65,1365183341856,65,1365183342040,184,72,152,-32
3,83,1365183341968,83,1365183342080,112,112,40,-72
3,32,1365183342040,32,1365183342152,112,72,72,-40
3,67,1365183342440,67,1365183342545,105,400,393,288
3,76,1365183342512,76,1365183342593,81,72,48,-33
3,79,1365183342689,79,1365183342753,64,177,160,96
3,83,1365183342753,83,1365183342841,88,64,88,0
3,69,1365183342801,69,1365183342889,88,48,48,-40
3,32,1365183342889,32,1365183342993,104,88,104,0
3,84,1365183343081,84,1365183343161,80,192,168,88
3,79,1365183343161,79,1365183343281,120,80,120,0
3,32,1365183343217,32,1365183343345,128,56,64,-64
3,16,1365183343305,16,1365183343449,144,88,104,-40
3,66,1365183343417,66,1365183343505,88,112,56,-32
3,85,1365183343537,85,1365183343609,72,120,104,32
3,68,1365183343649,68,1365183343721,72,112,112,40
3,32,1365183343977,32,1365183344097,120,328,376,256
3,16,1365183344257,16,1365183344409,152,280,312,160
3,75,1365183344329,75,1365183344409,80,72,0,-80
3,79,1365183344505,79,1365183344617,112,176,208,96
3,85,1365183344593,85,1365183344689,96,88,72,-24
3,84,1365183344713,84,1365183344777,64,120,88,24
3,222,1365183344897,222,1365183344961,64,184,184,120
3,83,1365183345433,83,1365183345513,80,536,552,472
3,32,1365183345545,32,1365183345633,88,112,120,32
3,16,1365183345633,16,1365183345793,160,88,160,0
3,67,1365183345721,67,1365183345817,96,88,24,-72
3,72,1365183345793,72,1365183345897,104,72,80,-24
3,69,1365183345937,69,1365183345977,40,144,80,40
3,86,1365183346097,86,1365183346154,57,160,177,120
3,82,1365183346385,82,1365183346465,80,288,311,231
3,79,1365183346561,79,1365183346650,89,176,185,96
3,76,1365183346785,76,1365183346865,80,224,215,135
3,69,1365183346945,69,1365183347041,96,160,176,80
3,84,1365183347017,84,1365183347137,120,72,96,-24
3,190,1365183347457,190,1365183347585,128,440,448,320
3,8,1365183347945,8,1365183348033,88,488,448,360
3,188,1365183348849,188,1365183348952,103,904,919,816
3,32,1365183348913,32,1365183349024,111,64,72,-39
3,65,1365183349097,65,1365183349209,112,184,185,73
3,78,1365183349209,78,1365183349329,120,112,120,0
3,68,1365183349329,68,1365183349417,88,120,88,0
3,32,1365183349417,32,1365183349488,71,88,71,0
3,87,1365183349576,87,1365183349649,73,159,161,88
3,69,1365183349792,69,1365183349888,96,216,239,143
3,32,1365183349856,32,1365183349976,120,64,88,-32
3,71,1365183350521,71,1365183350568,47,665,592,545
3,79,1365183350584,79,1365183350681,97,63,113,16
3,84,1365183350681,84,1365183350744,63,97,63,0
3,32,1365183350768,32,1365183350849,81,87,105,24
3,65,1365183350849,65,1365183350968,119,81,119,0
3,78,1365183351040,78,1365183351168,128,191,200,72
3,32,1365183351201,32,1365183351296,95,161,128,33
3,69,1365183351352,69,1365183351472,120,151,176,56
3,83,1365183351449,83,1365183351624,175,97,152,-23
3,84,1365183351592,84,1365183351628,36,143,4,-32
3,73,1365183351628,73,1365183351745,117,36,117,0
3,77,1365183351712,77,1365183351856,144,84,111,-33
3,65,1365183351888,65,1365183351993,105,176,137,32
3,84,1365183351912,84,1365183352032,120,24,39,-81
3,69,1365183352425,69,1365183352512,87,513,480,393
3,32,1365183352528,32,1365183352673,145,103,161,16
3,79,1365183352673,79,1365183352776,103,145,103,0
3,78,1365183352736,78,1365183352904,168,63,128,-40
3,32,1365183352864,32,1365183352960,96,128,56,-40
3,84,1365183352920,84,1365183352960,40,56,0,-40
3,32,1365183353128,32,1365183353257,129,208,297,168
3,66,1365183353257,66,1365183353328,71,129,71,0
3,79,1365183353352,79,1365183353432,80,95,104,24
3,68,1365183353488,68,1365183353576,88,136,144,56
3,89,1365183353552,89,1365183353704,152,64,128,-24
3,32,1365183353617,32,1365183353752,135,65,48,-87
3,87,1365183353752,87,1365183353824,72,135,72,0
3,79,1365183353824,79,1365183353904,80,72,80,0
3,82,1365183353920,82,1365183354000,80,96,96,16
3,75,1365183353984,75,1365183354154,170,64,154,-16
3,32,1365183354080,32,1365183354192,112,96,38,-74
3,84,1365183354154,84,1365183354224,70,74,32,-38
3,72,1365183354224,72,1365183354352,128,70,128,0
3,32,1365183354464,32,1365183354584,120,240,232,112
3,78,1365183354560,78,1365183354696,136,96,112,-24
3,69,1365183354624,69,1365183354696,72,64,0,-72
3,69,1365183354760,69,1365183354832,72,136,136,64
3,68,1365183354944,68,1365183355056,112,184,224,112
3,83,1365183355008,83,1365183355136,128,64,80,-48
3,32,1365183355096,32,1365183355208,112,88,72,-40
3,84,1365183355224,84,1365183355304,80,128,96,16
3,79,1365183355336,79,1365183355448,112,112,144,32
3,32,1365183355696,32,1365183355760,64,360,312,248
3,66,1365183356104,66,1365183356200,96,408,440,344
3,69,1365183356320,69,1365183356400,80,216,200,120
3,32,1365183356400,32,1365183356504,104,80,104,0
3,68,1365183356512,68,1365183356568,56,112,64,8
3,79,1365183356568,79,1365183356672,104,56,104,0
3,32,1365183356768,32,1365183356880,112,200,208,96
3,84,1365183356944,84,1365183357016,72,176,136,64
3,79,1365183357016,79,1365183357104,88,72,88,0
3,32,1365183357064,32,1365183357200,136,48,96,-40
3,77,1365183357176,77,1365183357272,96,112,72,-24
3,89,1365183357424,89,1365183357536,112,248,264,152
3,32,1365183357496,32,1365183357608,112,72,72,-40
3,67,1365183357632,67,1365183357736,104,136,128,24
3,65,1365183357736,65,1365183357904,168,104,168,0
3,82,1365183357848,82,1365183357936,88,112,32,-56
3,190,1365183358000,190,1365183358144,144,152,208,64
3,32,1365183358096,32,1365183358200,104,96,56,-48
3,16,1365183358240,16,1365183358672,432,144,472,40
3,83,1365183358576,83,1365183358712,136,336,40,-96
3,85,1365183358712,85,1365183358832,120,136,120,0
3,82,1365183358832,82,1365183358896,64,120,64,0
3,80,1365183358897,80,1365183359008,111,65,112,1
3,82,1365183359072,82,1365183359176,104,175,168,64
3,73,1365183359208,73,1365183359304,96,136,128,32
3,83,1365183359816,83,1365183359936,120,608,632,512
3,73,1365183359904,73,1365183360033,129,88,97,-32
3,78,1365183359968,78,1365183360089,121,64,56,-65
3,71,1365183360297,71,1365183360361,64,329,272,208
3,76,1365183360689,76,1365183360921,232,392,560,328
3,89,1365183360801,89,1365183361017,216,112,96,-120
3,76,1365183360961,76,1365183361017,56,160,0,-56
3,8,1365183361545,8,1365183361593,48,584,576,528
3,188,1365183361777,188,1365183361897,120,232,304,184
3,32,1365183361865,32,1365183361961,96,88,64,-32
3,84,1365183361929,84,1365183362009,80,64,48,-32
3,79,1365183362009,79,1365183362153,144,80,144,0
3,32,1365183362121,32,1365183362273,152,112,120,-32
3,77,1365183362225,77,1365183362353,128,104,80,-48
3,69,1365183362353,69,1365183362417,64,128,64,0
3,188,1365183362473,188,1365183362625,152,120,208,56
3,32,1365183362569,32,1365183362689,120,96,64,-56
3,73,1365183363209,73,1365183363273,64,640,584,520
3,84,1365183363297,84,1365183363369,72,88,96,24
3,32,1365183363417,32,1365183363505,88,120,136,48
3,8,1365183363745,8,1365183363809,64,328,304,240
3,222,1365183363961,222,1365183364017,56,216,208,152
3,83,1365183364049,83,1365183364129,80,88,112,32
3,32,1365183364129,32,1365183364233,104,80,104,0
3,71,1365183364233,71,1365183364305,72,104,72,0
3,79,1365183364281,79,1365183364441,160,48,136,-24
3,73,1365183364345,73,1365183364473,128,64,32,-96
3,32,1365183364561,32,1365183364650,89,216,177,88
3,84,1365183364665,84,1365183364721,56,104,71,15
3,79,1365183364681,79,1365183364801,120,16,80,-40
3,32,1365183364769,32,1365183364897,128,88,96,-32
3,67,1365183364985,67,1365183365081,96,216,184,88
3,79,1365183365049,79,1365183365137,88,64,56,-32
3,83,1365183365169,83,1365183365297,128,120,160,32
3,84,1365183365217,84,1365183365337,120,48,40,-80
3,32,1365183365337,32,1365183365409,72,120,72,0
3,49,1365183365585,49,1365183365673,88,248,264,176
3,54,1365183366017,54,1365183366073,56,432,400,344
3,48,1365183366641,48,1365183366713,72,624,640,568
3,48,1365183366801,48,1365183366857,56,160,144,88
3,16,1365183367280,16,1365183367496,216,479,639,423
3,32,1365183367592,32,1365183367696,104,312,200,96
3,68,1365183367713,68,1365183367809,96,121,113,17
3,79,1365183367776,79,1365183367832,56,63,23,-33
3,76,1365183367921,76,1365183367976,55,145,144,89
3,76,1365183368057,76,1365183368154,97,136,178,81
3,65,1365183368169,65,1365183368272,103,112,118,15
3,82,1365183368209,82,1365183368320,111,40,48,-63
3,83,1365183368384,83,1365183368456,72,175,136,64
3,49,1365183368664,49,1365183368960,296,280,504,208
3,49,1365183368880,49,1365183369144,264,216,184,-80
3,32,1365183369624,32,1365183369728,104,744,584,480
3,8,1365183370328,8,1365183370408,80,704,680,600
4,73,1363978595347,73,1363978595443,96,223,64,-32
4,84,1363978595627,84,1363978595699,72,280,256,184
4,32,1363978595875,32,1363978595947,72,248,248,176
4,87,1363978596363,87,1363978596451,88,488,504,416
4,65,1363978596579,65,1363978596635,56,216,184,128
4,83,1363978596763,83,1363978596827,64,184,192,128
4,32,1363978596939,32,1363978597011,72,176,184,112
4,84,1363978598204,84,1363978598276,72,1265,1265,1193
4,72,1363978598380,72,1363978598452,72,176,176,104
4,69,1363978598453,69,1363978598524,71,73,72,1
4,32,1363978598580,32,1363978598668,88,127,144,56
4,66,1363978599348,66,1363978599428,80,768,760,680
4,69,1363978599428,69,1363978599484,56,80,56,0
4,83,1363978599612,83,1363978599684,72,184,200,128
4,84,1363978599684,84,1363978599756,72,72,72,0
4,32,1363978600628,32,1363978600708,80,944,952,872
4,79,1363978601172,79,1363978601244,72,544,536,464
4,70,1363978601452,70,1363978601516,64,280,272,208
4,32,1363978601556,32,1363978601652,96,104,136,40
4,84,1363978601716,84,1363978601796,80,160,144,64
4,79,1363978601876,79,1363978601932,56,160,136,80
4,8,1363978604004,8,1363978604075,71,2128,2143,2072
4,73,1363978604443,73,1363978604515,72,439,440,368
4,77,1363978604643,77,1363978604700,57,200,185,128
4,69,1363978604740,69,1363978604819,79,97,119,40
4,83,1363978604947,83,1363978605019,72,207,200,128
4,188,1363978605124,188,1363978605203,79,177,184,105
4,32,1363978606147,32,1363978606284,137,1023,1081,944
4,73,1363978607115,73,1363978607179,64,968,895,831
4,84,1363978607387,84,1363978607459,72,272,280,208
4,32,1363978607515,32,1363978607595,80,128,136,56
4,87,1363978607780,87,1363978607835,55,265,240,185
4,65,1363978607963,65,1363978608011,48,183,176,128
4,83,1363978608139,83,1363978608219,80,176,208,128
4,32,1363978608275,32,1363978608371,96,136,152,56
4,84,1363978608371,84,1363978608443,72,96,72,0
4,72,1363978608547,72,1363978608611,64,176,168,104
4,69,1363978608627,69,1363978608699,72,80,88,16
4,32,1363978608747,32,1363978608835,88,120,136,48
4,87,1363978608907,87,1363978608987,80,160,152,72
4,79,1363978609235,79,1363978609299,64,328,312,248
4,82,1363978609371,82,1363978609451,80,136,152,72
4,83,1363978609595,83,1363978609667,72,224,216,144
4,84,1363978609723,84,1363978609795,72,128,128,56
4,32,1363978609859,32,1363978609955,96,136,160,64
4,79,1363978611027,79,1363978611091,64,1168,1136,1072
4,70,1363978611331,70,1363978611403,72,304,312,240
4,32,1363978611451,32,1363978611547,96,120,144,48
4,84,1363978611595,84,1363978611667,72,144,120,48
4,73,1363978611739,73,1363978611795,56,144,128,72
4,77,1363978611923,77,1363978611987,64,184,192,128
4,69,1363978612011,69,1363978612075,64,88,88,24
4,83,1363978612203,83,1363978612275,72,192,200,128
4,188,1363978612419,188,1363978612491,72,216,216,144
4,32,1363978614115,32,1363978614219,104,1696,1728,1624
4,73,1363978614916,73,1363978614980,64,801,761,697
4,84,1363978615204,84,1363978615260,56,288,280,224
4,32,1363978615316,32,1363978615388,72,112,128,56
4,87,1363978615588,87,1363978615660,72,272,272,200
4,65,1363978615788,65,1363978615828,40,200,168,128
4,83,1363978615940,83,1363978616004,64,152,176,112
4,32,1363978616108,32,1363978616188,80,168,184,104
4,84,1363978617476,84,1363978617548,72,1368,1360,1288
4,72,1363978617668,72,1363978617724,56,192,176,120
4,69,1363978617725,69,1363978617796,71,57,72,1
4,32,1363978617860,32,1363978617956,96,135,160,64
4,65,1363978618028,65,1363978618092,64,168,136,72
4,71,1363978618172,71,1363978618236,64,144,144,80
4,69,1363978618292,69,1363978618348,56,120,112,56
4,32,1363978618412,32,1363978618484,72,120,136,64
4,79,1363978618676,79,1363978618724,48,264,240,192
4,70,1363978618892,70,1363978618964,72,216,240,168
4,32,1363978619012,32,1363978619108,96,120,144,48
4,87,1363978619212,87,1363978619276,64,200,168,104
4,73,1363978619532,73,1363978619604,72,320,328,256
4,83,1363978619628,83,1363978619700,72,96,96,24
4,68,1363978620156,68,1363978620228,72,528,528,456
4,79,1363978620276,79,1363978620348,72,120,120,48
4,77,1363978620492,77,1363978620572,80,216,224,144
4,188,1363978621755,188,1363978621827,72,1263,1255,1183
4,32,1363978621859,32,1363978621947,88,104,120,32
4,73,1363978622083,73,1363978622155,72,224,208,136
4,84,1363978622379,84,1363978622451,72,296,296,224
4,32,1363978622620,32,1363978622691,71,241,240,169
4,87,1363978623468,87,1363978623523,55,848,832,777
4,83,1363978623811,83,1363978623875,64,343,352,288
4,8,1363978625555,8,1363978625635,80,1744,1760,1680
4,65,1363978625715,65,1363978625763,48,160,128,80
4,83,1363978625899,83,1363978625963,64,184,200,136
4,32,1363978626203,32,1363978626307,104,304,344,240
4,84,1363978626395,84,1363978626467,72,192,160,88
4,72,1363978626627,72,1363978626651,24,232,184,160
4,69,1363978626691,69,1363978626763,72,64,112,40
4,32,1363978626867,32,1363978626947,80,176,184,104
4,65,1363978627459,65,1363978627523,64,592,576,512
4,71,1363978627571,71,1363978627643,72,112,120,48
4,69,1363978627691,69,1363978627747,56,120,104,48
4,32,1363978627780,32,1363978627859,79,89,112,33
4,79,1363978628363,79,1363978628427,64,583,568,504
4,70,1363978628651,70,1363978628723,72,288,296,224
4,32,1363978629331,32,1363978629403,72,680,680,608
4,70,1363978630003,70,1363978630059,56,672,656,600
4,79,1363978630211,79,1363978630283,72,208,224,152
4,79,1363978630403,79,1363978630467,64,192,184,120
4,76,1363978630611,76,1363978630683,72,208,216,144
4,73,1363978630835,73,1363978630907,72,224,224,152
4,83,1363978631075,83,1363978631147,72,240,240,168
4,72,1363978631251,72,1363978631323,72,176,176,104
4,78,1363978631483,78,1363978631547,64,232,224,160
4,69,1363978631771,69,1363978631827,56,288,280,224
4,83,1363978632011,83,1363978632051,40,240,224,184
4,83,1363978632187,83,1363978632252,65,176,201,136
4,188,1363978633572,188,1363978633636,64,1385,1384,1320
4,32,1363978633684,32,1363978633780,96,112,144,48
4,73,1363978634012,73,1363978634084,72,328,304,232
4,84,1363978634292,84,1363978634348,56,280,264,208
4,32,1363978634540,32,1363978634612,72,248,264,192
4,87,1363978634636,87,1363978634716,80,96,104,24
4,65,1363978634836,65,1363978634892,56,200,176,120
4,83,1363978635020,83,1363978635084,64,184,192,128
4,32,1363978635228,32,1363978635292,64,208,208,144
4,84,1363978636060,84,1363978636132,72,832,840,768
4,72,1363978636252,72,1363978636316,64,192,184,120
4,69,1363978636364,69,1363978636428,64,112,112,48
4,32,1363978636476,32,1363978636564,88,112,136,48
4,69,1363978636716,69,1363978636788,72,240,224,152
4,80,1363978636892,80,1363978636956,64,176,168,104
4,79,1363978637076,79,1363978637148,72,184,192,120
4,67,1363978637388,67,1363978637484,96,312,336,240
4,72,1363978637604,72,1363978637684,80,216,200,120
4,32,1363978637820,32,1363978637916,96,216,232,136
4,79,1363978638668,79,1363978638748,80,848,832,752
4,70,1363978638860,70,1363978638940,80,192,192,112
4,32,1363978639020,32,1363978639100,80,160,160,80
4,66,1363978639364,66,1363978639443,79,344,343,264
4,69,1363978639491,69,1363978639556,65,127,113,48
4,76,1363978639731,76,1363978639811,80,240,255,175
4,73,1363978639932,73,1363978640019,87,201,208,121
4,69,1363978640051,69,1363978640115,64,119,96,32
4,70,1363978640355,70,1363978640411,56,304,296,240
4,188,1363978641771,188,1363978641843,72,1416,1432,1360
4,32,1363978641867,32,1363978641972,105,96,129,24
4,73,1363978642075,73,1363978642139,64,208,167,103
4,84,1363978642323,84,1363978642371,48,248,232,184
4,32,1363978642475,32,1363978642563,88,152,192,104
4,87,1363978642659,87,1363978642739,80,184,176,96
4,65,1363978642875,65,1363978642931,56,216,192,136
4,83,1363978643059,83,1363978643123,64,184,192,128
4,32,1363978643267,32,1363978643347,80,208,224,144
4,84,1363978643931,84,1363978644003,72,664,656,584
4,72,1363978644099,72,1363978644171,72,168,168,96
4,69,1363978644171,69,1363978644243,72,72,72,0
4,32,1363978644283,32,1363978644371,88,112,128,40
4,69,1363978644435,69,1363978644499,64,152,128,64
4,80,1363978644643,80,1363978644699,56,208,200,144
4,79,1363978644827,79,1363978644907,80,184,208,128
4,67,1363978645003,67,1363978645067,64,176,160,96
4,72,1363978645491,72,1363978645563,72,488,496,424
4,32,1363978645651,32,1363978645715,64,160,152,88
4,79,1363978646947,79,1363978647019,72,1296,1304,1232
4,70,1363978647459,70,1363978647515,56,512,496,440
4,32,1363978647595,32,1363978647667,72,136,152,80
4,73,1363978647867,73,1363978647923,56,272,256,200
4,78,1363978648075,78,1363978648155,80,208,232,152
4,67,1363978648275,67,1363978648347,72,200,192,120
4,82,1363978649980,82,1363978650060,80,1705,1713,1633
4,69,1363978650084,69,1363978650148,64,104,88,24
4,68,1363978652788,68,1363978652852,64,2704,2704,2640
4,85,1363978652868,85,1363978652932,64,80,80,16
4,76,1363978653135,76,1363978653204,69,267,272,203
4,73,1363978653332,73,1363978653396,64,197,192,128
4,84,1363978653596,84,1363978653676,80,264,280,200
4,89,1363978653756,89,1363978653836,80,160,160,80
4,188,1363978654731,188,1363978654795,64,975,959,895
4,32,1363978654843,32,1363978654939,96,112,144,48
4,73,1363978655027,73,1363978655099,72,184,160,88
4,84,1363978655283,84,1363978655355,72,256,256,184
4,32,1363978655419,32,1363978655490,71,136,135,64
4,87,1363978655635,87,1363978655723,88,216,233,145
4,65,1363978655851,65,1363978655899,48,216,176,128
4,83,1363978656035,83,1363978656091,56,184,192,136
4,32,1363978656227,32,1363978656315,88,192,224,136
4,84,1363978656827,84,1363978656898,71,600,583,512
4,72,1363978657019,72,1363978657083,64,192,185,121
4,69,1363978657084,69,1363978657162,78,65,79,1
4,32,1363978657243,32,1363978657330,87,159,168,81
4,83,1363978657362,83,1363978657450,88,119,120,32
4,69,1363978657555,69,1363978657627,72,193,177,105
4,65,1363978657771,65,1363978657818,47,216,191,144
4,83,1363978657963,83,1363978658018,55,192,200,145
4,79,1363978658106,79,1363978658154,48,143,136,88
4,78,1363978658331,78,1363978658378,47,225,224,177
4,32,1363978658506,32,1363978658603,97,175,225,128
4,79,1363978659442,79,1363978659490,48,936,887,839
4,70,1363978659602,70,1363978659666,64,160,176,112
4,32,1363978659740,32,1363978659810,70,138,144,74
4,16,1363978659987,16,1363978660162,175,247,352,177
4,76,1363978660114,76,1363978660210,96,127,48,-48
4,73,1363978660338,73,1363978660410,72,224,200,128
4,71,1363978660490,71,1363978660562,72,152,152,80
4,72,1363978660626,72,1363978660706,80,136,144,64
4,84,1363978660706,84,1363978660778,72,80,72,0
4,188,1363978662514,188,1363978662594,80,1808,1816,1736
4,32,1363978662594,32,1363978662714,120,80,120,0
4,73,1363978662810,73,1363978662882,72,216,168,96
4,84,1363978663026,84,1363978663090,64,216,208,144
4,32,1363978663242,32,1363978663322,80,216,232,152
4,87,1363978664026,87,1363978664090,64,784,768,704
4,65,1363978664218,65,1363978664258,40,192,168,128
4,83,1363978664378,83,1363978664442,64,160,184,120
4,32,1363978664602,32,1363978664666,64,224,224,160
4,84,1363978665186,84,1363978665266,80,584,600,520
4,72,1363978665370,72,1363978665442,72,184,176,104
4,69,1363978665410,69,1363978665482,72,40,40,-32
4,32,1363978665586,32,1363978665674,88,176,192,104
4,83,1363978665674,83,1363978665722,48,88,48,0
4,69,1363978665842,69,1363978665906,64,168,184,120
4,65,1363978666034,65,1363978666090,56,192,184,128
4,83,1363978666210,83,1363978666266,56,176,176,120
4,79,1363978666322,79,1363978666378,56,112,112,56
4,78,1363978666530,78,1363978666594,64,208,216,152
4,32,1363978666674,32,1363978666762,88,144,168,80
4,79,1363978667595,79,1363978667659,64,921,897,833
4,70,1363978667755,70,1363978667819,64,160,160,96
4,32,1363978667875,32,1363978667947,72,120,128,56
4,65,1363978668691,65,1363978668755,64,816,808,744
4,82,1363978668867,82,1363978668923,56,176,168,112
4,75,1363978669451,75,1363978669531,80,584,608,528
4,78,1363978669667,78,1363978669731,64,216,200,136
4,69,1363978669731,69,1363978669795,64,64,64,0
4,83,1363978669923,83,1363978669987,64,192,192,128
4,83,1363978670123,83,1363978670195,72,200,208,136
4,188,1363978671571,188,1363978671627,56,1448,1432,1376
4,32,1363978671643,32,1363978671747,104,72,120,16
4,73,1363978671867,73,1363978671947,80,224,200,120
4,84,1363978672107,84,1363978672179,72,240,232,160
4,32,1363978672275,32,1363978672355,80,168,176,96
4,87,1363978673195,87,1363978673267,72,920,912,840
4,65,1363978673403,65,1363978673466,63,208,199,136
4,83,1363978673587,83,1363978673643,56,184,177,121
4,32,1363978673771,32,1363978673842,71,184,199,128
4,84,1363978674619,84,1363978674690,71,848,848,777
4,72,1363978674803,72,1363978674867,64,184,177,113
4,69,1363978674835,69,1363978674907,72,32,40,-32
4,32,1363978675003,32,1363978675099,96,168,192,96
4,83,1363978675170,83,1363978675234,64,167,135,71
4,80,1363978675330,80,1363978675403,73,160,169,96
4,82,1363978676058,82,1363978676138,80,728,735,655
4,73,1363978676179,73,1363978676242,63,121,104,41
4,78,1363978676402,78,1363978676466,64,223,224,160
4,71,1363978676530,71,1363978676602,72,128,136,64
4,32,1363978676682,32,1363978676755,73,152,153,80
4,79,1363978677434,79,1363978677514,80,752,759,679
4,70,1363978677762,70,1363978677834,72,328,320,248
4,32,1363978677898,32,1363978677963,65,136,129,64
4,72,1363978678138,72,1363978678186,48,240,223,175
4,79,1363978678355,79,1363978678418,63,217,232,169
4,80,1363978678530,80,1363978678618,88,175,200,112
4,69,1363978678619,69,1363978678706,87,89,88,1
4,32,1363978678778,32,1363978678858,80,159,152,72
4,8,1363978679354,8,1363978679426,72,576,568,496
4,188,1363978679882,188,1363978679954,72,528,528,456
4,32,1363978679954,32,1363978680050,96,72,96,0
4,73,1363978680186,73,1363978680258,72,232,208,136
4,84,1363978680570,84,1363978680650,80,384,392,312
4,32,1363978680778,32,1363978680858,80,208,208,128
4,87,1363978680906,87,1363978680978,72,128,120,48
4,65,1363978681114,65,1363978681162,48,208,184,136
4,83,1363978681298,83,1363978681370,72,184,208,136
4,32,1363978681466,32,1363978681538,72,168,168,96
4,84,1363978682946,84,1363978683026,80,1480,1488,1408
4,72,1363978683138,72,1363978683194,56,192,168,112
4,69,1363978683140,69,1363978683218,78,2,24,-54
4,32,1363978683330,32,1363978683410,80,190,192,112
4,87,1363978683546,87,1363978683610,64,216,200,136
4,73,1363978683682,73,1363978683746,64,136,136,72
4,78,1363978683906,78,1363978683970,64,224,224,160
4,84,1363978684138,84,1363978684218,80,232,248,168
4,69,1363978684218,69,1363978684298,80,80,80,0
4,82,1363978684410,82,1363978684482,72,192,184,112
4,32,1363978684602,32,1363978684667,65,192,185,120
4,79,1363978685627,79,1363978685715,88,1025,1048,960
4,70,1363978685851,70,1363978685915,64,224,200,136
4,32,1363978685979,32,1363978686067,88,128,152,64
4,83,1363978686331,83,1363978686379,48,352,312,264
4,8,1363978686659,8,1363978686739,80,328,360,280
4,68,1363978686835,68,1363978686907,72,176,168,96
4,69,1363978687011,69,1363978687075,64,176,168,104
4,83,1363978687187,83,1363978687259,72,176,184,112
4,80,1363978687499,80,1363978687563,64,312,304,240
4,65,1363978687595,65,1363978687659,64,96,96,32
4,73,1363978688331,73,1363978688387,56,736,728,672
4,82,1363978688475,82,1363978688547,72,144,160,88
4,188,1363978689883,188,1363978689955,72,1408,1408,1336
4,32,1363978689923,32,1363978690011,88,40,56,-32
4,87,1363978690131,87,1363978690219,88,208,208,120
4,69,1363978690323,69,1363978690395,72,192,176,104
4,32,1363978690475,32,1363978690547,72,152,152,80
4,72,1363978691427,72,1363978691499,72,952,952,880
4,65,1363978691499,65,1363978691579,80,72,80,0
4,68,1363978691699,68,1363978691763,64,200,184,120
4,32,1363978691803,32,1363978691883,80,104,120,40
4,69,1363978691994,69,1363978692058,64,191,175,111
4,86,1363978692115,86,1363978692162,47,121,104,57
4,69,1363978692187,69,1363978692258,71,72,96,25
4,82,1363978692379,82,1363978692450,71,192,192,121
4,89,1363978692522,89,1363978692578,56,143,128,72
4,84,1363978692698,84,1363978692770,72,176,192,120
4,72,1363978692866,72,1363978692938,72,168,168,96
4,73,1363978693066,73,1363978693138,72,200,200,128
4,78,1363978693282,78,1363978693346,64,216,208,144
4,71,1363978693394,71,1363978693466,72,112,120,48
4,32,1363978693530,32,1363978693602,72,136,136,64
4,66,1363978694842,66,1363978694922,80,1312,1320,1240
4,69,1363978694946,69,1363978695018,72,104,96,24
4,70,1363978695187,70,1363978695259,72,241,241,169
4,79,1363978695346,79,1363978695410,64,159,151,87
4,82,1363978695459,82,1363978695523,64,113,113,49
4,69,1363978695634,69,1363978695722,88,175,199,111
4,32,1363978695723,32,1363978695786,63,89,64,1
4,85,1363978695922,85,1363978695986,64,199,200,136
4,83,1363978696010,83,1363978696082,72,88,96,24
4,188,1363978697234,188,1363978697306,72,1224,1224,1152
4,32,1363978697282,32,1363978697362,80,48,56,-24
4,87,1363978697458,87,1363978697538,80,176,176,96
4,69,1363978697651,69,1363978697722,71,193,184,113
4,32,1363978697786,32,1363978697858,72,135,136,64
4,72,1363978698706,72,1363978698770,64,920,912,848
4,65,1363978698802,65,1363978698858,56,96,88,32
4,68,1363978698986,68,1363978699042,56,184,184,128
4,32,1363978699122,32,1363978699194,72,136,152,80
4,78,1363978699346,78,1363978699402,56,224,208,152
4,79,1363978699578,79,1363978699642,64,232,240,176
4,84,1363978699922,84,1363978699994,72,344,352,280
4,72,1363978700122,72,1363978700194,72,200,200,128
4,73,1363978700330,73,1363978700386,56,208,192,136
4,78,1363978700522,78,1363978700594,72,192,208,136
4,71,1363978700650,71,1363978700714,64,128,120,56
4,32,1363978700786,32,1363978700858,72,136,144,72
4,66,1363978702587,66,1363978702659,72,1801,1801,1729
4,69,1363978702683,69,1363978702755,72,96,96,24
4,70,1363978702923,70,1363978703003,80,240,248,168
4,79,1363978703083,79,1363978703155,72,160,152,80
4,82,1363978703211,82,1363978703291,80,128,136,56
4,69,1363978703403,69,1363978703483,80,192,192,112
4,32,1363978703483,32,1363978703563,80,80,80,0
4,85,1363978703723,85,1363978703787,64,240,224,160
4,83,1363978703819,83,1363978703891,72,96,104,32
4,188,1363978706939,188,1363978707003,64,3120,3112,3048
4,32,1363978707003,32,1363978707075,72,64,72,0
4,87,1363978707251,87,1363978707299,48,248,224,176
4,69,1363978707411,69,1363978707467,56,160,168,112
4,32,1363978707515,32,1363978707595,80,104,128,48
4,87,1363978707668,87,1363978707723,55,153,128,73
4,69,1363978707883,69,1363978707939,56,215,216,160
4,82,1363978707987,82,1363978708051,64,104,112,48
4,69,1363978708091,69,1363978708155,64,104,104,40
4,32,1363978708275,32,1363978708355,80,184,200,120
4,65,1363978709083,65,1363978709146,63,808,791,728
4,76,1363978709307,76,1363978709370,63,224,224,161
4,76,1363978709482,76,1363978709555,73,175,185,112
4,32,1363978709515,32,1363978709586,71,33,31,-40
4,71,1363978709874,71,1363978709938,64,359,352,288
4,79,1363978710003,79,1363978710066,63,129,128,65
4,73,1363978710202,73,1363978710274,72,199,208,136
4,78,1363978710418,78,1363978710490,72,216,216,144
4,71,1363978710586,71,1363978710658,72,168,168,96
4,32,1363978711235,32,1363978711306,71,649,648,577
4,68,1363978711818,68,1363978711882,64,583,576,512
4,73,1363978712074,73,1363978712138,64,256,256,192
4,82,1363978712362,82,1363978712434,72,288,296,224
4,69,1363978712450,69,1363978712522,72,88,88,16
4,67,1363978712650,67,1363978712698,48,200,176,128
4,84,1363978712802,84,1363978712874,72,152,176,104
4,32,1363978713026,32,1363978713122,96,224,248,152
4,84,1363978713746,84,1363978713834,88,720,712,624
4,79,1363978713834,79,1363978713898,64,88,64,0
4,32,1363978714042,32,1363978714130,88,208,232,144
4,69,1363978714770,69,1363978714834,64,728,704,640
4,65,1363978714986,65,1363978715050,64,216,216,152
4,86,1363978715186,86,1363978715250,64,200,200,136
4,69,1363978715282,69,1363978715346,64,96,96,32
4,78,1363978715610,78,1363978715682,72,328,336,264
4,188,1363978716594,188,1363978716674,80,984,992,912
4,32,1363978716674,32,1363978716746,72,80,72,0
4,87,1363978716850,87,1363978716930,80,176,184,104
4,69,1363978717018,69,1363978717098,80,168,168,88
4,32,1363978717146,32,1363978717226,80,128,128,48
4,87,1363978717346,87,1363978717410,64,200,184,120
4,69,1363978717522,69,1363978717594,72,176,184,112
4,82,1363978717642,82,1363978717706,64,120,112,48
4,69,1363978717730,69,1363978717802,72,88,96,24
4,32,1363978717938,32,1363978718018,80,208,216,136
4,65,1363978718354,65,1363978718434,80,416,416,336
4,76,1363978718570,76,1363978718642,72,216,208,136
4,76,1363978718746,76,1363978718818,72,176,176,104
4,32,1363978718818,32,1363978718907,89,72,89,0
4,71,1363978719114,71,1363978719186,72,296,279,207
4,79,1363978719210,79,1363978719282,72,96,96,24
4,73,1363978719410,73,1363978719474,64,200,192,128
4,78,1363978719626,78,1363978719691,65,216,217,152
4,71,1363978719787,71,1363978719851,64,161,160,96
4,32,1363978720387,32,1363978720459,72,600,608,536
4,68,1363978720899,68,1363978720963,64,512,504,440
4,73,1363978721027,73,1363978721099,72,128,136,64
4,82,1363978721307,82,1363978721379,72,280,280,208
4,69,1363978721403,69,1363978721467,64,96,88,24
4,67,1363978721603,67,1363978721667,64,200,200,136
4,84,1363978721747,84,1363978721827,80,144,160,80
4,32,1363978722083,32,1363978722187,104,336,360,256
4,84,1363978722619,84,1363978722683,64,536,496,432
4,72,1363978722795,72,1363978722859,64,176,176,112
4,69,1363978722859,69,1363978722907,48,64,48,0
4,32,1363978722979,32,1363978723067,88,120,160,72
4,79,1363978723227,79,1363978723283,56,248,216,160
4,84,1363978723483,84,1363978723547,64,256,264,200
4,72,1363978723667,72,1363978723739,72,184,192,120
4,69,1363978723739,69,1363978723827,88,72,88,0
4,82,1363978723931,82,1363978724011,80,192,184,104
4,32,1363978724075,32,1363978724147,72,144,136,64
4,87,1363978725019,87,1363978725075,56,944,928,872
4,65,1363978725203,65,1363978725291,88,184,216,128
4,89,1363978725859,89,1363978725939,80,656,648,568
4,190,1363978727131,190,1363978727211,80,1272,1272,1192
4,84,1364481604737,84,1364481604825,88,168,16,-72
4,72,1364481605225,72,1364481605313,88,488,488,400
4,69,1364481605313,69,1364481605377,64,88,64,0
4,32,1364481605504,32,1364481605576,72,191,199,127
4,65,1364481607417,65,1364481607497,80,1913,1921,1841
4,76,1364481607625,76,1364481607705,80,208,208,128
4,71,1364481608049,71,1364481608129,80,424,424,344
4,79,1364481608185,79,1364481608273,88,136,144,56
4,82,1364481608361,82,1364481608441,80,176,168,88
4,73,1364481608594,73,1364481608666,72,233,225,153
4,84,1364481608705,84,1364481608793,88,111,127,39
4,72,1364481608841,72,1364481608913,72,136,120,48
4,77,1364481609041,77,1364481609121,80,200,208,128
4,83,1364481609202,83,1364481609273,71,161,152,81
4,32,1364481609377,32,1364481609465,88,175,192,104
4,84,1364481609722,84,1364481609793,71,345,328,257
4,72,1364481609905,72,1364481609985,80,183,192,112
4,65,1364481610057,65,1364481610129,72,152,144,72
4,84,1364481610129,84,1364481610185,56,72,56,0
4,32,1364481610329,32,1364481610417,88,200,232,144
4,65,1364481610489,65,1364481610553,64,160,136,72
4,82,1364481610593,82,1364481610665,72,104,112,40
4,69,1364481610697,69,1364481610769,72,104,104,32
4,32,1364481610833,32,1364481610905,72,136,136,64
4,82,1364481611033,82,1364481611114,81,200,209,128
4,69,1364481611217,69,1364481611289,72,184,175,103
4,76,1364481611641,76,1364481611713,72,424,424,352
4,65,1364481611801,65,1364481611866,65,160,153,88
4,84,1364481611961,84,1364481612025,64,160,159,95
4,69,1364481612049,69,1364481612121,72,88,96,24
4,68,1364481612233,68,1364481612305,72,184,184,112
4,32,1364481612361,32,1364481612441,80,128,136,56
4,84,1364481612529,84,1364481612601,72,168,160,88
4,79,1364481612673,79,1364481612721,48,144,120,72
4,32,1364481612745,32,1364481612833,88,72,112,24
4,188,1364481612929,188,1364481612977,48,184,144,96
4,8,1364481613289,8,1364481613370,81,360,393,312
4,77,1364481613497,77,1364481613577,80,208,207,127
4,85,1364481613681,85,1364481613753,72,184,176,104
4,76,1364481613889,76,1364481613969,80,208,216,136
4,84,1364481614081,84,1364481614145,64,192,176,112
4,73,1364481614185,73,1364481614257,72,104,112,40
4,189,1364481614513,189,1364481614569,56,328,312,256
4,76,1364481614793,76,1364481614865,72,280,296,224
4,65,1364481614945,65,1364481615025,80,152,160,80
4,66,1364481615425,66,1364481615505,80,480,480,400
4,69,1364481615601,69,1364481615673,72,176,168,96
4,76,1364481615745,76,1364481615809,64,144,136,72
4,32,1364481615833,32,1364481615905,72,88,96,24
4,76,1364481616017,76,1364481616097,80,184,192,112
4,69,1364481616097,69,1364481616193,96,80,96,0
4,65,1364481616337,65,1364481616401,64,240,208,144
4,82,1364481616561,82,1364481616641,80,224,240,160
4,78,1364481616721,78,1364481616793,72,160,152,80
4,73,1364481616945,73,1364481617017,72,224,224,152
4,78,1364481617161,78,1364481617233,72,216,216,144
4,71,1364481617289,71,1364481617361,72,128,128,56
4,32,1364481617761,32,1364481617865,104,472,504,400
4,65,1364481618049,65,1364481618105,56,288,240,184
4,82,1364481618201,82,1364481618281,80,152,176,96
4,69,1364481618297,69,1364481618379,82,96,98,16
4,16,1364481618833,16,1364481618953,120,536,574,454
4,186,1364481618913,186,1364481619009,96,80,56,-40
4,32,1364481618993,32,1364481619065,72,80,56,-16
4,65,1364481619330,65,1364481619385,55,337,320,265
4,67,1364481619585,67,1364481619633,48,255,248,200
4,84,1364481620065,84,1364481620137,72,480,504,432
4,73,1364481620193,73,1364481620265,72,128,128,56
4,86,1364481620473,86,1364481620537,64,280,272,208
4,69,1364481620569,69,1364481620649,80,96,112,32
4,32,1364481620697,32,1364481620785,88,128,136,48
4,76,1364481621000,76,1364481621049,49,303,264,215
4,69,1364481621089,69,1364481621168,79,89,119,40
4,65,1364481621328,65,1364481621401,73,239,233,160
4,82,1364481621585,82,1364481621648,63,257,247,184
4,78,1364481621729,78,1364481621793,64,144,145,81
4,73,1364481621945,73,1364481622008,63,216,215,152
4,78,1364481622144,78,1364481622208,64,199,200,136
4,71,1364481622313,71,1364481622393,80,169,185,105
4,188,1364481622768,188,1364481622841,73,455,448,375
4,32,1364481622873,32,1364481622968,95,105,127,32
4,77,1364481623192,77,1364481623248,56,319,280,224
4,85,1364481623392,85,1364481623464,72,200,216,144
4,76,1364481623608,76,1364481623696,88,216,232,144
4,84,1364481623792,84,1364481623872,80,184,176,96
4,73,1364481623904,73,1364481623976,72,112,104,32
4,189,1364481624192,189,1364481624256,64,288,280,216
4,84,1364481624737,84,1364481624809,72,545,553,481
4,65,1364481624865,65,1364481624930,65,128,121,56
4,83,1364481625065,83,1364481625145,80,200,215,135
4,75,1364481625441,75,1364481625513,72,376,368,296
4,32,1364481625665,32,1364481625729,64,224,216,152
4,76,1364481625889,76,1364481625945,56,224,216,160
4,69,1364481625977,69,1364481626065,88,88,120,32
4,65,1364481626218,65,1364481626297,79,241,232,153
4,82,1364481626473,82,1364481626530,57,255,233,176
4,78,1364481626657,78,1364481626681,24,184,151,127
4,73,1364481626890,73,1364481626961,71,233,280,209
4,78,1364481627105,78,1364481627177,72,215,216,144
4,71,1364481627241,71,1364481627321,80,136,144,64
4,188,1364481628177,188,1364481628257,80,936,936,856
4,32,1364481628257,32,1364481628369,112,80,112,0
4,77,1364481628601,77,1364481628665,64,344,296,232
4,85,1364481628825,85,1364481628889,64,224,224,160
4,76,1364481629049,76,1364481629137,88,224,248,160
4,84,1364481629241,84,1364481629313,72,192,176,104
4,73,1364481629433,73,1364481629497,64,192,184,120
4,189,1364481629713,189,1364481629761,48,280,264,216
4,67,1364481630681,67,1364481630753,72,968,992,920
4,76,1364481630825,76,1364481630905,80,144,152,72
4,65,1364481630970,65,1364481631041,71,145,136,65
4,83,1364481631177,83,1364481631241,64,207,200,136
4,83,1364481631377,83,1364481631441,64,200,200,136
4,32,1364481631465,32,1364481631553,88,88,112,24
4,83,1364481631825,83,1364481631889,64,360,336,272
4,73,1364481631945,73,1364481632009,64,120,120,56
4,78,1364481632186,78,1364481632257,71,241,248,177
4,71,1364481632537,71,1364481632617,80,351,360,280
4,76,1364481632729,76,1364481632793,64,192,176,112
4,32,1364481632977,32,1364481633033,56,248,240,184
4,8,1364481633281,8,1364481633377,96,304,344,248
4,69,1364481633537,69,1364481633585,48,256,208,160
4,32,1364481634049,32,1364481634145,96,512,560,464
4,76,1364481634673,76,1364481634753,80,624,608,528
4,65,1364481634777,65,1364481634841,64,104,88,24
4,66,1364481635121,66,1364481635201,80,344,360,280
4,69,1364481635241,69,1364481635313,72,120,112,40
4,76,1364481635425,76,1364481635489,64,184,176,112
4,32,1364481635641,32,1364481635713,72,216,224,152
4,76,1364481635881,76,1364481635961,80,240,248,168
4,69,1364481635985,69,1364481636065,80,104,104,24
4,65,1364481636249,65,1364481636305,56,264,240,184
4,82,1364481636513,82,1364481636585,72,264,280,208
4,78,1364481636737,78,1364481636801,64,224,216,152
4,73,1364481636969,73,1364481637033,64,232,232,168
4,78,1364481637185,78,1364481637249,64,216,216,152
4,71,1364481637297,71,1364481637377,80,112,128,48
4,32,1364481639601,32,1364481639673,72,2304,2296,2224
4,65,1364481639888,65,1364481639952,64,287,279,215
4,78,1364481640048,78,1364481640112,64,160,160,96
4,68,1364481640152,68,1364481640232,80,104,120,40
4,32,1364481640264,32,1364481640321,57,112,89,32
4,77,1364481640481,77,1364481640536,55,217,215,160
4,85,1364481640697,85,1364481640769,72,216,233,161
4,76,1364481640921,76,1364481641001,80,224,232,152
4,84,1364481641062,84,1364481641128,66,141,127,61
4,73,1364481641200,73,1364481641274,74,138,146,72
4,189,1364481641464,189,1364481641512,48,264,238,190
4,76,1364481641696,76,1364481641761,65,232,249,184
4,65,1364481641809,65,1364481641888,79,113,127,48
4,66,1364481642080,66,1364481642153,73,271,265,192
4,69,1364481642233,69,1364481642321,88,153,168,80
4,76,1364481642369,76,1364481642433,64,136,112,48
4,32,1364481642505,32,1364481642585,80,136,152,72
4,77,1364481642713,77,1364481642777,64,208,192,128
4,85,1364481642929,85,1364481642993,64,216,216,152
4,76,1364481643153,76,1364481643225,72,224,232,160
4,84,1364481643537,84,1364481643593,56,384,368,312
4,73,1364481643673,73,1364481643753,80,136,160,80
4,189,1364481644465,189,1364481644530,65,792,777,712
4,73,1364481644761,73,1364481644825,64,296,295,231
4,78,1364481644993,78,1364481645057,64,232,232,168
4,83,1364481645114,83,1364481645193,79,121,136,57
4,84,1364481645265,84,1364481645329,64,151,136,72
4,65,1364481645377,65,1364481645457,80,112,128,48
4,78,1364481645497,78,1364481645577,80,120,120,40
4,67,1364481645641,67,1364481645697,56,144,120,64
4,69,1364481645849,69,1364481645937,88,208,240,152
4,32,1364481645993,32,1364481646065,72,144,128,56
4,76,1364481646249,76,1364481646305,56,256,240,184
4,69,1364481646273,69,1364481646353,80,24,48,-32
4,65,1364481646513,65,1364481646585,72,240,232,160
4,82,1364481646769,82,1364481646841,72,256,256,184
4,78,1364481646905,78,1364481646969,64,136,128,64
4,73,1364481647129,73,1364481647209,80,224,240,160
4,78,1364481647337,78,1364481647401,64,208,192,128
4,71,1364481647601,71,1364481647673,72,264,272,200
4,190,1364481647842,190,1364481647905,63,241,232,169
4,32,1364481647953,32,1364481648049,96,111,144,48
4,16,1364481648169,16,1364481648353,184,216,304,120
4,72,1364481648289,72,1364481648369,80,120,16,-64
4,79,1364481648489,79,1364481648569,80,200,200,120
4,87,1364481649065,87,1364481649113,48,576,544,496
4,69,1364481649265,69,1364481649337,72,200,224,152
4,86,1364481649377,86,1364481649441,64,112,104,40
4,69,1364481649473,69,1364481649545,72,96,104,32
4,82,1364481649665,82,1364481649745,80,192,200,120
4,32,1364481649865,32,1364481649993,128,200,248,120
4,87,1364481652529,87,1364481652609,80,2664,2616,2536
4,69,1364481652721,69,1364481652793,72,192,184,112
4,32,1364481652865,32,1364481652945,80,144,152,72
4,87,1364481652977,87,1364481653057,80,112,112,32
4,73,1364481653145,73,1364481653218,73,168,161,88
4,76,1364481653353,76,1364481653409,56,208,191,135
4,76,1364481653489,76,1364481653553,64,136,144,80
4,32,1364481653557,32,1364481653633,76,68,80,4
4,78,1364481653721,78,1364481653785,64,164,152,88
4,79,1364481653937,79,1364481654009,72,216,224,152
4,84,1364481654065,84,1364481654137,72,128,128,56
4,32,1364481654201,32,1364481654273,72,136,136,64
4,71,1364481654409,71,1364481654481,72,208,208,136
4,73,1364481654561,73,1364481654633,72,152,152,80
4,86,1364481655273,86,1364481655345,72,712,712,640
4,69,1364481655401,69,1364481655497,96,128,152,56
4,32,1364481655497,32,1364481655569,72,96,72,0
4,77,1364481655753,77,1364481655809,56,256,240,184
4,85,1364481656009,85,1364481656065,56,256,256,200
4,67,1364481656145,67,1364481656217,72,136,152,80
4,72,1364481656249,72,1364481656313,64,104,96,32
4,32,1364481656457,32,1364481656545,88,208,232,144
4,68,1364481656569,68,1364481656657,88,112,112,24
4,69,1364481656769,69,1364481656849,80,200,192,112
4,84,1364481656945,84,1364481657025,80,176,176,96
4,65,1364481657065,65,1364481657145,80,120,120,40
4,73,1364481657257,73,1364481657329,72,192,184,112
4,76,1364481657449,76,1364481657528,79,192,199,120
4,32,1364481657504,32,1364481657584,80,55,56,-24
4,65,1364481657736,65,1364481657808,72,232,224,152
4,66,1364481657849,66,1364481657920,71,113,112,41
4,79,1364481658121,79,1364481658193,72,272,273,201
4,85,1364481658352,85,1364481658416,64,231,223,159
4,84,1364481658473,84,1364481658561,88,121,145,57
4,32,1364481658633,32,1364481658712,79,160,151,72
4,84,1364481658793,84,1364481658880,87,160,168,81
4,72,1364481658985,72,1364481659065,80,192,185,105
4,69,1364481659081,69,1364481659153,72,96,88,16
4,83,1364481659280,83,1364481659360,80,199,207,127
4,69,1364481659481,69,1364481659552,71,201,192,121
4,32,1364481659553,32,1364481659624,71,72,72,1
4,84,1364481659802,84,1364481659865,63,249,241,178
4,69,1364481659866,69,1364481659937,71,64,72,1
4,67,1364481660081,67,1364481660146,65,215,209,144
4,72,1364481660266,72,1364481660337,71,185,191,120
4,78,1364481660473,78,1364481660545,72,207,208,136
4,73,1364481660697,73,1364481660761,64,224,216,152
4,81,1364481660986,81,1364481661057,71,289,296,225
4,85,1364481661225,85,1364481661297,72,239,240,168
4,69,1364481661370,69,1364481661441,71,145,144,73
4,83,1364481661577,83,1364481661665,88,207,224,136
4,32,1364481661777,32,1364481661841,64,200,176,112
4,83,1364481662161,83,1364481662241,80,384,400,320
4,73,1364481662281,73,1364481662353,72,120,112,40
4,78,1364481662513,78,1364481662585,72,232,232,160
4,67,1364481662633,67,1364481662705,72,120,120,48
4,69,1364481662865,69,1364481662937,72,232,232,160
4,32,1364481663025,32,1364481663097,72,160,160,88
4,73,1364481663593,73,1364481663681,88,568,584,496
4,84,1364481663793,84,1364481663865,72,200,184,112
4,32,1364481663866,32,1364481663953,87,73,88,1
4,73,1364481664089,73,1364481664177,88,223,224,136
4,83,1364481664257,83,1364481664321,64,168,144,80
4,32,1364481664401,32,1364481664481,80,144,160,80
4,66,1364481665105,66,1364481665185,80,704,704,624
4,69,1364481665209,69,1364481665289,80,104,104,24
4,89,1364481665425,89,1364481665505,80,216,216,136
4,79,1364481665737,79,1364481665793,56,312,288,232
4,78,1364481666153,78,1364481666233,80,416,440,360
4,68,1364481666369,68,1364481666465,96,216,232,136
4,32,1364481666481,32,1364481666593,112,112,128,16
4,84,1364481666737,84,1364481666817,80,256,224,144
4,72,1364481666937,72,1364481667009,72,200,192,120
4,69,1364481667009,69,1364481667081,72,72,72,0
4,32,1364481667153,32,1364481667225,72,144,144,72
4,67,1364481667321,67,1364481667393,72,168,168,96
4,79,1364481667593,79,1364481667673,80,272,280,200
4,80,1364481667785,80,1364481667857,72,192,184,112
4,69,1364481667929,69,1364481668001,72,144,144,72
4,32,1364481668097,32,1364481668161,64,168,160,96
4,79,1364481668345,79,1364481668401,56,248,240,184
4,70,1364481668441,70,1364481668537,96,96,136,40
4,32,1364481668609,32,1364481668697,88,168,160,72
4,84,1364481668729,84,1364481668785,56,120,88,32
4,72,1364481668921,72,1364481668977,56,192,192,136
4,73,1364481669121,73,1364481669185,64,200,208,144
4,83,1364481669281,83,1364481669353,72,160,168,96
4,32,1364481669377,32,1364481669449,72,96,96,24
4,87,1364481669585,87,1364481669657,72,208,208,136
4,79,1364481669785,79,1364481669857,72,200,200,128
4,82,1364481669977,82,1364481670049,72,192,192,120
4,75,1364481670161,75,1364481670209,48,184,160,112
4,190,1364481670529,190,1364481670577,48,368,368,320
4,73,1365431147407,73,1365431147511,104,152,48,-56
4,32,1365431147759,32,1365431147846,87,352,335,248
4,72,1365431148375,72,1365431148454,79,616,608,529
4,65,1365431148478,65,1365431148574,96,103,120,24
4,86,1365431148638,86,1365431148702,64,160,128,64
4,69,1365431148743,69,1365431148806,63,105,104,41
4,32,1365431150214,32,1365431150310,96,1471,1504,1408
4,82,1365431150406,82,1365431150470,64,192,160,96
4,69,1365431150566,69,1365431150646,80,160,176,96
4,65,1365431150790,65,1365431150854,64,224,208,144
4,76,1365431150886,76,1365431150966,80,96,112,32
4,73,1365431151086,73,1365431151158,72,200,192,120
4,90,1365431151294,90,1365431151374,80,208,216,136
4,69,1365431151534,69,1365431151590,56,240,216,160
4,68,1365431151710,68,1365431151782,72,176,192,120
4,32,1365431151815,32,1365431151902,87,105,120,33
4,84,1365431152078,84,1365431152142,64,263,240,176
4,72,1365431152278,72,1365431152342,64,200,200,136
4,65,1365431152390,65,1365431152446,56,112,104,48
4,84,1365431152486,84,1365431152550,64,96,104,40
4,32,1365431152598,32,1365431152726,128,112,176,48
4,16,1365431152838,16,1365431153006,168,240,280,112
4,73,1365431152974,73,1365431153046,72,136,40,-32
4,32,1365431153046,32,1365431153134,88,72,88,0
4,65,1365431153286,65,1365431153350,64,240,216,152
4,77,1365431153374,77,1365431153430,56,88,80,24
4,32,1365431153558,32,1365431153638,80,184,208,128
4,65,1365431153902,65,1365431153974,72,344,336,264
4,76,1365431154046,76,1365431154118,72,144,144,72
4,87,1365431154310,87,1365431154374,64,264,256,192
4,65,1365431154510,65,1365431154558,48,200,184,136
4,89,1365431154718,89,1365431154782,64,208,224,160
4,83,1365431154830,83,1365431154878,48,112,96,48
4,32,1365431154983,32,1365431155062,79,153,184,105
4,70,1365431156086,70,1365431156126,40,1103,1064,1024
4,79,1365431156190,79,1365431156270,80,104,144,64
4,8,1365431157214,8,1365431157302,88,1024,1032,944
4,8,1365431157646,8,1365431157702,56,432,400,344
4,67,1365431157990,67,1365431158054,64,344,352,288
4,79,1365431158174,79,1365431158246,72,184,192,120
4,78,1365431158470,78,1365431158542,72,296,296,224
4,70,1365431159014,70,1365431159079,65,544,537,472
4,85,1365431159143,85,1365431159223,80,129,144,64
4,83,1365431159447,83,1365431159511,64,304,288,224
4,73,1365431159543,73,1365431159615,72,96,104,32
4,78,1365431159927,78,1365431159991,64,384,376,312
4,71,1365431160055,71,1365431160119,64,128,128,64
4,32,1365431160175,32,1365431160247,72,120,128,56
4,77,1365431161815,77,1365431161879,64,1640,1632,1568
4,89,1365431162079,89,1365431162135,56,264,256,200
4,32,1365431162223,32,1365431162311,88,144,176,88
4,85,1365431162903,85,1365431162991,88,680,680,592
4,32,1365431163015,32,1365431163119,104,112,128,24
4,68,1365431163983,68,1365431164079,96,968,960,864
4,32,1365431164143,32,1365431164247,104,160,168,64
4,32,1365431165319,32,1365431165391,72,1176,1144,1072
4,87,1365431165583,87,1365431165646,63,264,255,192
4,73,1365431165710,73,1365431165800,90,127,154,64
4,84,1365431166006,84,1365431166070,64,296,270,206
4,72,1365431166198,72,1365431166263,65,192,193,128
4,32,1365431166263,32,1365431166382,119,65,119,0
4,84,1365431166534,84,1365431166599,65,271,217,152
4,72,1365431166711,72,1365431166775,64,177,176,112
4,69,1365431166811,69,1365431166854,43,100,79,36
4,32,1365431166902,32,1365431166974,72,91,120,48
4,85,1365431167646,85,1365431167766,120,744,792,672
4,32,1365431167783,32,1365431167910,127,137,144,17
4,80,1365431168254,80,1365431168326,72,471,416,344
4,73,1365431168558,73,1365431168630,72,304,304,232
4,68,1365431168870,68,1365431168934,64,312,304,240
4,32,1365431169046,32,1365431169118,72,176,184,112
4,78,1365431169350,78,1365431169414,64,304,296,232
4,85,1365431169550,85,1365431169614,64,200,200,136
4,77,1365431169758,77,1365431169830,72,208,216,144
4,66,1365431170046,66,1365431170110,64,288,280,216
4,69,1365431170158,69,1365431170238,80,112,128,48
4,82,1365431170343,82,1365431170422,79,185,184,105
4,190,1365431170774,190,1365431170830,56,431,408,352
4,32,1365431170886,32,1365431170990,104,112,160,56
4,16,1365431171270,16,1365431171582,312,384,592,280
4,79,1365431171526,79,1365431171622,96,256,40,-56
4,78,1365431172366,78,1365431172438,72,840,816,744
4,69,1365431172494,69,1365431172566,72,128,128,56
4,32,1365431172670,32,1365431172734,64,176,168,104
4,83,1365431173046,83,1365431173118,72,376,384,312
4,84,1365431173247,84,1365431173310,63,201,192,129
4,65,1365431173334,65,1365431173398,64,87,88,24
4,82,1365431173518,82,1365431173574,56,184,176,120
4,8,1365431173910,8,1365431173966,56,392,392,336
4,8,1365431174094,8,1365431174150,56,184,184,128
4,8,1365431174263,8,1365431174334,71,169,184,113
4,8,1365431174902,8,1365431174983,81,639,649,568
4,73,1365431176158,73,1365431176238,80,1256,1255,1175
4,83,1365431176326,83,1365431176414,88,168,176,88
4,32,1365431176462,32,1365431176575,113,136,161,48
4,84,1365431176663,84,1365431176719,56,201,144,88
4,72,1365431176831,72,1365431176895,64,168,176,112
4,69,1365431176919,69,1365431176991,72,88,96,24
4,32,1365431177023,32,1365431177103,80,104,112,32
4,79,1365431177375,79,1365431177471,96,352,368,272
4,8,1365431177927,8,1365431177991,64,552,520,456
4,8,1365431178559,8,1365431178639,80,632,648,568
4,8,1365431178767,8,1365431178823,56,208,184,128
4,8,1365431178943,8,1365431179007,64,176,184,120
4,8,1365431179111,8,1365431179191,80,168,184,104
4,8,1365431179295,8,1365431179367,72,184,176,104
4,32,1365431179935,32,1365431180063,128,640,696,568
4,77,1365431180831,77,1365431180911,80,896,848,768
4,89,1365431181143,89,1365431181199,56,312,288,232
4,32,1365431181223,32,1365431181326,103,80,127,24
4,83,1365431181487,83,1365431181535,48,264,209,161
4,67,1365431181670,67,1365431181743,73,183,208,135
4,72,1365431181959,72,1365431182023,64,289,280,216
4,79,1365431182255,79,1365431182303,48,296,280,232
4,79,1365431182415,79,1365431182479,64,160,176,112
4,76,1365431182607,76,1365431182671,64,192,192,128
4,32,1365431182671,32,1365431182782,111,64,111,0
4,78,1365431182855,78,1365431182918,63,184,136,73
4,85,1365431183063,85,1365431183111,48,208,193,145
4,77,1365431183254,77,1365431183310,56,191,199,143
4,66,1365431183463,66,1365431183518,55,209,208,153
4,69,1365431183542,69,1365431183606,64,79,88,24
4,82,1365431183710,82,1365431183782,72,168,176,104
4,32,1365431183806,32,1365431183878,72,96,96,24
4,84,1365431184054,84,1365431184110,56,248,232,176
4,72,1365431184223,72,1365431184295,72,169,185,113
4,65,1365431184295,65,1365431184342,47,72,47,0
4,84,1365431184430,84,1365431184470,40,135,128,88
4,32,1365431184623,32,1365431184702,79,193,232,153
4,83,1365431184726,83,1365431184790,64,103,88,24
4,84,1365431184862,84,1365431184918,56,136,128,72
4,65,1365431184950,65,1365431185022,72,88,104,32
4,82,1365431185064,82,1365431185118,54,114,96,42
4,84,1365431185230,84,1365431185302,72,166,184,112
4,83,1365431185374,83,1365431185463,89,144,161,72
4,32,1365431185550,32,1365431185630,80,176,167,87
4,87,1365431185966,87,1365431186030,64,416,400,336
4,73,1365431186142,73,1365431186214,72,176,184,112
4,84,1365431186406,84,1365431186478,72,264,264,192
4,72,1365431186598,72,1365431186686,88,192,208,120
4,32,1365431186679,32,1365431186758,79,81,72,-7
4,16,1365431187518,16,1365431187750,232,839,992,760
4,65,1365431187678,65,1365431187750,72,160,0,-72
4,32,1365431188414,32,1365431188478,64,736,728,664
4,65,1365431188638,65,1365431188702,64,224,224,160
4,78,1365431188750,78,1365431188806,56,112,104,48
4,68,1365431188910,68,1365431188982,72,160,176,104
4,32,1365431189118,32,1365431189190,72,208,208,136
4,71,1365431189382,71,1365431189462,80,264,272,192
4,79,1365431189830,79,1365431189910,80,448,448,368
4,69,1365431190086,69,1365431190110,24,256,200,176
4,83,1365431190239,83,1365431190310,71,153,200,129
4,32,1365431190350,32,1365431190390,40,111,80,40
4,79,1365431190694,79,1365431190750,56,344,360,304
4,78,1365431190918,78,1365431190982,64,224,232,168
4,32,1365431190950,32,1365431191046,96,32,64,-32
4,87,1365431191190,87,1365431191246,56,240,200,144
4,73,1365431191358,73,1365431191422,64,168,176,112
4,84,1365431191606,84,1365431191670,64,248,248,184
4,32,1365431191798,32,1365431191870,72,192,200,128
4,72,1365431191800,72,1365431191870,70,2,0,-70
4,65,1365431192150,65,1365431192214,64,350,344,280
4,32,1365431192286,32,1365431192350,64,136,136,72
4,83,1365431192422,83,1365431192502,80,136,152,72
4,69,1365431192622,69,1365431192702,80,200,200,120
4,81,1365431194535,81,1365431194607,72,1913,1905,1833
4,85,1365431194983,85,1365431195063,80,448,456,376
4,69,1365431195215,69,1365431195271,56,232,208,152
4,78,1365431195343,78,1365431195407,64,128,136,72
4,67,1365431195463,67,1365431195519,56,120,112,56
4,69,1365431195655,69,1365431195711,56,192,192,136
4,32,1365431195759,32,1365431195831,72,104,120,48
4,79,1365431196031,79,1365431196079,48,272,248,200
4,70,1365431196159,70,1365431196231,72,128,152,80
4,32,1365431196311,32,1365431196359,48,152,128,80
4,78,1365431196511,78,1365431196575,64,200,216,152
4,85,1365431196719,85,1365431196775,56,208,200,144
4,77,1365431196919,77,1365431196983,64,200,208,144
4,66,1365431197127,66,1365431197183,56,208,200,144
4,69,1365431197184,69,1365431197263,79,57,80,1
4,82,1365431197383,82,1365431197457,74,199,194,120
4,83,1365431197615,83,1365431197679,64,232,222,158
4,188,1365431197935,188,1365431198007,72,320,328,256
4,32,1365431198089,32,1365431198199,110,154,192,82
4,87,1365431198399,87,1365431198463,64,310,264,200
4,72,1365431198567,72,1365431198655,88,168,192,104
4,69,1365431198655,69,1365431198735,80,88,80,0
4,82,1365431198863,82,1365431198943,80,208,208,128
4,69,1365431199063,69,1365431199119,56,200,176,120
4,65,1365431199319,65,1365431199375,56,256,256,200
4,83,1365431199519,83,1365431199575,56,200,200,144
4,32,1365431199639,32,1365431199710,71,120,135,64
4,84,1365431199903,84,1365431199958,55,264,248,193
4,72,1365431200087,72,1365431200151,64,184,193,129
4,69,1365431200151,69,1365431200215,64,64,64,0
4,32,1365431200287,32,1365431200366,79,136,151,72
4,79,1365431200550,79,1365431200614,64,263,248,184
4,84,1365431200814,84,1365431200878,64,264,264,200
4,72,1365431201006,72,1365431201070,64,192,192,128
4,69,1365431201071,69,1365431201126,55,65,56,1
4,82,1365431201238,82,1365431201294,56,167,168,112
4,32,1365431201487,32,1365431201574,87,249,280,193
4,79,1365431201598,79,1365431201654,56,111,80,24
4,78,1365431201823,78,1365431201870,47,225,216,169
4,69,1365431201958,69,1365431202038,80,135,168,88
4,32,1365431202054,32,1365431202118,64,96,80,16
4,73,1365431202303,73,1365431202374,71,249,256,185
4,83,1365431202375,83,1365431202470,95,72,96,1
4,32,1365431202502,32,1365431202607,105,127,137,32
4,84,1365431202743,84,1365431202815,72,241,208,136
4,8,1365431203230,8,1365431203313,83,487,498,415
4,77,1365431204086,77,1365431204150,64,856,837,773
4,89,1365431204374,89,1365431204430,56,288,280,224
4,32,1365431204582,32,1365431204711,129,208,281,152
4,69,1365431205167,69,1365431205255,88,585,544,456
4,77,1365431205287,77,1365431205359,72,120,104,32
4,65,1365431205479,65,1365431205543,64,192,184,120
4,73,1365431205623,73,1365431205687,64,144,144,80
4,76,1365431205840,76,1365431205911,71,217,224,153
4,32,1365431206807,32,1365431206919,112,967,1008,896
4,65,1365431207135,65,1365431207207,72,328,288,216
4,68,1365431207647,68,1365431207687,40,512,480,440
4,68,1365431207823,68,1365431207879,56,176,192,136
4,82,1365431208015,82,1365431208103,88,192,224,136
4,69,1365431208223,69,1365431208287,64,208,184,120
4,83,1365431208439,83,1365431208479,40,216,192,152
4,83,1365431208615,83,1365431208687,72,176,208,136
4,37,1365431209335,37,1365431210167,832,720,1480,648
4,37,1365431209836,37,1365431210423,587,501,256,-331
4,37,1365431209868,37,1365431210599,731,32,176,-555
4,37,1365431209901,37,1365431210791,890,33,192,-698
4,37,1365431209934,37,1365431210967,1033,33,176,-857
4,84,1365431211872,84,1365431211952,80,1938,985,905
4,72,1365431212072,72,1365431212128,56,200,176,120
4,69,1365431212160,69,1365431212216,56,88,88,32
4,32,1365431212265,32,1365431212328,63,105,112,49
4,85,1365431212496,85,1365431212552,56,231,224,168
4,83,1365431212560,83,1365431212632,72,64,80,8
4,69,1365431212736,69,1365431212816,80,176,184,104
4,82,1365431212920,82,1365431213000,80,184,184,104
4,32,1365431212992,32,1365431213064,72,72,64,-8
4,78,1365431213192,78,1365431213248,56,200,184,128
4,65,1365431213272,65,1365431213328,56,80,80,24
4,77,1365431213376,77,1365431213440,64,104,112,48
4,69,1365431213480,69,1365431213544,64,104,104,40
4,32,1365431213560,32,1365431213632,72,80,88,16
4,84,1365431213792,84,1365431213848,56,232,216,160
4,72,1365431213968,72,1365431214040,72,176,192,120
4,65,1365431214088,65,1365431214144,56,120,104,48
4,84,1365431214184,84,1365431214256,72,96,112,40
4,32,1365431214328,32,1365431214432,104,144,176,72
4,16,1365431215016,16,1365431215264,248,688,832,584
4,73,1365431215208,73,1365431215304,96,192,40,-56
4,32,1365431215264,32,1365431215360,96,56,56,-40
4,85,1365431215624,85,1365431215704,80,360,344,264
4,83,1365431215728,83,1365431215792,64,104,88,24
4,69,1365431215928,69,1365431215976,48,200,184,136
4,32,1365431216176,32,1365431216272,96,248,296,200
4,73,1365431217264,73,1365431217335,71,1088,1063,992
4,78,1365431217719,78,1365431217832,113,455,497,384
4,32,1365431217992,32,1365431218103,111,273,271,160
4,40,1365431220047,40,1365431220143,96,2055,2040,1944
4,190,1365431221039,190,1365431221111,72,992,968,896
5,73,1363788383003,73,1363788383147,144,183,208,64
5,17,1363788383147,17,1363788383291,144,144,144,0
5,84,1363788383347,84,1363788383467,120,200,176,56
5,32,1363788383627,32,1363788383763,136,280,296,160
5,87,1363788383867,87,1363788384027,160,240,264,104
5,65,1363788384027,65,1363788384219,192,160,192,0
5,83,1363788384243,83,1363788384451,208,216,232,24
5,32,1363788384443,32,1363788384595,152,200,144,-8
5,84,1363788384627,84,1363788384763,136,184,168,32
5,72,1363788384795,72,1363788384907,112,168,144,32
5,69,1363788384867,69,1363788385027,160,72,120,-40
5,32,1363788385027,32,1363788385115,88,160,88,0
5,66,1363788385275,66,1363788385443,168,248,328,160
5,69,1363788385419,69,1363788385555,136,144,112,-24
5,83,1363788385635,83,1363788385811,176,216,256,80
5,84,1363788385875,84,1363788386027,152,240,216,64
5,32,1363788386123,32,1363788386235,112,248,208,96
5,79,1363788386411,79,1363788386483,72,288,248,176
5,70,1363788386515,70,1363788386651,136,104,168,32
5,32,1363788386595,32,1363788386691,96,80,40,-56
5,84,1363788386755,84,1363788386891,136,160,200,64
5,73,1363788386851,73,1363788386963,112,96,72,-40
5,77,1363788387003,77,1363788387131,128,152,168,40
5,69,1363788387131,69,1363788387211,80,128,80,0
5,83,1363788387323,83,1363788387491,168,192,280,112
5,188,1363788387611,188,1363788387723,112,288,232,120
5,32,1363788387723,32,1363788387835,112,112,112,0
5,73,1363788387899,73,1363788388019,120,176,184,64
5,84,1363788388019,84,1363788388123,104,120,104,0
5,32,1363788388219,32,1363788388307,88,200,184,96
5,87,1363788388411,87,1363788388579,168,192,272,104
5,65,1363788388579,65,1363788388707,128,168,128,0
5,83,1363788388739,83,1363788388899,160,160,192,32
5,32,1363788388859,32,1363788388947,88,120,48,-40
5,84,1363788388987,84,1363788389083,96,128,136,40
5,72,1363788389083,72,1363788389195,112,96,112,0
5,69,1363788389155,69,1363788389267,112,72,72,-40
5,32,1363788389283,32,1363788389379,96,128,112,16
5,87,1363788389683,87,1363788389835,152,400,456,304
5,79,1363788389835,79,1363788389947,112,152,112,0
5,82,1363788389987,82,1363788390131,144,152,184,40
5,83,1363788390243,83,1363788390418,175,256,287,112
5,32,1363788390411,32,1363788390571,160,168,153,-7
5,84,1363788390555,84,1363788390683,128,144,112,-16
5,8,1363788391346,8,1363788391426,80,791,743,663
5,8,1363788391459,8,1363788391579,120,113,153,33
5,84,1363788391691,84,1363788391811,120,232,232,112
5,32,1363788391875,32,1363788391978,103,184,167,64
5,79,1363788392354,79,1363788392475,121,479,497,376
5,70,1363788392475,70,1363788392571,96,121,96,0
5,32,1363788392571,32,1363788392690,119,96,119,0
5,84,1363788392787,84,1363788392914,127,216,224,97
5,73,1363788392874,73,1363788392962,88,87,48,-40
5,77,1363788393026,77,1363788393122,96,152,160,64
5,69,1363788393090,69,1363788393218,128,64,96,-32
5,83,1363788393426,83,1363788393587,161,336,369,208
5,188,1363788393690,188,1363788393810,120,264,223,103
5,32,1363788393810,32,1363788393914,104,120,104,0
5,73,1363788393979,73,1363788394091,112,169,177,65
5,84,1363788394092,84,1363788394203,111,113,112,1
5,32,1363788394235,32,1363788394363,128,143,160,32
5,87,1363788394435,87,1363788394588,153,200,225,72
5,65,1363788394659,65,1363788394852,193,224,264,71
5,83,1363788394852,83,1363788395004,152,193,152,0
5,32,1363788394979,32,1363788395108,129,127,104,-25
5,84,1363788395139,84,1363788395251,112,160,143,31
5,72,1363788395252,72,1363788395371,119,113,120,1
5,69,1363788395315,69,1363788395451,136,63,80,-56
5,32,1363788395427,32,1363788395531,104,112,80,-24
5,65,1363788395667,65,1363788395811,144,240,280,136
5,71,1363788395909,71,1363788396075,166,242,264,98
5,69,1363788396060,69,1363788396211,151,151,136,-15
5,32,1363788396291,32,1363788396419,128,231,208,80
5,79,1363788396467,79,1363788396579,112,176,160,48
5,70,1363788396579,70,1363788396675,96,112,96,0
5,32,1363788396635,32,1363788396779,144,56,104,-40
5,87,1363788397195,87,1363788397323,128,560,544,416
5,73,1363788397795,73,1363788397899,104,600,576,472
5,83,1363788398027,83,1363788398179,152,232,280,128
5,68,1363788398643,68,1363788398779,136,616,600,464
5,79,1363788398779,79,1363788398899,120,136,120,0
5,77,1363788399003,77,1363788399099,96,224,200,104
5,188,1363788399283,188,1363788399411,128,280,312,184
5,32,1363788399411,32,1363788399595,184,128,184,0
5,73,1363788399595,73,1363788399707,112,184,112,0
5,84,1363788399731,84,1363788399859,128,136,152,24
5,32,1363788400371,32,1363788400515,144,640,656,512
5,87,1363788401051,87,1363788401283,232,680,768,536
5,65,1363788401307,65,1363788401483,176,256,200,24
5,83,1363788401507,83,1363788401643,136,200,160,24
5,32,1363788401643,32,1363788401747,104,136,104,0
5,84,1363788401771,84,1363788401907,136,128,160,24
5,72,1363788401891,72,1363788402011,120,120,104,-16
5,69,1363788401931,69,1363788402091,160,40,80,-80
5,32,1363788402067,32,1363788402211,144,136,120,-24
5,65,1363788402275,65,1363788402427,152,208,216,64
5,71,1363788402619,71,1363788402771,152,344,344,192
5,69,1363788402828,69,1363788402987,159,209,216,57
5,32,1363788402971,32,1363788403099,128,143,112,-16
5,79,1363788403187,79,1363788403267,80,216,168,88
5,70,1363788403267,70,1363788403347,80,80,80,0
5,32,1363788403307,32,1363788403427,120,40,80,-40
5,70,1363788403611,70,1363788403747,136,304,320,184
5,79,1363788403891,79,1363788403963,72,280,216,144
5,76,1363788404139,76,1363788404219,80,248,256,176
5,76,1363788404803,76,1363788404915,112,664,696,584
5,8,1363788405507,8,1363788405547,40,704,632,592
5,8,1363788405619,8,1363788405691,72,112,144,72
5,8,1363788405771,8,1363788405819,48,152,128,80
5,79,1363788406539,79,1363788406587,48,768,768,720
5,79,1363788406699,79,1363788406771,72,160,184,112
5,76,1363788406955,76,1363788407091,136,256,320,184
5,73,1363788407235,73,1363788407339,104,280,248,144
5,83,1363788407483,83,1363788407627,144,248,288,144
5,72,1363788407563,72,1363788407683,120,80,56,-64
5,78,1363788408531,78,1363788408642,111,968,959,848
5,69,1363788408675,69,1363788408795,120,144,153,33
5,83,1363788408890,83,1363788408946,56,215,151,95
5,83,1363788409027,83,1363788409114,87,137,168,81
5,188,1363788409243,188,1363788409378,135,216,264,129
5,32,1363788409371,32,1363788409506,135,128,128,-7
5,73,1363788409538,73,1363788409651,113,167,145,32
5,84,1363788409651,84,1363788409778,127,113,127,0
5,32,1363788409803,32,1363788409939,136,152,161,25
5,87,1363788409939,87,1363788410090,151,136,151,0
5,65,1363788410091,65,1363788410203,112,152,113,1
5,83,1363788410251,83,1363788410402,151,160,199,48
5,32,1363788410356,32,1363788410474,118,105,72,-46
5,84,1363788410506,84,1363788410635,129,150,161,32
5,72,1363788410610,72,1363788410730,120,104,95,-25
5,69,1363788410667,69,1363788410787,120,57,57,-63
5,32,1363788410787,32,1363788410890,103,120,103,0
5,69,1363788411210,69,1363788411354,144,423,464,320
5,80,1363788411434,80,1363788411514,80,224,160,80
5,79,1363788411627,79,1363788411675,48,193,161,113
5,67,1363788411731,67,1363788411835,104,104,160,56
5,72,1363788411836,72,1363788411923,87,105,88,1
5,32,1363788411964,32,1363788412099,135,128,176,41
5,79,1363788412100,79,1363788412179,79,136,80,1
5,70,1363788412180,70,1363788412307,127,80,128,1
5,32,1363788412275,32,1363788412419,144,95,112,-32
5,66,1363788412747,66,1363788412891,144,472,472,328
5,69,1363788412955,69,1363788413091,136,208,200,64
5,76,1363788413195,76,1363788413299,104,240,208,104
5,73,1363788413397,73,1363788413483,86,202,184,98
5,69,1363788414211,69,1363788414339,128,814,856,728
5,70,1363788414563,70,1363788414667,104,352,328,224
5,188,1363788414827,188,1363788414955,128,264,288,160
5,32,1363788415179,32,1363788415323,144,352,368,224
5,73,1363788415443,73,1363788415563,120,264,240,120
5,84,1363788415531,84,1363788415659,128,88,96,-32
5,69,1363788415659,69,1363788415779,120,128,120,0
5,32,1363788415803,32,1363788415939,136,144,160,24
5,8,1363788416627,8,1363788416691,64,824,752,688
5,8,1363788416779,8,1363788416835,56,152,144,88
5,32,1363788417107,32,1363788417251,144,328,416,272
5,87,1363788417299,87,1363788417427,128,192,176,48
5,65,1363788417411,65,1363788417579,168,112,152,-16
5,83,1363788417563,83,1363788417739,176,152,160,-16
5,32,1363788417739,32,1363788417859,120,176,120,0
5,84,1363788417915,84,1363788418043,128,176,184,56
5,72,1363788418044,72,1363788418163,119,129,120,1
5,69,1363788418083,69,1363788418219,136,39,56,-80
5,32,1363788418211,32,1363788418347,136,128,128,-8
5,69,1363788418955,69,1363788419099,144,744,752,608
5,80,1363788419179,80,1363788419267,88,224,168,80
5,79,1363788419371,79,1363788419435,64,192,168,104
5,67,1363788419507,67,1363788419635,128,136,200,72
5,72,1363788419787,72,1363788419923,136,280,288,152
5,32,1363788419923,32,1363788420075,152,136,152,0
5,79,1363788420051,79,1363788420139,88,128,64,-24
5,70,1363788420187,70,1363788420315,128,136,176,48
5,32,1363788421251,32,1363788421403,152,1064,1088,936
5,73,1363788422083,73,1363788422235,152,832,832,680
5,78,1363788422235,78,1363788422315,80,152,80,0
5,67,1363788422403,67,1363788422507,104,168,192,88
5,82,1363788422643,82,1363788422795,152,240,288,136
5,69,1363788422747,69,1363788422891,144,104,96,-48
5,68,1363788423043,68,1363788423195,152,296,304,152
5,85,1363788423171,85,1363788423251,80,128,56,-24
5,76,1363788423379,76,1363788423475,96,208,224,128
5,73,1363788423547,73,1363788423651,104,168,176,72
5,84,1363788423691,84,1363788423803,112,144,152,40
5,89,1363788423771,89,1363788423875,104,80,72,-32
5,188,1363788424067,188,1363788424147,80,296,272,192
5,32,1363788424187,32,1363788424331,144,120,184,40
5,73,1363788424339,73,1363788424435,96,152,104,8
5,84,1363788424467,84,1363788424595,128,128,160,32
5,32,1363788424651,32,1363788424803,152,184,208,56
5,87,1363788424835,87,1363788425003,168,184,200,32
5,65,1363788425003,65,1363788425155,152,168,152,0
5,83,1363788425156,83,1363788425314,158,153,159,1
5,32,1363788425275,32,1363788425387,112,119,73,-39
5,84,1363788425419,84,1363788425538,119,144,151,32
5,72,1363788425490,72,1363788425620,130,71,82,-48
5,69,1363788425603,69,1363788425763,160,113,143,-17
5,32,1363788426059,32,1363788426211,152,456,448,296
5,83,1363788426395,83,1363788426554,159,336,343,184
5,69,1363788426690,69,1363788426858,168,295,304,136
5,65,1363788426882,65,1363788427011,129,192,153,24
5,83,1363788427091,83,1363788427234,143,209,223,80
5,79,1363788427194,79,1363788427298,104,103,64,-40
5,78,1363788427322,78,1363788427442,120,128,144,24
5,32,1363788427410,32,1363788427563,153,88,121,-32
5,79,1363788427563,79,1363788427642,79,153,79,0
5,70,1363788427666,70,1363788427794,128,103,152,24
5,32,1363788427762,32,1363788427874,112,96,80,-32
5,76,1363788427875,76,1363788427986,111,113,112,1
5,73,1363788428050,73,1363788428138,88,175,152,64
5,71,1363788428203,71,1363788428266,63,153,128,65
5,72,1363788428267,72,1363788428378,111,64,112,1
5,84,1363788428426,84,1363788428546,120,159,168,48
5,188,1363788428594,188,1363788428690,96,168,144,48
5,32,1363788428691,32,1363788428818,127,97,128,1
5,73,1363788428858,73,1363788428955,97,167,137,40
5,84,1363788428955,84,1363788429099,144,97,144,0
5,32,1363788429115,32,1363788429251,136,160,152,16
5,87,1363788429283,87,1363788429467,184,168,216,32
5,65,1363788429468,65,1363788429619,151,185,152,1
5,83,1363788429620,83,1363788429779,159,152,160,1
5,32,1363788429731,32,1363788429867,136,111,88,-48
5,84,1363788429915,84,1363788430003,88,184,136,48
5,72,1363788429980,72,1363788430099,119,65,96,-23
5,32,1363788430147,32,1363788430275,128,167,176,48
5,8,1363788430971,8,1363788431035,64,824,760,696
5,69,1363788431323,69,1363788431467,144,352,432,288
5,32,1363788431467,32,1363788431603,136,144,136,0
5,83,1363788431899,83,1363788432027,128,432,424,296
5,69,1363788432083,69,1363788432227,144,184,200,56
5,65,1363788432227,65,1363788432363,136,144,136,0
5,83,1363788432499,83,1363788432643,144,272,280,136
5,79,1363788432619,79,1363788432747,128,120,104,-24
5,78,1363788432763,78,1363788432859,96,144,112,16
5,32,1363788432811,32,1363788432955,144,48,96,-48
5,79,1363788433003,79,1363788433091,88,192,136,48
5,70,1363788433067,70,1363788433219,152,64,128,-24
5,32,1363788433195,32,1363788433347,152,128,128,-24
5,68,1363788434355,68,1363788434531,176,1160,1184,1008
5,65,1363788434563,65,1363788434723,160,208,192,32
5,82,1363788434811,82,1363788434931,120,248,208,88
5,75,1363788435043,75,1363788435171,128,232,240,112
5,78,1363788435308,78,1363788435427,119,265,256,137
5,69,1363788435451,69,1363788435547,96,143,120,24
5,83,1363788435659,83,1363788435715,56,208,168,112
5,83,1363788435795,83,1363788435883,88,136,168,80
5,188,1363788435931,188,1363788436043,112,136,160,48
5,32,1363788436075,32,1363788436235,160,144,192,32
5,73,1363788436235,73,1363788436355,120,160,120,0
5,84,1363788436379,84,1363788436499,120,144,144,24
5,32,1363788436547,32,1363788436699,152,168,200,48
5,87,1363788436715,87,1363788436883,168,168,184,16
5,65,1363788436883,65,1363788437027,144,168,144,0
5,83,1363788437075,83,1363788437219,144,192,192,48
5,32,1363788437220,32,1363788437371,151,145,152,1
5,84,1363788438835,84,1363788438971,136,1615,1600,1464
5,72,1363788438971,72,1363788439091,120,136,120,0
5,69,1363788439003,69,1363788439115,112,32,24,-88
5,32,1363788439171,32,1363788439307,136,168,192,56
5,83,1363788439483,83,1363788439539,56,312,232,176
5,80,1363788441243,80,1363788441379,136,1760,1840,1704
5,82,1363788441427,82,1363788441547,120,184,168,48
5,73,1363788441499,73,1363788441667,168,72,120,-48
5,78,1363788441643,78,1363788441787,144,144,120,-24
5,71,1363788441787,71,1363788441907,120,144,120,0
5,32,1363788441907,32,1363788442051,144,120,144,0
5,79,1363788442107,79,1363788442187,80,200,136,56
5,70,1363788442203,70,1363788442267,64,96,80,16
5,32,1363788442243,32,1363788442379,136,40,112,-24
5,72,1363788442683,72,1363788442819,136,440,440,304
5,79,1363788442891,79,1363788442995,104,208,176,72
5,80,1363788443123,80,1363788443203,80,232,208,128
5,69,1363788443819,69,1363788443947,128,696,744,616
5,188,1363788444530,188,1363788444610,80,711,663,583
5,83,1363961918168,83,1363961918360,192,144,224,32
5,32,1363961918376,32,1363961918424,48,208,64,16
5,65,1363961918512,65,1363961918672,160,136,248,88
5,65,1363961918712,65,1363961918792,80,200,120,40
5,32,1363961918768,32,1363961918896,128,56,104,-24
5,67,1363961919200,67,1363961919376,176,432,480,304
5,65,1363961919376,65,1363961919528,152,176,152,0
5,82,1363961919648,82,1363961919792,144,272,264,120
5,68,1363961919912,68,1363961920024,112,264,232,120
5,189,1363961920648,189,1363961920720,72,736,696,624
5,67,1363961921200,67,1363961921359,159,552,639,480
5,65,1363961921336,65,1363961921504,168,136,145,-23
5,82,1363961921663,82,1363961921743,80,327,239,159
5,82,1363961921816,82,1363961921912,96,153,169,73
5,89,1363961922120,89,1363961922224,104,304,312,208
5,73,1363961922319,73,1363961922464,145,199,240,95
5,78,1363961922464,78,1363961922567,103,145,103,0
5,71,1363961922568,71,1363961922663,95,104,96,1
5,32,1363961922664,32,1363961922784,120,96,121,1
5,77,1363961922887,77,1363961923008,121,223,224,103
5,69,1363961923008,69,1363961923119,111,121,111,0
5,78,1363961923120,78,1363961923175,55,112,56,1
5,8,1363961923824,8,1363961923871,47,704,696,649
5,77,1363961924063,77,1363961924135,72,239,264,192
5,66,1363961924551,66,1363961924695,144,488,560,416
5,69,1363961924775,69,1363961924943,168,224,248,80
5,82,1363961924895,82,1363961925055,160,120,112,-48
5,32,1363961925111,32,1363961925223,112,216,168,56
5,79,1363961925295,79,1363961925400,105,184,177,72
5,70,1363961925367,70,1363961925503,136,72,103,-33
5,32,1363961925471,32,1363961925575,104,104,72,-32
5,84,1363961925639,84,1363961925784,145,168,209,64
5,72,1363961925696,72,1363961925816,120,57,32,-88
5,69,1363961925784,69,1363961925935,151,88,119,-32
5,32,1363961925920,32,1363961926023,103,136,88,-15
5,71,1363961926239,71,1363961926375,136,319,352,216
5,79,1363961926375,79,1363961926455,80,136,80,0
5,70,1363961926575,70,1363961926695,120,200,240,120
5,8,1363961927591,8,1363961927671,80,1016,976,896
5,32,1363961927823,32,1363961927967,144,232,296,152
5,70,1363961928039,70,1363961928135,96,216,168,72
5,79,1363961928183,79,1363961928303,120,144,168,48
5,82,1363961928271,82,1363961928399,128,88,96,-32
5,32,1363961928439,32,1363961928559,120,168,160,40
5,87,1363961928791,87,1363961928951,160,352,392,232
5,65,1363961928935,65,1363961929063,128,144,112,-16
5,72,1363961929015,72,1363961929143,128,80,80,-48
5,84,1363961929167,84,1363961929327,160,152,184,24
5,32,1363961929351,32,1363961929439,88,184,112,24
5,89,1363961929591,89,1363961929695,104,240,256,152
5,79,1363961929695,79,1363961929832,137,104,137,0
5,85,1363961929799,85,1363961929935,136,104,103,-33
5,32,1363961929911,32,1363961930015,104,112,80,-24
5,75,1363961930416,75,1363961930551,135,505,536,401
5,78,1363961930671,78,1363961930807,136,255,256,120
5,79,1363961930871,79,1363961930951,80,200,144,64
5,87,1363961930999,87,1363961931135,136,128,184,48
5,32,1363961931153,32,1363961931303,150,154,168,18
5,82,1363961931448,82,1363961931647,199,295,344,145
5,69,1363961931575,69,1363961931767,192,127,120,-72
5,71,1363961931991,71,1363961932119,128,416,352,224
5,72,1363961932095,72,1363961932239,144,104,120,-24
5,84,1363961932240,84,1363961932383,143,145,144,1
5,32,1363961932447,32,1363961932551,104,207,168,64
5,78,1363961932615,78,1363961932759,144,168,208,64
5,79,1363961932759,79,1363961932863,104,144,104,0
5,87,1363961932927,87,1363961933047,120,168,184,64
5,32,1363961933183,32,1363961933343,160,256,296,136
5,67,1363961933959,67,1363961934079,120,776,736,616
5,76,1363961934103,76,1363961934215,112,144,136,24
5,85,1363961934295,85,1363961934383,88,192,168,80
5,66,1363961934663,66,1363961934815,152,368,432,280
5,188,1363961935055,188,1363961935159,104,392,344,240
5,32,1363961935175,32,1363961935319,144,120,160,16
5,73,1363961935319,73,1363961935464,145,144,145,0
5,84,1363961935407,84,1363961935568,161,88,104,-57
5,32,1363961935536,32,1363961935640,104,129,72,-32
5,80,1363961935816,80,1363961935912,96,280,272,176
5,65,1363961936728,65,1363961936872,144,912,960,816
5,73,1363961936808,73,1363961936936,128,80,64,-64
5,78,1363961936952,78,1363961937088,136,144,152,16
5,83,1363961937208,83,1363961937384,176,256,296,120
5,32,1363961937384,32,1363961937536,152,176,152,0
5,77,1363961937560,77,1363961937672,112,176,136,24
5,69,1363961937640,69,1363961937784,144,80,112,-32
5,32,1363961937760,32,1363961937824,64,120,40,-24
5,84,1363961937896,84,1363961938040,144,136,216,72
5,79,1363961938040,79,1363961938168,128,144,128,0
5,32,1363961938168,32,1363961938280,112,128,112,0
5,69,1363961938560,69,1363961938711,151,392,431,280
5,86,1363961938760,86,1363961938927,167,200,216,49
5,69,1363961938872,69,1363961939048,176,112,121,-55
5,78,1363961939064,78,1363961939200,136,192,152,16
5,84,1363961939200,84,1363961939287,87,136,87,0
5,32,1363961939311,32,1363961939407,96,111,120,24
5,84,1363961939912,84,1363961940064,152,601,657,505
5,72,1363961940064,72,1363961940192,128,152,128,0
5,73,1363961940192,73,1363961940336,144,128,144,0
5,78,1363961940336,78,1363961940479,143,144,143,0
5,68,1363961940511,68,1363961940655,144,175,176,32
5,8,1363961941000,8,1363961941063,63,489,408,345
5,8,1363961941151,8,1363961941207,56,151,144,88
5,8,1363961941282,8,1363961941343,61,131,136,75
5,8,1363961941407,8,1363961941479,72,125,136,64
5,8,1363961941535,8,1363961941607,72,128,128,56
5,8,1363961941679,8,1363961941743,64,144,136,72
5,8,1363961941816,8,1363961941935,119,137,192,73
5,32,1363961942263,32,1363961942407,144,447,472,328
5,84,1363961942559,84,1363961942695,136,296,288,152
5,72,1363961942631,72,1363961942759,128,72,64,-64
5,73,1363961942759,73,1363961942919,160,128,160,0
5,78,1363961942903,78,1363961943039,136,144,120,-16
5,75,1363961943587,75,1363961943743,156,684,704,548
5,32,1363961943744,32,1363961943919,175,157,176,1
5,65,1363961944135,65,1363961944247,112,391,328,216
5,66,1363961944335,66,1363961944455,120,200,208,88
5,79,1363961944423,79,1363961944535,112,88,80,-32
5,85,1363961944519,85,1363961944647,128,96,112,-16
5,84,1363961944623,84,1363961944719,96,104,72,-24
5,32,1363961944719,32,1363961944847,128,96,128,0
5,87,1363961944879,87,1363961945023,144,160,176,32
5,72,1363961945023,72,1363961945135,112,144,112,0
5,65,1363961945047,65,1363961945199,152,24,64,-88
5,84,1363961945191,84,1363961945327,136,144,128,-8
5,32,1363961945327,32,1363961945447,120,136,120,0
5,73,1363961945783,73,1363961945919,136,456,472,336
5,186,1363961946919,186,1363961947119,200,1136,1200,1000
5,186,1363961947183,186,1363961947215,32,264,96,64
5,77,1363961947184,77,1363961947295,111,1,80,-31
5,32,1363961947415,32,1363961947583,168,231,288,120
5,65,1363961947679,65,1363961947816,137,264,233,96
5,66,1363961947935,66,1363961948087,152,256,271,119
5,79,1363961948055,79,1363961948151,96,120,64,-32
5,85,1363961948151,85,1363961948271,120,96,120,0
5,84,1363961948256,84,1363961948343,87,105,72,-15
5,32,1363961948959,32,1363961949055,96,703,712,616
5,84,1363961949375,84,1363961949519,144,416,464,320
5,79,1363961949479,79,1363961949599,120,104,80,-40
5,32,1363961949599,32,1363961949711,112,120,112,0
5,83,1363961949823,83,1363961949959,136,224,248,112
5,85,1363961949959,85,1363961950071,112,136,112,0
5,71,1363961950127,71,1363961950191,64,168,120,56
5,71,1363961950279,71,1363961950391,112,152,200,88
5,69,1363961950431,69,1363961950559,128,152,168,40
5,83,1363961950639,83,1363961950767,128,208,208,80
5,84,1363961950847,84,1363961950959,112,208,192,80
5,190,1363961951159,190,1363961951239,80,312,280,200
5,13,1363961951767,13,1363961951831,64,608,592,528
5,13,1363961951919,13,1363961951991,72,152,160,88
5,66,1363961952279,66,1363961952407,128,360,416,288
5,85,1363961952439,85,1363961952575,136,160,168,32
5,84,1363961952711,84,1363961952831,120,272,256,136
5,32,1363961952887,32,1363961953007,120,176,176,56
5,65,1363961953088,65,1363961953232,144,201,225,81
5,70,1363961953392,70,1363961953512,120,304,280,160
5,84,1363961953976,84,1363961954104,128,584,592,464
5,69,1363961954136,69,1363961954280,144,160,176,32
5,82,1363961954240,82,1363961954432,192,104,152,-40
5,32,1363961954480,32,1363961954632,152,240,200,48
5,87,1363961954816,87,1363961954960,144,336,328,184
5,65,1363961954960,65,1363961955112,152,144,152,0
5,84,1363961955152,84,1363961955256,104,192,144,40
5,67,1363961955416,67,1363961955560,144,264,304,160
5,72,1363961955528,72,1363961955624,96,112,64,-32
5,73,1363961955664,73,1363961955800,136,136,176,40
5,78,1363961955800,78,1363961955887,87,136,87,0
5,71,1363961955856,71,1363961955968,112,56,81,-31
5,84,1363961956072,84,1363961956224,152,216,256,104
5,72,1363961956160,72,1363961956280,120,88,56,-64
5,69,1363961956280,69,1363961956391,111,120,111,0
5,32,1363961956415,32,1363961956520,105,135,129,24
5,77,1363961956655,77,1363961956783,128,240,263,135
5,73,1363961956903,73,1363961956999,96,248,216,120
5,65,1363961957079,65,1363961957207,128,176,208,80
5,77,1363961957351,77,1363961957455,104,272,248,144
5,73,1363961957503,73,1363961957607,104,152,152,48
5,32,1363961957767,32,1363961957895,128,264,288,160
5,72,1363961957920,72,1363961958055,135,153,160,25
5,69,1363961958079,69,1363961958287,208,159,232,24
5,65,1363961958287,65,1363961958438,151,208,151,0
5,84,1363961959406,84,1363961959486,80,1119,1048,968
5,186,1363961959686,186,1363961959856,170,280,370,200
5,83,1363961959966,83,1363961960142,176,280,286,110
5,32,1363961960166,32,1363961960326,160,200,184,24
5,76,1363961960551,76,1363961960638,87,385,312,225
5,65,1363961960838,65,1363961960974,136,287,336,200
5,84,1363961961455,84,1363961961599,144,617,625,481
5,69,1363961961630,69,1363961961743,113,175,144,31
5,83,1363961961894,83,1363961962030,136,264,287,151
5,84,1363961962174,84,1363961962246,72,280,216,144
5,32,1363961962744,32,1363961962894,150,570,648,498
5,67,1363961963062,67,1363961963198,136,318,304,168
5,79,1363961963198,79,1363961963310,112,136,112,0
5,77,1363961963374,77,1363961963494,120,176,184,64
5,69,1363961963902,69,1363961964038,136,528,544,408
5,66,1363961964206,66,1363961964334,128,304,296,168
5,65,1363961964358,65,1363961964454,96,152,120,24
5,67,1363961964550,67,1363961964694,144,192,240,96
5,75,1363961964694,75,1363961964822,128,144,128,0
5,32,1363961964822,32,1363961964998,176,128,176,0
5,79,1363961965022,79,1363961965126,104,200,128,24
5,8,1363961965510,8,1363961965574,64,488,448,384
5,69,1363961965638,69,1363961965766,128,128,192,64
5,70,1363961965862,70,1363961965902,40,224,136,96
5,70,1363961966006,70,1363961966070,64,144,168,104
5,79,1363961966142,79,1363961966222,80,136,152,72
5,82,1363961966310,82,1363961966414,104,168,192,88
5,84,1363961966518,84,1363961966646,128,208,232,104
5,32,1363961966710,32,1363961966806,96,192,160,64
5,84,1363961966838,84,1363961966958,120,128,152,32
5,79,1363961966942,79,1363961967046,104,104,88,-16
5,32,1363961967046,32,1363961967150,104,104,104,0
5,75,1363961967198,75,1363961967310,112,152,160,48
5,69,1363961967334,69,1363961967438,104,136,128,24
5,69,1363961967534,69,1363961967622,88,200,184,96
5,80,1363961967774,80,1363961967870,96,240,248,152
5,32,1363961967902,32,1363961968030,128,128,160,32
5,84,1363961968086,84,1363961968214,128,184,184,56
5,72,1363961968214,72,1363961968334,120,128,120,0
5,69,1363961968566,69,1363961968702,136,352,368,232
5,73,1363961968702,73,1363961968830,128,136,128,0
5,82,1363961968854,82,1363961968974,120,152,144,24
5,32,1363961969006,32,1363961969134,128,152,160,32
5,87,1363961969246,87,1363961969382,136,240,248,112
5,73,1363961969334,73,1363961969455,121,88,73,-48
5,78,1363961969455,78,1363961969584,129,121,129,0
5,32,1363961969584,32,1363961969734,150,129,150,0
5,83,1363961970086,83,1363961970214,128,502,480,352
5,84,1363961970302,84,1363961970390,88,216,176,88
5,82,1363961970495,82,1363961970655,160,193,265,105
5,69,1363961970687,69,1363961970839,152,192,184,32
5,65,1363961970887,65,1363961971063,176,200,224,48
5,75,1363961971135,75,1363961971271,136,248,208,72
5,32,1363961971847,32,1363961971975,128,712,704,576
5,37,1363961974679,37,1363961974766,87,2832,2791,2704
5,50,1363961975919,50,1363961976054,135,1240,1288,1153
5,52,1363961976198,52,1363961976302,104,279,248,144
5,32,1363961976542,32,1363961976678,136,344,376,240
5,71,1363961977062,71,1363961977281,219,520,603,384
5,69,1363961977230,69,1363961977390,160,168,109,-51
5,8,1363961977847,8,1363961977918,71,617,528,457
5,65,1363961977966,65,1363961978094,128,119,176,48
5,77,1363961978255,77,1363961978374,119,289,280,161
5,69,1363961978350,69,1363961978438,88,95,64,-24
5,83,1363961978542,83,1363961978687,145,192,249,104
5,32,1363961978662,32,1363961978792,130,120,105,-25
5,65,1363961978814,65,1363961978950,136,152,158,22
5,78,1363961978950,78,1363961979078,128,136,128,0
5,68,1363961979023,68,1363961979182,159,73,104,-55
5,32,1363961979126,32,1363961979246,120,103,64,-56
5,67,1363961979326,67,1363961979470,144,200,224,80
5,79,1363961979430,79,1363961979534,104,104,64,-40
5,85,1363961979534,85,1363961979646,112,104,112,0
5,78,1363961979822,78,1363961979982,160,288,336,176
5,84,1363961980014,84,1363961980102,88,192,120,32
5,73,1363961980118,73,1363961980222,104,104,120,16
5,78,1363961980206,78,1363961980326,120,88,104,-16
5,71,1363961980294,71,1363961980374,80,88,48,-32
5,77,1364393497355,77,1364393497483,128,520,496,368
5,17,1364393497507,17,1364393497611,104,152,128,24
5,17,1364393497859,17,1364393497979,120,352,368,248
5,83,1364393498123,83,1364393498259,136,264,280,144
5,85,1364393498315,85,1364393498411,96,192,152,56
5,17,1364393498467,17,1364393498579,112,152,168,56
5,32,1364393498675,32,1364393498779,104,208,200,96
5,69,1364393498883,69,1364393499035,152,208,256,104
5,78,1364393499203,78,1364393499339,136,320,304,168
5,67,1364393499379,67,1364393499499,120,176,160,40
5,79,1364393499547,79,1364393499667,120,168,168,48
5,85,1364393500051,85,1364393500179,128,504,512,384
5,82,1364393500275,82,1364393500419,144,224,240,96
5,65,1364393500443,65,1364393500579,136,168,160,24
5,71,1364393500691,71,1364393500851,160,248,272,112
5,69,1364393500811,69,1364393500939,128,120,88,-40
5,83,1364393501035,83,1364393501211,176,224,272,96
5,32,1364393501179,32,1364393501339,160,144,128,-32
5,83,1364393501571,83,1364393501707,136,392,368,232
5,84,1364393501923,84,1364393502035,112,352,328,216
5,85,1364393502115,85,1364393502219,104,192,184,80
5,68,1364393502419,68,1364393502507,88,304,288,200
5,69,1364393502587,69,1364393502715,128,168,208,80
5,78,1364393502715,78,1364393502835,120,128,120,0
5,84,1364393502803,84,1364393502899,96,88,64,-32
5,83,1364393502971,83,1364393503091,120,168,192,72
5,32,1364393503091,32,1364393503219,128,120,128,0
5,84,1364393503307,84,1364393503443,136,216,224,88
5,79,1364393503443,79,1364393503530,87,136,87,0
5,32,1364393503515,32,1364393503643,128,72,113,-15
5,84,1364393503867,84,1364393504019,152,352,376,224
5,65,1364393504019,65,1364393504147,128,152,128,0
5,75,1364393504147,75,1364393504243,96,128,96,0
5,69,1364393504243,69,1364393504394,151,96,151,0
5,32,1364393504363,32,1364393504483,120,120,89,-31
5,72,1364393504603,72,1364393504731,128,240,248,120
5,79,1364393504826,79,1364393504922,96,223,191,95
5,78,1364393505050,78,1364393505146,96,224,224,128
5,79,1364393505179,79,1364393505266,87,129,120,33
5,82,1364393505370,82,1364393505490,120,191,224,104
5,83,1364393505586,83,1364393505674,88,216,184,96
5,190,1364393506290,190,1364393506378,88,704,704,616
5,32,1364393506410,32,1364393506562,152,120,184,32
5,17,1364393506594,17,1364393506706,112,184,144,32
5,17,1364393506802,17,1364393506890,88,208,184,96
5,65,1364393507282,65,1364393507378,96,480,488,392
5,17,1364393507547,17,1364393507682,135,265,304,169
5,8,1364393508083,8,1364393508155,72,536,473,401
5,17,1364393508259,17,1364393508355,96,176,200,104
5,65,1364393508467,65,1364393508579,112,208,224,112
5,17,1364393508683,17,1364393508803,120,216,224,104
5,8,1364393509475,8,1364393509547,72,792,744,672
5,65,1364393510059,65,1364393510123,64,584,576,512
5,17,1364393510251,17,1364393510363,112,192,240,128
5,8,1364393511003,8,1364393511091,88,752,728,640
5,65,1364393511323,65,1364393511475,152,320,384,232
5,8,1364393512035,8,1364393512123,88,712,648,560
5,65,1364393512555,65,1364393512691,136,520,568,432
5,68,1364393512843,68,1364393512995,152,288,304,152
5,86,1364393513931,86,1364393514123,192,1088,1128,936
5,65,1364393514155,65,1364393514315,160,224,192,32
5,78,1364393514363,78,1364393514451,88,208,136,48
5,67,1364393514467,67,1364393514619,152,104,168,16
5,69,1364393514603,69,1364393514707,104,136,88,-16
5,68,1364393514812,68,1364393514963,151,209,256,105
5,32,1364393514964,32,1364393515059,95,152,96,1
5,76,1364393515475,76,1364393515555,80,511,496,416
5,65,1364393515635,65,1364393515699,64,160,144,80
5,67,1364393515739,67,1364393515859,120,104,160,40
5,69,1364393515891,69,1364393516003,112,152,144,32
5,77,1364393516051,77,1364393516147,96,160,144,48
5,69,1364393516147,69,1364393516259,112,96,112,0
5,78,1364393516275,78,1364393516371,96,128,112,16
5,84,1364393516339,84,1364393516443,104,64,72,-32
5,32,1364393516491,32,1364393516603,112,152,160,48
5,65,1364393516643,65,1364393516763,120,152,160,40
5,78,1364393516755,78,1364393516867,112,112,104,-8
5,68,1364393517091,68,1364393517259,168,336,392,224
5,32,1364393517251,32,1364393517403,152,160,144,-8
5,73,1364393517507,73,1364393517635,128,256,232,104
5,78,1364393517635,78,1364393517747,112,128,112,0
5,84,1364393517787,84,1364393517875,88,152,128,40
5,69,1364393517923,69,1364393518059,136,136,184,48
5,82,1364393518019,82,1364393518171,152,96,112,-40
5,78,1364393518299,78,1364393518427,128,280,256,128
5,65,1364393518467,65,1364393518603,136,168,176,40
5,84,1364393518715,84,1364393518827,112,248,224,112
5,73,1364393518827,73,1364393519019,192,112,192,0
5,79,1364393518995,79,1364393519123,128,168,104,-24
5,78,1364393519163,78,1364393519315,152,168,192,40
5,65,1364393519347,65,1364393519483,136,184,168,32
5,76,1364393519475,76,1364393519547,72,128,64,-8
5,32,1364393519611,32,1364393519779,168,136,232,64
5,66,1364393520027,66,1364393520171,144,416,392,248
5,65,1364393520147,65,1364393520283,136,120,112,-24
5,67,1364393520551,67,1364393520635,84,404,352,268
5,67,1364393520715,67,1364393520827,112,164,192,80
5,65,1364393521155,65,1364393521275,120,440,448,328
5,76,1364393521587,76,1364393521651,64,432,376,312
5,65,1364393522251,65,1364393522363,112,664,712,600
5,85,1364393522450,85,1364393522570,120,199,207,87
5,82,1364393522787,82,1364393522994,207,337,424,217
5,69,1364393522938,69,1364393523130,192,151,136,-56
5,65,1364393523259,65,1364393523403,144,321,273,129
5,84,1364393523514,84,1364393523618,104,255,215,111
5,69,1364393523602,69,1364393523730,128,88,112,-16
5,32,1364393523794,32,1364393523923,129,192,193,64
5,67,1364393524074,67,1364393524226,152,280,303,151
5,79,1364393524227,79,1364393524338,111,153,112,1
5,85,1364393524363,85,1364393524483,120,136,145,25
5,82,1364393524586,82,1364393524723,137,223,240,103
5,69,1364393524802,69,1364393524930,128,216,207,79
5,83,1364393525138,83,1364393525275,137,336,345,208
5,32,1364393525836,32,1364393525947,111,698,672,561
5,87,1364393526052,87,1364393526187,135,216,240,105
5,72,1364393526211,72,1364393526324,113,159,137,24
5,69,1364393526371,69,1364393526499,128,160,175,47
5,32,1364393526555,32,1364393526691,136,184,192,56
5,78,1364393526667,78,1364393526827,160,112,136,-24
5,80,1364393527035,80,1364393527123,88,368,296,208
5,79,1364393527235,79,1364393527324,89,200,201,112
5,83,1364393527460,83,1364393527515,55,225,191,136
5,83,1364393527579,83,1364393527675,96,119,160,64
5,73,1364393527699,73,1364393527771,72,120,96,24
5,66,1364393528187,66,1364393528339,152,488,568,416
5,8,1364393529027,8,1364393529731,704,840,1392,688
5,8,1364393529527,8,1364393529979,452,500,248,-204
5,69,1364393530553,69,1364393530683,130,1026,704,574
5,78,1364393530659,78,1364393530763,104,106,80,-24
5,32,1364393530811,32,1364393530947,136,152,184,48
5,80,1364393531059,80,1364393531131,72,248,184,112
5,79,1364393531267,79,1364393531363,96,208,232,136
5,83,1364393531475,83,1364393531539,64,208,176,112
5,83,1364393531595,83,1364393531691,96,120,152,56
5,73,1364393531755,73,1364393531843,88,160,152,64
5,66,1364393531915,66,1364393531987,72,160,144,72
5,76,1364393532027,76,1364393532099,72,112,112,40
5,69,1364393532235,69,1364393532339,104,208,240,136
5,32,1364393532987,32,1364393533107,120,752,768,648
5,8,1364393533723,8,1364393533787,64,736,680,616
5,190,1364393534251,190,1364393534323,72,528,536,464
5,32,1364393534363,32,1364393534507,144,112,184,40
5,73,1364393534507,73,1364393534595,88,144,88,0
5,84,1364393534659,84,1364393534787,128,152,192,64
5,32,1364393534947,32,1364393535075,128,288,288,160
5,73,1364393535139,73,1364393535251,112,192,176,64
5,83,1364393535251,83,1364393535379,128,112,128,0
5,32,1364393535355,32,1364393535483,128,104,104,-24
5,80,1364393535883,80,1364393535947,64,528,464,400
5,82,1364393536075,82,1364393536243,168,192,296,128
5,69,1364393536187,69,1364393536315,128,112,72,-56
5,70,1364393536483,70,1364393536635,152,296,320,168
5,69,1364393536723,69,1364393536867,144,240,232,88
5,82,1364393537019,82,1364393537163,144,296,296,152
5,65,1364393537203,65,1364393537323,120,184,160,40
5,66,1364393537523,66,1364393537643,120,320,320,200
5,76,1364393537731,76,1364393537811,80,208,168,88
5,69,1364393537843,69,1364393537979,136,112,168,32
5,32,1364393537947,32,1364393538067,120,104,88,-32
5,70,1364393538131,70,1364393538243,112,184,176,64
5,79,1364393538259,79,1364393538347,88,128,104,16
5,82,1364393538347,82,1364393538475,128,88,128,0
5,32,1364393538475,32,1364393538595,120,128,120,0
5,83,1364393538651,83,1364393538779,128,176,184,56
5,85,1364393538819,85,1364393538899,80,168,120,40
5,8,1364393539339,8,1364393539403,64,520,504,440
5,84,1364393539459,84,1364393539578,119,120,175,56
5,85,1364393539594,85,1364393539674,80,135,96,16
5,69,1364393539739,69,1364393539867,128,145,193,65
5,78,1364393539867,78,1364393539946,79,128,79,0
5,84,1364393540027,84,1364393540123,96,160,177,81
5,68,1364393540371,68,1364393540458,87,344,335,248
5,83,1364393541426,83,1364393541578,152,1055,1120,968
5,8,1364393541866,8,1364393541930,64,440,352,288
5,8,1364393542010,8,1364393542082,72,144,152,80
5,83,1364393542626,83,1364393542747,121,616,665,544
5,8,1364393543147,8,1364393543211,64,521,464,400
5,8,1364393543299,8,1364393543355,56,152,144,88
5,8,1364393543427,8,1364393543483,56,128,128,72
5,8,1364393543563,8,1364393543603,40,136,120,80
5,68,1364393543947,68,1364393544052,105,384,449,344
5,69,1364393544131,69,1364393544243,112,184,191,79
5,78,1364393544244,78,1364393544363,119,113,120,1
5,84,1364393544331,84,1364393544435,104,87,72,-32
5,83,1364393544579,83,1364393544723,144,248,288,144
5,32,1364393545083,32,1364393545203,120,504,480,360
5,84,1364393545291,84,1364393545435,144,208,232,88
5,79,1364393545411,79,1364393545492,81,120,57,-24
5,32,1364393545531,32,1364393545659,128,120,167,39
5,70,1364393546245,70,1364393546355,110,714,696,586
5,73,1364393546403,73,1364393546475,72,158,120,48
5,76,1364393546643,76,1364393546693,50,240,218,168
5,76,1364393546795,76,1364393546851,56,152,158,102
5,32,1364393546915,32,1364393547011,96,120,160,64
5,67,1364393547123,67,1364393547219,96,208,208,112
5,79,1364393547163,79,1364393547251,88,40,32,-56
5,85,1364393547275,85,1364393547339,64,112,88,24
5,82,1364393547443,82,1364393547555,112,168,216,104
5,83,1364393547964,83,1364393548107,143,521,552,409
5,32,1364393548155,32,1364393548283,128,191,176,48
5,83,1364393548571,83,1364393548707,136,416,424,288
5,67,1364393548803,67,1364393548979,176,232,272,96
5,72,1364393548939,72,1364393549059,120,136,80,-40
5,69,1364393549091,69,1364393549203,112,152,144,32
5,68,1364393549347,68,1364393549483,136,256,280,144
5,85,1364393549484,85,1364393549555,71,137,72,1
5,76,1364393549659,76,1364393549755,96,175,200,104
5,69,1364393549787,69,1364393549907,120,128,152,32
5,83,1364393549995,83,1364393550115,120,208,208,88
5,32,1364393550115,32,1364393550267,152,120,152,0
5,87,1364393550324,87,1364393550467,143,209,200,57
5,73,1364393550451,73,1364393550531,80,127,64,-16
5,84,1364393550571,84,1364393550667,96,120,136,40
5,72,1364393550668,72,1364393550747,79,97,80,1
5,32,1364393550787,32,1364393550923,136,119,176,40
5,65,1364393550947,65,1364393551099,152,160,176,24
5,32,1364393551067,32,1364393551187,120,120,88,-32
5,77,1364393551331,77,1364393551459,128,264,272,144
5,65,1364393551459,65,1364393551587,128,128,128,0
5,74,1364393551707,74,1364393551812,105,248,225,120
5,79,1364393551931,79,1364393552027,96,224,215,119
5,82,1364393552147,82,1364393552275,128,216,248,120
5,73,1364393552347,73,1364393552459,112,200,184,72
5,84,1364393552499,84,1364393552627,128,152,168,40
5,89,1364393552603,89,1364393552715,112,104,88,-24
5,32,1364393552771,32,1364393552875,104,168,160,56
5,79,1364393552923,79,1364393553003,80,152,128,48
5,70,1364393553003,70,1364393553147,144,80,144,0
5,32,1364393553115,32,1364393553235,120,112,88,-32
5,67,1364393553435,67,1364393553555,120,320,320,200
5,79,1364393553555,79,1364393553635,80,120,80,0
5,82,1364393553723,82,1364393553859,136,168,224,88
5,69,1364393553835,69,1364393554019,184,112,160,-24
5,32,1364393554043,32,1364393554179,136,208,160,24
5,65,1364393554259,65,1364393554379,120,216,200,80
5,67,1364393554667,67,1364393554811,144,408,432,288
5,65,1364393554851,65,1364393554963,112,184,152,40
5,68,1364393555075,68,1364393555163,88,224,200,112
5,69,1364393555259,69,1364393555371,112,184,208,96
5,77,1364393555411,77,1364393555523,112,152,152,40
5,73,1364393555587,73,1364393555699,112,176,176,64
5,67,1364393555739,67,1364393555843,104,152,144,40
5,32,1364393555867,32,1364393556011,144,128,168,24
5,67,1364393556379,67,1364393556490,111,512,479,368
5,79,1364393556699,79,1364393556819,120,320,329,209
5,85,1364393556843,85,1364393556939,96,144,120,24
5,82,1364393557027,82,1364393557163,136,184,224,88
5,83,1364393557363,83,1364393557482,119,336,319,200
5,69,1364393557589,69,1364393557723,134,226,241,107
5,83,1364393557923,83,1364393558058,135,334,335,200
5,32,1364393558163,32,1364393558307,144,240,249,105
5,69,1364393558379,69,1364393558539,160,216,232,72
5,65,1364393558539,65,1364393558658,119,160,119,0
5,67,1364393558730,67,1364393558866,136,191,208,72
5,72,1364393558890,72,1364393559011,121,160,145,24
5,83,1364567020662,83,1364567020830,168,183,191,23
5,32,1364567020831,32,1364567020918,87,169,88,1
5,65,1364567021022,65,1364567021166,144,191,248,104
5,78,1364567021230,78,1364567021351,121,208,185,64
5,89,1364567021550,89,1364567021662,112,320,311,199
5,79,1364567021774,79,1364567021911,137,224,249,112
5,78,1364567021918,78,1364567022022,104,144,111,7
5,69,1364567022070,69,1364567022222,152,152,200,48
5,32,1364567022271,32,1364567022422,151,201,200,49
5,83,1364567022846,83,1364567022966,120,575,544,424
5,72,1364567022966,72,1364567023102,136,120,136,0
5,79,1364567023134,79,1364567023238,104,168,136,32
5,32,1364567023374,32,1364567023518,144,240,280,136
5,8,1364567024118,8,1364567024198,80,744,680,600
5,8,1364567024286,8,1364567024350,64,168,152,88
5,8,1364567024438,8,1364567024502,64,152,152,88
5,8,1364567024574,8,1364567024630,56,136,128,72
5,87,1364567024942,87,1364567025094,152,368,464,312
5,72,1364567025062,72,1364567025198,136,120,104,-32
5,79,1364567025222,79,1364567025310,88,160,112,24
5,32,1364567025310,32,1364567025454,144,88,144,0
5,72,1364567025502,72,1364567025630,128,192,176,48
5,65,1364567025606,65,1364567025742,136,104,112,-24
5,83,1364567025774,83,1364567025926,152,168,184,32
5,32,1364567025902,32,1364567026054,152,128,128,-24
5,69,1364567026222,69,1364567026382,160,320,328,168
5,86,1364567026470,86,1364567026614,144,248,232,88
5,69,1364567026566,69,1364567026798,232,96,184,-48
5,82,1364567026734,82,1364567026870,136,168,72,-64
5,32,1364567026950,32,1364567027070,120,216,200,80
5,69,1364567027166,69,1364567027278,112,216,208,96
5,88,1364567027446,88,1364567027558,112,280,280,168
5,80,1364567027646,80,1364567027742,96,200,184,88
5,69,1364567027758,69,1364567027926,168,112,184,16
5,82,1364567028014,82,1364567028182,168,256,256,88
5,73,1364567028182,73,1364567028334,152,168,152,0
5,69,1364567028462,69,1364567028614,152,280,280,128
5,78,1364567028630,78,1364567028750,120,168,136,16
5,67,1364567028790,67,1364567028910,120,160,160,40
5,69,1364567028950,69,1364567029078,128,160,168,40
5,68,1364567029222,68,1364567029414,192,272,336,144
5,32,1364567029414,32,1364567029582,168,192,168,0
5,78,1364567029646,78,1364567029726,80,232,144,64
5,85,1364567029862,85,1364567029934,72,216,208,136
5,77,1364567030174,77,1364567030294,120,312,360,240
5,66,1364567030422,66,1364567030558,136,248,264,128
5,32,1364567030678,32,1364567030830,152,256,272,120
5,70,1364567030950,70,1364567031070,120,272,240,120
5,73,1364567031102,73,1364567031230,128,152,160,32
5,78,1364567031326,78,1364567031438,112,224,208,96
5,71,1364567031574,71,1364567031663,89,248,225,136
5,69,1364567031791,69,1364567031927,136,217,264,128
5,82,1364567031887,82,1364567032031,144,96,104,-40
5,83,1364567032191,83,1364567032343,152,304,312,160
5,32,1364567032343,32,1364567032463,120,152,120,0
5,70,1364567032519,70,1364567032615,96,176,152,56
5,82,1364567032711,82,1364567032815,104,192,200,96
5,79,1364567032815,79,1364567032943,128,104,128,0
5,77,1364567032975,77,1364567033071,96,160,128,32
5,32,1364567033031,32,1364567033143,112,56,72,-40
5,84,1364567033231,84,1364567033335,104,200,192,88
5,72,1364567033311,72,1364567033439,128,80,104,-24
5,69,1364567033439,69,1364567033623,184,128,184,0
5,32,1364567033695,32,1364567033823,128,256,200,72
5,67,1364567033983,67,1364567034135,152,288,312,160
5,79,1364567034151,79,1364567034215,64,168,80,16
5,76,1364567034375,76,1364567034439,64,224,224,160
5,68,1364567034535,68,1364567034671,136,160,232,96
5,32,1364567034631,32,1364567034791,160,96,120,-40
5,75,1364567034823,75,1364567034943,120,192,152,32
5,78,1364567035678,78,1364567035814,136,855,871,735
5,79,1364567035871,79,1364567035966,95,193,152,57
5,87,1364567036030,87,1364567036150,120,159,184,64
5,83,1364567036279,83,1364567036383,104,249,233,129
5,188,1364567036454,188,1364567036566,112,175,183,71
5,32,1364567036567,32,1364567036671,104,113,105,1
5,84,1364567036734,84,1364567036846,112,167,175,63
5,72,1364567036814,72,1364567036918,104,80,72,-32
5,69,1364567036919,69,1364567037054,135,105,136,1
5,32,1364567037030,32,1364567037150,120,111,96,-24
5,72,1364567037318,72,1364567037438,120,288,288,168
5,65,1364567037439,65,1364567037535,96,121,97,1
5,77,1364567037686,77,1364567037774,88,247,239,151
5,65,1364567037999,65,1364567038095,96,313,321,225
5,8,1364567038486,8,1364567038566,80,487,471,391
5,65,1364567039646,65,1364567039782,136,1160,1216,1080
5,78,1364567039726,78,1364567039854,128,80,72,-56
5,32,1364567040166,32,1364567040334,168,440,480,312
5,72,1364567040510,72,1364567040630,120,344,296,176
5,65,1364567040614,65,1364567040726,112,104,96,-16
5,78,1364567040790,78,1364567040894,104,176,168,64
5,68,1364567041094,68,1364567041278,184,304,384,200
5,32,1364567041270,32,1364567041430,160,176,152,-8
5,73,1364567041486,73,1364567041614,128,216,184,56
5,83,1364567041614,83,1364567041750,136,128,136,0
5,32,1364567041718,32,1364567041838,120,104,88,-32
5,80,1364567041974,80,1364567042070,96,256,232,136
5,69,1364567042223,69,1364567042366,143,249,296,153
5,82,1364567042366,82,1364567042510,144,143,144,0
5,84,1364567042806,84,1364567042886,80,440,376,296
5,84,1364567042974,84,1364567043078,104,168,192,88
5,89,1364567043126,89,1364567043278,152,152,200,48
5,8,1364567043894,8,1364567043974,80,768,696,616
5,8,1364567044046,8,1364567044126,80,152,152,72
5,8,1364567044190,8,1364567044270,80,144,144,64
5,8,1364567044310,8,1364567044406,96,120,136,40
5,8,1364567044462,8,1364567044534,72,152,128,56
5,82,1364567045030,82,1364567045246,216,568,712,496
5,69,1364567045158,69,1364567045302,144,128,56,-88
5,84,1364567045486,84,1364567045590,104,328,288,184
5,84,1364567045934,84,1364567046030,96,448,440,344
5,89,1364567046070,89,1364567046222,152,136,192,40
5,32,1364567046646,32,1364567046806,160,576,584,424
5,77,1364567046894,77,1364567046998,104,248,192,88
5,85,1364567047118,85,1364567047182,64,224,184,120
5,67,1364567047206,67,1364567047310,104,88,128,24
5,72,1364567047334,72,1364567047422,88,128,112,24
5,32,1364567047398,32,1364567047526,128,64,104,-24
5,85,1364567047782,85,1364567047910,128,384,384,256
5,83,1364567047918,83,1364567048022,104,136,112,8
5,69,1364567048070,69,1364567048190,120,152,168,48
5,76,1364567048254,76,1364567048342,88,184,152,64
5,69,1364567048390,69,1364567048462,72,136,120,48
5,83,1364567048638,83,1364567048734,96,248,272,176
5,83,1364567048822,83,1364567048918,96,184,184,88
5,32,1364567048982,32,1364567049134,152,160,216,64
5,87,1364567049207,87,1364567049335,128,225,201,73
5,73,1364567049351,73,1364567049455,104,144,120,16
5,84,1364567049423,84,1364567049519,96,72,64,-32
5,72,1364567049543,72,1364567049631,88,120,112,24
5,79,1364567049687,79,1364567049799,112,144,168,56
5,85,1364567049783,85,1364567049919,136,96,120,-16
5,82,1364567049959,82,1364567050015,56,176,96,40
5,8,1364567050495,8,1364567050575,80,536,560,480
5,84,1364567050607,84,1364567050711,104,112,136,32
5,32,1364567050751,32,1364567050887,136,144,176,40
5,84,1364567051183,84,1364567051303,120,432,416,296
5,72,1364567051303,72,1364567051431,128,120,128,0
5,69,1364567051343,69,1364567051495,152,40,64,-88
5,32,1364567051495,32,1364567051631,136,152,136,0
5,65,1364567051767,65,1364567051871,104,272,240,136
5,66,1364567051982,66,1364567052102,120,215,231,111
5,73,1364567052127,73,1364567052206,79,145,104,25
5,76,1364567052351,76,1364567052439,88,224,233,145
5,73,1364567052439,73,1364567052567,128,88,128,0
5,84,1364567052607,84,1364567052719,112,168,152,40
5,89,1364567052719,89,1364567052855,136,112,136,0
5,32,1364567052927,32,1364567053102,175,208,247,72
5,84,1364567053246,84,1364567053374,128,319,272,144
5,79,1364567053375,79,1364567053463,88,129,89,1
5,32,1364567053463,32,1364567053574,111,88,111,0
5,70,1364567053671,70,1364567053782,111,208,208,97
5,69,1364567053855,69,1364567053942,87,184,160,73
5,69,1364567054199,69,1364567054287,88,344,345,257
5,76,1364567054462,76,1364567054566,104,263,279,175
5,190,1364567054767,190,1364567054830,63,305,264,201
5,32,1364567054894,32,1364567055046,152,127,216,64
5,65,1364567055158,65,1364567055278,120,264,232,112
5,83,1364567055302,83,1364567055462,160,144,184,24
5,32,1364567055422,32,1364567055583,161,120,121,-40
5,83,1364567055822,83,1364567055942,120,400,359,239
5,89,1364567056030,89,1364567056150,120,208,208,88
5,78,1364567056302,78,1364567056430,128,272,280,152
5,84,1364567056782,84,1364567056942,160,480,512,352
5,79,1364567056943,79,1364567057062,119,161,120,1
5,85,1364567057062,85,1364567057174,112,119,112,0
5,67,1364567057287,67,1364567057406,119,225,232,113
5,72,1364567057422,72,1364567057534,112,135,128,16
5,188,1364567057670,188,1364567057758,88,248,224,136
5,32,1364567057798,32,1364567057934,136,128,176,40
5,87,1364567058078,87,1364567058230,152,280,296,144
5,72,1364567058278,72,1364567058390,112,200,160,48
5,69,1364567058542,69,1364567058678,136,264,288,152
5,82,1364567058742,82,1364567058846,104,200,168,64
5,69,1364567058862,69,1364567059030,168,120,184,16
5,32,1364567059134,32,1364567059302,168,272,272,104
5,73,1364567059406,73,1364567059551,145,272,249,104
5,222,1364567060006,222,1364567060118,112,600,567,455
5,83,1364567060190,83,1364567060334,144,184,216,72
5,32,1364567060374,32,1364567060486,112,184,152,40
5,8,1364567061102,8,1364567061174,72,728,688,616
5,77,1364567061342,77,1364567061446,104,240,272,168
5,32,1364567061542,32,1364567061694,152,200,248,96
5,79,1364567061774,79,1364567061910,136,232,216,80
5,78,1364567061911,78,1364567062054,143,137,144,1
5,69,1364567062070,69,1364567062206,136,159,152,16
5,32,1364567062230,32,1364567062366,136,160,160,24
5,79,1364567062422,79,1364567062510,88,192,144,56
5,70,1364567062486,70,1364567062614,128,64,104,-24
5,32,1364567062574,32,1364567062686,112,88,72,-40
5,84,1364567062766,84,1364567062894,128,192,208,80
5,72,1364567062822,72,1364567062966,144,56,72,-72
5,69,1364567062894,69,1364567063030,136,72,64,-72
5,32,1364567063015,32,1364567063110,95,121,80,-15
5,67,1364567063214,67,1364567063361,147,199,251,104
5,79,1364567063318,79,1364567063406,88,104,45,-43
5,189,1364567063798,189,1364567063870,72,480,464,392
5,70,1364567064078,70,1364567064238,160,280,368,208
5,79,1364567064166,79,1364567064302,136,88,64,-72
5,85,1364567064302,85,1364567064390,88,136,88,0
5,78,1364567064662,78,1364567064750,88,360,360,272
5,68,1364567064878,68,1364567064998,120,216,248,128
5,69,1364567065086,69,1364567065214,128,208,216,88
5,82,1364567065190,82,1364567065342,152,104,128,-24
5,83,1364567065470,83,1364567065598,128,280,256,128
5,188,1364567066350,188,1364567066430,80,880,832,752
5,32,1364567066566,32,1364567066679,113,216,249,136
5,87,1364567066791,87,1364567066911,120,225,232,112
5,69,1364567066983,69,1364567067111,128,192,200,72
5,32,1364567067127,32,1364567067255,128,144,144,16
5,66,1364567067439,66,1364567067591,152,312,336,184
5,69,1364567067607,69,1364567067727,120,168,136,16
5,76,1364567067815,76,1364567067919,104,208,192,88
5,73,1364567067943,73,1364567068079,136,128,160,24
5,69,1364567068079,69,1364567068207,128,136,128,0
5,86,1364567068399,86,1364567068559,160,320,352,192
5,69,1364567068495,69,1364567068711,216,96,152,-64
5,32,1364567068711,32,1364567068823,112,216,112,0
5,84,1364567068919,84,1364567069062,143,208,239,96
5,72,1364567069263,72,1364567069399,136,344,337,201
5,65,1364567069439,65,1364567069574,135,176,175,40
5,84,1364567069558,84,1364567069679,121,119,105,-16
5,32,1364567069703,32,1364567069823,120,145,144,24
5,84,1364567070118,84,1364567070238,120,415,415,295
5,79,1364567070286,79,1364567070391,105,168,153,48
5,68,1364567070415,68,1364567070551,136,129,160,24
5,65,1364567070647,65,1364567070807,160,232,256,96
5,89,1364567070847,89,1364567070991,144,200,184,40
5,222,1364567071382,222,1364567071550,168,535,559,391
5,83,1364567071614,83,1364567071759,145,232,209,64
5,32,1364567071759,32,1364567071902,143,145,143,0
5,82,1364567072118,82,1364567072230,112,359,328,216
5,79,1364567072262,79,1364567072358,96,144,128,32
5,66,1364567072382,66,1364567072510,128,120,152,24
5,79,1364567072558,79,1364567072646,88,176,136,48
5,84,1364567072814,84,1364567072926,112,256,280,168
5,73,1364567072982,73,1364567073127,145,168,201,56
5,67,1364567073175,67,1364567073231,56,193,104,48
5,32,1364567074430,32,1364567074558,128,1255,1327,1199
5,72,1364567074646,72,1364567074766,120,216,208,88
5,65,1364567074743,65,1364567074854,111,97,88,-23
5,78,1364567074886,78,1364567075014,128,143,160,32
5,68,1364567075103,68,1364567075262,159,217,248,89
5,83,1364567075582,83,1364567075694,112,479,432,320
5,32,1364567075726,32,1364567075862,136,144,168,32
5,65,1364567075974,65,1364567076102,128,248,240,112
5,78,1364567076102,78,1364567076222,120,128,120,0
5,68,1364567076198,68,1364567076350,152,96,128,-24
5,32,1364567076311,32,1364567076454,143,113,104,-39
5,71,1364567076670,71,1364567076766,96,359,312,216
5,82,1364567076902,82,1364567077022,120,232,256,136
5,73,1364567077006,73,1364567077086,80,104,64,-16
5,80,1364567077182,80,1364567077254,72,176,168,96
5,80,1364567077358,80,1364567077414,56,176,160,104
5,69,1364567077470,69,1364567077598,128,112,184,56
5,82,1364567077542,82,1364567077694,152,72,96,-56
5,83,1364567077806,83,1364567077934,128,264,240,112
5,32,1364567077902,32,1364567078046,144,96,112,-32
5,72,1364567078150,72,1364567078270,120,248,224,104
5,65,1364567078270,65,1364567078414,144,120,144,0
5,86,1364567078510,86,1364567078686,176,240,272,96
5,69,1364567078622,69,1364567078815,193,112,129,-64
5,32,1364567078886,32,1364567079030,144,264,215,71
5,66,1364567079246,66,1364567079366,120,360,336,216
5,69,1364567079422,69,1364567079510,88,176,144,56
5,69,1364567079622,69,1364567079694,72,200,184,112
5,78,1364567079766,78,1364567079878,112,144,184,72
5,32,1364567079950,32,1364567080078,128,184,200,72
5,85,1364567080374,85,1364567080470,96,424,392,296
5,78,1364567080614,78,1364567080734,120,240,264,144
5,65,1364567080934,65,1364567081094,160,320,360,200
5,66,1364567081134,66,1364567081238,104,200,144,40
5,76,1364567081278,76,1364567081414,136,144,176,40
5,69,1364567081390,69,1364567081542,152,112,128,-24
5,32,1364567081518,32,1364567081606,88,128,64,-24
5,84,1364567081670,84,1364567081766,96,152,160,64
5,79,1364567081750,79,1364567081838,88,80,72,-16
5,32,1364567081838,32,1364567081942,104,88,104,0
5,65,1364567082134,65,1364567082254,120,296,312,192
5,67,1364567082311,67,1364567082430,119,177,176,57
5,72,1364567082414,72,1364567082534,120,103,104,-16
5,73,1364567082598,73,1364567082702,104,184,168,64
5,69,1364567082974,69,1364567083126,152,376,424,272
5,86,1364567083190,86,1364567083334,144,216,208,64
5,69,1364567083286,69,1364567083478,192,96,144,-48
5,32,1364567083574,32,1364567083686,112,288,208,96
5,72,1364567083766,72,1364567083846,80,192,160,80
5,85,1364567083934,85,1364567084038,104,168,192,88
5,77,1364567084215,77,1364567084303,88,281,265,177
5,78,1364567084423,78,1364567084535,112,208,232,120
5,65,1364567084711,65,1364567084839,128,288,304,176
5,8,1364567085639,8,1364567085735,96,928,896,800
5,8,1364567085791,8,1364567085887,96,152,152,56
5,65,1364567086295,65,1364567086431,136,504,544,408
5,78,1364567086399,78,1364567086527,128,104,96,-32
5,189,1364567087111,189,1364567087167,56,712,640,584
5,76,1364567087343,76,1364567087463,120,232,296,176
5,73,1364567087527,73,1364567087591,64,184,128,64
5,75,1364567087735,75,1364567087823,88,208,232,144
5,69,1364567087855,69,1364567087919,64,120,96,32
5,32,1364567088534,32,1364567088686,152,679,767,615
5,68,1364567089030,68,1364567089135,105,496,449,344
5,69,1364567089214,69,1364567089342,128,184,207,79
5,88,1364567089519,88,1364567089647,128,305,305,177
5,84,1364567090222,84,1364567090319,97,703,672,575
5,69,1364567090414,69,1364567090550,136,192,231,95
5,82,1364567090551,82,1364567090670,119,137,120,1
5,73,1364567090830,73,1364567090974,144,279,304,160
5,84,1364567091070,84,1364567091182,112,240,208,96
5,89,1364567091158,89,1364567091286,128,88,104,-24
5,32,1364567091462,32,1364567091582,120,304,296,176
5,70,1364567091638,70,1364567091726,88,176,144,56
5,79,1364567091790,79,1364567091878,88,152,152,64
5,82,1364567091846,82,1364567091942,96,56,64,-32
5,32,1364567091958,32,1364567092038,80,112,96,16
5,84,1364567092102,84,1364567092190,88,144,152,64
5,72,1364567092166,72,1364567092270,104,64,80,-24
5,69,1364567092254,69,1364567092391,137,88,121,-16
5,32,1364567092358,32,1364567092470,112,104,79,-33
5,83,1364567092526,83,1364567092670,144,168,200,56
5,65,1364567092670,65,1364567092758,88,144,88,0
5,77,1364567092798,77,1364567092918,120,128,160,40
5,69,1364567092990,69,1364567093062,72,192,144,72
5,32,1364567093518,32,1364567093638,120,528,576,456
5,82,1364567094102,82,1364567094294,192,584,656,464
5,69,1364567094206,69,1364567094398,192,104,104,-88
5,65,1364567094430,65,1364567094558,128,224,160,32
5,83,1364567094670,83,1364567094806,136,240,248,112
5,79,1364567094806,79,1364567094926,120,136,120,0
5,78,1364567094926,78,1364567095070,144,120,144,0
5,190,1364567095358,190,1364567095462,104,432,392,288
5,72,1364999819188,72,1364999819323,135,97,136,1
5,69,1364999819563,69,1364999819699,136,375,376,240
5,82,1364999819755,82,1364999819891,136,192,192,56
5,69,1364999819891,69,1364999820027,136,136,136,0
5,32,1364999820155,32,1364999820307,152,264,280,128
5,65,1364999820315,65,1364999820419,104,160,112,8
5,82,1364999820491,82,1364999820619,128,176,200,72
5,69,1364999820587,69,1364999820779,192,96,160,-32
5,32,1364999820779,32,1364999820883,104,192,104,0
5,84,1364999821243,84,1364999821363,120,464,480,360
5,87,1364999821403,87,1364999821539,136,160,176,40
5,79,1364999821563,79,1364999821643,80,160,104,24
5,32,1364999821683,32,1364999821795,112,120,152,40
5,84,1364999821931,84,1364999822035,104,248,240,136
5,72,1364999822051,72,1364999822115,64,120,80,16
5,73,1364999822163,73,1364999822307,144,112,192,48
5,78,1364999822307,78,1364999822411,104,144,104,0
5,71,1364999822435,71,1364999822539,104,128,128,24
5,83,1364999822587,83,1364999822715,128,152,176,48
5,32,1364999822691,32,1364999822811,120,104,96,-24
5,71,1364999822971,71,1364999823091,120,280,280,160
5,79,1364999823123,79,1364999823195,72,152,104,32
5,73,1364999823315,73,1364999823403,88,192,208,120
5,78,1364999823467,78,1364999823587,120,152,184,64
5,71,1364999823611,71,1364999823747,136,144,160,24
5,32,1364999823747,32,1364999823883,136,136,136,0
5,79,1364999823915,79,1364999824043,128,168,160,32
5,78,1364999824043,78,1364999824131,88,128,88,0
5,32,1364999824171,32,1364999824275,104,128,144,40
5,72,1364999824395,72,1364999824507,112,224,232,120
5,69,1364999824803,69,1364999824915,112,408,408,296
5,82,1364999824987,82,1364999825131,144,184,216,72
5,69,1364999825123,69,1364999825275,152,136,144,-8
5,32,1364999825395,32,1364999825515,120,272,240,120
5,84,1364999825659,84,1364999825763,104,264,248,144
5,72,1364999825763,72,1364999825883,120,104,120,0
5,65,1364999825907,65,1364999826075,168,144,192,24
5,84,1364999826059,84,1364999826203,144,152,128,-16
5,32,1364999826203,32,1364999826323,120,144,120,0
5,65,1364999826386,65,1364999826498,112,183,175,63
5,82,1364999826602,82,1364999826746,144,216,248,104
5,69,1364999826706,69,1364999826922,216,104,176,-40
5,32,1364999826923,32,1364999827059,136,217,137,1
5,87,1364999827178,87,1364999827338,160,255,279,119
5,79,1364999827402,79,1364999827514,112,224,176,64
5,82,1364999827939,82,1364999828050,111,537,536,425
5,84,1364999828170,84,1364999828274,104,231,224,120
5,72,1364999828258,72,1364999828370,112,88,96,-16
5,32,1364999828410,32,1364999828522,112,152,152,40
5,71,1364999828698,71,1364999828794,96,288,272,176
5,69,1364999828850,69,1364999828978,128,152,184,56
5,84,1364999829059,84,1364999829123,64,209,145,81
5,84,1364999829194,84,1364999829274,80,135,151,71
5,73,1364999829306,73,1364999829426,120,112,152,32
5,78,1364999829410,78,1364999829506,96,104,80,-16
5,71,1364999829467,71,1364999829586,119,57,80,-39
5,32,1364999829587,32,1364999829666,79,120,80,1
5,69,1364999829786,69,1364999829874,88,199,208,120
5,88,1364999830018,88,1364999830146,128,232,272,144
5,67,1364999830242,67,1364999830355,113,224,209,96
5,73,1364999830379,73,1364999830483,104,137,128,24
5,84,1364999830539,84,1364999830611,72,160,128,56
5,69,1364999830650,69,1364999830746,96,111,135,39
5,68,1364999830850,68,1364999830986,136,200,240,104
5,32,1364999830987,32,1364999831091,104,137,105,1
5,65,1364999831138,65,1364999831258,120,151,167,47
5,66,1364999831338,66,1364999831450,112,200,192,80
5,79,1364999831466,79,1364999831586,120,128,136,16
5,85,1364999831586,85,1364999831658,72,120,72,0
5,84,1364999831698,84,1364999831802,104,112,144,40
5,190,1364999832202,190,1364999832314,112,504,512,400
5,32,1364999832522,32,1364999832650,128,320,336,208
5,84,1364999833242,84,1364999833402,160,720,752,592
5,72,1364999833482,72,1364999833610,128,240,208,80
5,73,1364999833674,73,1364999833770,96,192,160,64
5,78,1364999833794,78,1364999833914,120,120,144,24
5,71,1364999833915,71,1364999834066,151,121,152,1
5,32,1364999834098,32,1364999834186,88,183,120,32
5,79,1364999834290,79,1364999834394,104,192,208,104
5,78,1364999834394,78,1364999834522,128,104,128,0
5,69,1364999834522,69,1364999834674,152,128,152,0
5,32,1364999834690,32,1364999834802,112,168,128,16
5,73,1364999834962,73,1364999835058,96,272,256,160
5,83,1364999835082,83,1364999835202,120,120,144,24
5,32,1364999835202,32,1364999835314,112,120,112,0
5,84,1364999835386,84,1364999835482,96,184,168,72
5,72,1364999835458,72,1364999835579,121,72,97,-24
5,65,1364999835579,65,1364999835691,112,121,112,0
5,84,1364999835667,84,1364999835803,136,88,112,-24
5,32,1364999835803,32,1364999835923,120,136,120,0
5,84,1364999836019,84,1364999836139,120,216,216,96
5,72,1364999836139,72,1364999836243,104,120,104,0
5,69,1364999836203,69,1364999836315,112,64,72,-40
5,32,1364999836331,32,1364999836467,136,128,152,16
5,76,1364999836819,76,1364999836923,104,488,456,352
5,65,1364999837291,65,1364999837491,200,472,568,368
5,82,1364999837492,82,1364999837659,167,201,168,1
5,8,1364999838300,8,1364999838363,63,808,704,641
5,8,1364999838451,8,1364999838507,56,151,144,88
5,69,1364999838803,69,1364999838995,192,352,488,296
5,65,1364999838939,65,1364999839115,176,136,120,-56
5,82,1364999839203,82,1364999839347,144,264,232,88
5,78,1364999839547,78,1364999839683,136,344,336,200
5,73,1364999839659,73,1364999839795,136,112,112,-24
5,78,1364999839771,78,1364999839859,88,112,64,-24
5,71,1364999839955,71,1364999840059,104,184,200,96
5,32,1364999840243,32,1364999840379,136,288,320,184
5,84,1364999840443,84,1364999840571,128,200,192,64
5,79,1364999840547,79,1364999840659,112,104,88,-24
5,32,1364999840611,32,1364999840723,112,64,64,-48
5,87,1364999840803,87,1364999840939,136,192,216,80
5,79,1364999840939,79,1364999841043,104,136,104,0
5,82,1364999841043,82,1364999841163,120,104,120,0
5,75,1364999841219,75,1364999841315,96,176,152,56
5,32,1364999841363,32,1364999841507,144,144,192,48
5,73,1364999841507,73,1364999841659,152,144,152,0
5,78,1364999841635,78,1364999841763,128,128,104,-24
5,32,1364999841763,32,1364999841883,120,128,120,0
5,85,1364999842019,85,1364999842123,104,256,240,136
5,78,1364999842243,78,1364999842363,120,224,240,120
5,83,1364999842667,83,1364999842803,136,424,440,304
5,84,1364999843355,84,1364999843426,71,688,623,552
5,82,1364999843539,82,1364999843643,104,184,217,113
5,85,1364999843755,85,1364999843851,96,216,208,112
5,67,1364999843907,67,1364999844003,96,152,152,56
5,84,1364999844187,84,1364999844290,103,280,287,184
5,73,1364999844363,73,1364999844498,135,176,208,73
5,8,1364999845418,8,1364999845498,80,1055,1000,920
5,85,1364999847099,85,1364999847234,135,1681,1736,1601
5,82,1364999847235,82,1364999847370,135,136,136,1
5,69,1364999847339,69,1364999847451,112,104,81,-31
5,68,1364999847610,68,1364999847706,96,271,255,159
5,32,1364999847786,32,1364999847938,152,176,232,80
5,69,1364999848130,69,1364999848258,128,344,320,192
5,78,1364999849042,78,1364999849202,160,912,944,784
5,86,1364999849266,86,1364999849394,128,224,192,64
5,73,1364999849378,73,1364999849506,128,112,112,-16
5,83,1364999849530,83,1364999849666,136,152,160,24
5,79,1364999850066,79,1364999850218,152,536,552,400
5,78,1364999850346,78,1364999850490,144,280,272,128
5,77,1364999850674,77,1364999850778,104,328,288,184
5,69,1364999850818,69,1364999850946,128,144,168,40
5,78,1364999850914,78,1364999851026,112,96,80,-32
5,84,1364999851050,84,1364999851170,120,136,144,24
5,83,1364999851346,83,1364999851482,136,296,312,176
5,188,1364999851794,188,1364999851914,120,448,432,312
5,32,1364999851914,32,1364999852026,112,120,112,0
5,87,1364999852114,87,1364999852242,128,200,216,88
5,72,1364999852186,72,1364999852330,144,72,88,-56
5,73,1364999852331,73,1364999852426,95,145,96,1
5,67,1364999852442,67,1364999852586,144,111,160,16
5,72,1364999852538,72,1364999852634,96,96,48,-48
5,32,1364999852610,32,1364999852722,112,72,88,-24
5,73,1364999852754,73,1364999852858,104,144,136,32
5,83,1364999852834,83,1364999852970,136,80,112,-24
5,32,1364999852938,32,1364999853083,145,104,113,-32
5,65,1364999853084,65,1364999853219,135,146,136,1
5,32,1364999853211,32,1364999853371,160,127,152,-8
5,70,1364999853571,70,1364999853723,152,360,352,200
5,65,1364999853699,65,1364999853827,128,128,104,-24
5,78,1364999853811,78,1364999853939,128,112,112,-16
5,67,1364999853939,67,1364999854067,128,128,128,0
5,89,1364999854131,89,1364999854235,104,192,168,64
5,32,1364999854251,32,1364999854387,136,120,152,16
5,65,1364999854515,65,1364999854595,80,264,208,128
5,8,1364999854923,8,1364999854995,72,408,400,328
5,87,1364999855003,87,1364999855123,120,80,128,8
5,65,1364999855099,65,1364999855211,112,96,88,-24
5,83,1364999855275,83,1364999855419,144,176,208,64
5,8,1364999855955,8,1364999856019,64,680,600,536
5,89,1364999856347,89,1364999856427,80,392,408,328
5,32,1364999856499,32,1364999856635,136,152,208,72
5,79,1364999856723,79,1364999856835,112,224,200,88
5,70,1364999856835,70,1364999856955,120,112,120,0
5,32,1364999856915,32,1364999857059,144,80,104,-40
5,83,1364999857307,83,1364999857411,104,392,352,248
5,65,1364999857443,65,1364999857563,120,136,152,32
5,89,1364999857587,89,1364999857691,104,144,128,24
5,73,1364999857827,73,1364999857963,136,240,272,136
5,78,1364999857963,78,1364999858075,112,136,112,0
5,71,1364999858035,71,1364999858171,136,72,96,-40
5,32,1364999858155,32,1364999858219,64,120,48,-16
5,84,1364999858291,84,1364999858387,96,136,168,72
5,72,1364999858347,72,1364999858451,104,56,64,-40
5,65,1364999858451,65,1364999858579,128,104,128,0
5,84,1364999858539,84,1364999858643,104,88,64,-40
5,32,1364999858667,32,1364999858779,112,128,136,24
5,73,1364999858859,73,1364999858971,112,192,192,80
5,84,1364999859011,84,1364999859155,144,152,184,40
5,222,1364999859715,222,1364999859827,112,704,672,560
5,83,1364999859875,83,1364999860027,152,160,200,48
5,32,1364999860003,32,1364999860139,136,128,112,-24
5,71,1364999860339,71,1364999860467,128,336,328,200
5,79,1364999860445,79,1364999860523,78,106,56,-22
5,84,1364999860627,84,1364999860731,104,182,208,104
5,32,1364999860805,32,1364999860891,86,178,160,74
5,65,1364999860979,65,1364999861115,136,174,224,88
5,32,1364999861075,32,1364999861219,144,96,104,-40
5,67,1364999863938,67,1364999864090,152,2863,2871,2719
5,72,1364999864034,72,1364999864154,120,96,64,-56
5,65,1364999864130,65,1364999864274,144,96,120,-24
5,78,1364999865018,78,1364999865138,120,888,864,744
5,67,1364999865242,67,1364999865386,144,224,248,104
5,69,1364999865386,69,1364999865530,144,144,144,0
5,32,1364999865506,32,1364999865634,128,120,104,-24
5,84,1364999865706,84,1364999865818,112,200,184,72
5,79,1364999865819,79,1364999865923,104,113,105,1
5,32,1364999865899,32,1364999866019,120,80,96,-24
5,66,1364999866754,66,1364999866915,161,855,896,735
5,69,1364999866915,69,1364999867058,143,161,143,0
5,32,1364999867026,32,1364999867194,168,111,136,-32
5,65,1364999867194,65,1364999867330,136,168,136,0
5,66,1364999867450,66,1364999867594,144,256,264,120
5,76,1364999867642,76,1364999867770,128,192,176,48
5,69,1364999867770,69,1364999867890,120,128,120,0
5,32,1364999867866,32,1364999867978,112,96,88,-24
5,84,1364999868042,84,1364999868122,80,176,144,64
5,79,1364999868098,79,1364999868194,96,56,72,-24
5,32,1364999868194,32,1364999868306,112,96,112,0
5,68,1364999868363,68,1364999868498,135,169,192,57
5,79,1364999868610,79,1364999868746,136,247,248,112
5,32,1364999868866,32,1364999869010,144,256,264,120
5,83,1364999869202,83,1364999869346,144,336,336,192
5,84,1364999869506,84,1364999869618,112,304,272,160
5,85,1364999869618,85,1364999869730,112,112,112,0
5,70,1364999869778,70,1364999869842,64,160,112,48
5,70,1364999869946,70,1364999869994,48,168,152,104
5,32,1364999870050,32,1364999870154,104,104,160,56
5,79,1364999871515,79,1364999871635,120,1465,1481,1361
5,85,1364999871731,85,1364999871859,128,216,224,96
5,84,1364999871979,84,1364999872067,88,248,208,120
5,83,1364999872219,83,1364999872355,136,240,288,152
5,73,1364999872331,73,1364999872435,104,112,80,-24
5,68,1364999872491,68,1364999872571,80,160,136,56
5,69,1364999872653,69,1364999872795,142,162,224,82
5,32,1364999872772,32,1364999872907,135,119,112,-23
5,84,1364999873027,84,1364999873091,64,255,184,120
5,79,1364999873123,79,1364999873243,120,96,152,32
5,32,1364999873307,32,1364999873467,160,184,224,64
5,8,1364999873995,8,1364999874067,72,688,600,528
5,8,1364999874147,8,1364999874227,80,152,160,80
5,8,1364999874787,8,1364999874859,72,640,632,560
5,79,1364999875307,79,1364999875411,104,520,552,448
5,70,1364999875411,70,1364999875563,152,104,152,0
5,32,1364999875563,32,1364999875659,96,152,96,0
5,84,1364999875715,84,1364999875814,99,152,155,56
5,72,1364999875787,72,1364999875899,112,72,85,-27
5,69,1364999875883,69,1364999875979,96,96,80,-16
5,32,1364999876979,32,1364999877099,120,1096,1120,1000
5,76,1364999877163,76,1364999877267,104,184,168,64
5,65,1364999877251,65,1364999877363,112,88,96,-16
5,66,1364999878059,66,1364999878219,160,808,856,696
5,32,1364999878291,32,1364999878435,144,232,216,72
5,73,1364999878771,73,1364999878891,120,480,456,336
5,84,1364999879291,84,1364999879426,135,520,535,400
5,32,1364999879474,32,1364999879626,152,183,200,48
5,87,1364999879651,87,1364999879794,143,177,168,25
5,65,1364999879778,65,1364999879882,104,127,88,-16
5,83,1364999879938,83,1364999880099,161,160,217,56
5,32,1364999880067,32,1364999880202,135,129,103,-32
5,66,1364999880338,66,1364999880482,144,271,280,136
5,79,1364999880538,79,1364999880651,113,200,169,56
5,82,1364999881010,82,1364999881147,137,472,496,359
5,78,1364999881602,78,1364999881730,128,592,583,455
5,32,1364999881938,32,1364999882082,144,336,352,208
5,73,1364999882098,73,1364999882242,144,160,160,16
5,78,1364999882243,78,1364999882362,119,145,120,1
5,190,1364999882554,190,1364999882602,48,311,240,192
6,32,1363369421041,32,1363369421126,85,1053,1003,918
6,73,1363369421171,73,1363369421244,73,130,118,45
6,83,1363369421305,83,1363369421419,114,134,175,61
6,32,1363369421371,32,1363369421459,88,66,40,-48
6,82,1363369421548,82,1363369421667,119,177,208,89
6,69,1363369421643,69,1363369421708,65,95,41,-24
6,65,1363369421859,65,1363369421932,73,216,224,151
6,76,1363369422100,76,1363369422171,71,241,239,168
6,76,1363369422251,76,1363369422299,48,151,128,80
6,89,1363369422435,89,1363369422508,73,184,209,136
6,32,1363369422587,32,1363369422683,96,152,175,79
6,66,1363369422859,66,1363369422979,120,272,296,176
6,85,1363369423001,85,1363369423067,66,142,88,22
6,83,1363369423147,83,1363369423243,96,146,176,80
6,89,1363369423387,89,1363369423459,72,240,216,144
6,32,1363369423548,32,1363369423651,103,161,192,89
6,84,1363369424019,84,1363369424123,104,471,472,368
6,72,1363369424123,72,1363369424203,80,104,80,0
6,69,1363369424424,69,1363369424491,67,301,288,221
6,83,1363369424635,83,1363369424723,88,211,232,144
6,69,1363369425371,69,1363369425427,56,736,704,648
6,32,1363369425934,32,1363369426043,109,563,616,507
6,68,1363369426195,68,1363369426339,144,261,296,152
6,65,1363369426435,65,1363369426531,96,240,192,96
6,89,1363369426507,89,1363369426580,73,72,49,-24
6,83,1363369426662,83,1363369426779,117,155,199,82
6,190,1363369427259,190,1363369427323,64,597,544,480
6,8,1363369427619,8,1363369427691,72,360,368,296
6,188,1363369427891,188,1363369427947,56,272,256,200
6,32,1363369428099,32,1363369428163,64,208,216,152
6,16,1363369428540,16,1363369428707,167,441,544,377
6,73,1363369428667,73,1363369428763,96,127,56,-40
6,32,1363369428763,32,1363369428843,80,96,80,0
6,72,1363369428894,72,1363369428963,69,131,120,51
6,65,1363369428995,65,1363369429078,83,101,115,32
6,86,1363369429187,86,1363369429267,80,192,189,109
6,69,1363369429355,69,1363369429451,96,168,184,88
6,32,1363369429411,32,1363369429507,96,56,56,-40
6,84,1363369429579,84,1363369429651,72,168,144,72
6,79,1363369429723,79,1363369429800,77,144,149,72
6,32,1363369429923,32,1363369430003,80,200,203,123
6,84,1363369430579,84,1363369430651,72,656,648,576
6,65,1363369430795,65,1363369430867,72,216,216,144
6,75,1363369430907,75,1363369430979,72,112,112,40
6,69,1363369431004,69,1363369431075,71,97,96,25
6,32,1363369431171,32,1363369431267,96,167,192,96
6,84,1363369432147,84,1363369432235,88,976,968,880
6,87,1363369432851,87,1363369432979,128,704,744,616
6,79,1363369432963,79,1363369433027,64,112,48,-16
6,32,1363369433099,32,1363369433203,104,136,176,72
6,67,1363369433443,67,1363369433533,90,344,330,240
6,79,1363369433915,79,1363369433988,73,472,455,382
6,77,1363369434091,77,1363369434171,80,176,183,103
6,80,1363369434331,80,1363369434411,80,240,240,160
6,85,1363369434507,85,1363369434555,48,176,144,96
6,84,1363369434851,84,1363369434955,104,344,400,296
6,69,1363369435083,69,1363369435235,152,232,280,128
6,82,1363369435179,82,1363369435283,104,96,48,-56
6,32,1363369435467,32,1363369435579,112,288,296,184
6,67,1363369435635,67,1363369435763,128,168,184,56
6,79,1363369435763,79,1363369435859,96,128,96,0
6,85,1363369435859,85,1363369435931,72,96,72,0
6,82,1363369435931,82,1363369436019,88,72,88,0
6,83,1363369436147,83,1363369436259,112,216,240,128
6,69,1363369436347,69,1363369436435,88,200,176,88
6,83,1363369436580,83,1363369436694,114,233,259,145
6,188,1363369437004,188,1363369437076,72,424,382,310
6,32,1363369437180,32,1363369437259,79,176,183,104
6,79,1363369437322,79,1363369437410,88,142,151,63
6,78,1363369437476,78,1363369437555,79,154,145,66
6,69,1363369437589,69,1363369437667,78,113,112,34
6,32,1363369437707,32,1363369437796,89,118,129,40
6,73,1363369437899,73,1363369437961,62,192,165,103
6,83,1363369438049,83,1363369438147,98,150,186,88
6,32,1363369438332,32,1363369438403,71,283,256,185
6,67,1363369438700,67,1363369438827,127,368,424,297
6,79,1363369438828,79,1363369438867,39,128,40,1
6,77,1363369438932,77,1363369439036,104,104,169,65
6,80,1363369439139,80,1363369439243,104,207,207,103
6,85,1363369439297,85,1363369439347,50,158,104,54
6,84,1363369439427,84,1363369439507,80,130,160,80
6,69,1363369440131,69,1363369440251,120,704,744,624
6,82,1363369440251,82,1363369440355,104,120,104,0
6,8,1363369441475,8,1363369441571,96,1224,1216,1120
6,8,1363369441667,8,1363369441747,80,192,176,96
6,8,1363369441827,8,1363369441939,112,160,192,80
6,8,1363369441979,8,1363369442092,113,152,153,40
6,8,1363369442187,8,1363369442243,56,208,151,95
6,8,1363369442355,8,1363369442411,56,168,168,112
6,8,1363369442515,8,1363369442584,69,160,173,104
6,8,1363369442691,8,1363369442747,56,176,163,107
6,80,1363369443891,80,1363369443963,72,1200,1216,1144
6,65,1363369443963,65,1363369444035,72,72,72,0
6,84,1363369444307,84,1363369444363,56,344,328,272
6,84,1363369444467,84,1363369444564,97,160,201,104
6,69,1363369444635,69,1363369444787,152,168,223,71
6,82,1363369444723,82,1363369444859,136,88,72,-64
6,78,1363369445027,78,1363369445091,64,304,232,168
6,32,1363369445307,32,1363369445395,88,280,304,216
6,82,1363369445723,82,1363369445835,112,416,440,328
6,8,1363369446427,8,1363369446507,80,704,672,592
6,67,1363369446571,67,1363369446683,112,144,176,64
6,76,1363369446723,76,1363369446803,80,152,120,40
6,65,1363369446947,65,1363369447043,96,224,240,144
6,83,1363369447163,83,1363369447243,80,216,200,120
6,83,1363369447339,83,1363369447443,104,176,200,96
6,73,1363369447427,73,1363369447484,57,88,41,-16
6,70,1363369447683,70,1363369447795,112,256,311,199
6,73,1363369447795,73,1363369447859,64,112,64,0
6,67,1363369447979,67,1363369448131,152,184,272,120
6,73,1363369448067,73,1363369448131,64,88,0,-64
6,65,1363369448339,65,1363369448387,48,272,256,208
6,84,1363369448563,84,1363369448675,112,224,288,176
6,73,1363369448675,73,1363369448811,136,112,136,0
6,79,1363369448787,79,1363369448908,121,112,97,-24
6,78,1363369448947,78,1363369449067,120,160,159,39
6,188,1363369449683,188,1363369449771,88,736,704,616
6,32,1363369449915,32,1363369449995,80,232,224,144
6,65,1363369450043,65,1363369450107,64,128,112,48
6,78,1363369450131,78,1363369450219,88,88,112,24
6,68,1363369450219,68,1363369450339,120,88,120,0
6,32,1363369450299,32,1363369450411,112,80,72,-40
6,84,1363369450467,84,1363369450555,88,168,144,56
6,72,1363369450531,72,1363369450595,64,64,40,-24
6,69,1363369450731,69,1363369450819,88,200,224,136
6,32,1363369450893,32,1363369451003,110,162,184,74
6,79,1363369451371,79,1363369451431,60,478,428,368
6,84,1363369451510,84,1363369451611,101,139,180,79
6,72,1363369451635,72,1363369451699,64,125,88,24
6,69,1363369451739,69,1363369451843,104,104,144,40
6,82,1363369451811,82,1363369451987,176,72,144,-32
6,32,1363369451899,32,1363369451987,88,88,0,-88
6,73,1363369452045,73,1363369452107,62,146,120,58
6,83,1363369452219,83,1363369452339,120,174,232,112
6,32,1363369452405,32,1363369452467,62,186,128,66
6,67,1363369456219,67,1363369456331,112,3814,3864,3752
6,79,1363369456332,79,1363369456387,55,113,56,1
6,77,1363369456507,77,1363369456595,88,175,208,120
6,80,1363369456755,80,1363369456867,112,248,272,160
6,85,1363369456908,85,1363369456972,64,153,105,41
6,84,1363369457316,84,1363369457395,79,408,423,344
6,69,1363369457435,69,1363369457601,166,119,206,40
6,82,1363369457531,82,1363369457667,136,96,66,-70
6,32,1363369457635,32,1363369457740,105,104,73,-32
6,83,1363369457835,83,1363369457939,104,200,199,95
6,69,1363369458019,69,1363369458083,64,184,144,80
6,67,1363369458283,67,1363369458387,104,264,304,200
6,85,1363369458475,85,1363369458547,72,192,160,88
6,82,1363369458604,82,1363369458715,111,129,168,57
6,73,1363369458811,73,1363369458875,64,207,160,96
6,84,1363369458987,84,1363369459099,112,176,224,112
6,89,1363369459129,89,1363369459187,58,142,88,30
6,32,1363369459243,32,1363369459332,89,114,145,56
6,65,1363369459491,65,1363369459579,88,248,247,159
6,78,1363369459619,78,1363369459691,72,128,112,40
6,68,1363369459731,68,1363369459853,122,112,162,40
6,32,1363369459852,32,1363369459923,71,121,70,-1
6,8,1363369464587,8,1363369464679,92,4735,4756,4664
6,8,1363369464771,8,1363369464856,85,184,177,92
6,8,1363369464955,8,1363369465035,80,184,179,99
6,8,1363369465303,8,1363369465379,76,348,344,268
6,8,1363369465476,8,1363369465578,102,173,199,97
6,8,1363369465715,8,1363369465779,64,239,201,137
6,8,1363369465867,8,1363369465947,80,152,168,88
6,8,1363369466035,8,1363369466105,70,168,158,88
6,8,1363369466195,8,1363369466291,96,160,186,90
6,8,1363369466379,8,1363369466475,96,184,184,88
6,8,1363369466523,8,1363369466638,115,144,163,48
6,8,1363369466731,8,1363369466814,83,208,176,93
6,8,1363369466891,8,1363369466955,64,160,141,77
6,65,1363369467195,65,1363369467299,104,304,344,240
6,78,1363369467356,78,1363369467457,101,161,158,57
6,68,1363369467457,68,1363369467563,106,101,106,0
6,32,1363369467587,32,1363369467683,96,130,120,24
6,78,1363369467771,78,1363369467843,72,184,160,88
6,69,1363369467843,69,1363369467907,64,72,64,0
6,87,1363369468027,87,1363369468115,88,184,208,120
6,84,1363369468283,84,1363369468379,96,256,264,168
6,8,1363369468619,8,1363369468692,73,336,313,240
6,8,1363369468803,8,1363369468859,56,184,167,111
6,84,1363369468859,84,1363369468979,120,56,120,0
6,87,1363369469131,87,1363369469219,88,272,240,152
6,79,1363369469555,79,1363369469611,56,424,392,336
6,82,1363369469680,82,1363369469779,99,125,168,69
6,75,1363369469779,75,1363369469851,72,99,72,0
6,32,1363369470011,32,1363369470107,96,232,256,160
6,83,1363369470283,83,1363369470371,88,272,264,176
6,69,1363369470459,69,1363369470507,48,176,136,88
6,67,1363369470651,67,1363369470766,115,192,259,144
6,85,1363369470787,85,1363369470852,65,136,86,21
6,82,1363369470940,82,1363369471043,103,153,191,88
6,73,1363369471043,73,1363369471107,64,103,64,0
6,84,1363369471179,84,1363369471284,105,136,177,72
6,89,1363369471347,89,1363369471419,72,168,135,63
6,190,1363369472972,190,1363369473051,79,1625,1632,1553
6,32,1363369473259,32,1363369473323,64,287,272,208
6,87,1363369475490,87,1363369475634,144,2231,2311,2167
6,79,1363369475635,79,1363369475712,77,145,78,1
6,32,1363369475778,32,1363369475874,96,143,162,66
6,80,1363369476107,80,1363369476178,71,329,304,233
6,82,1363369476234,82,1363369476330,96,127,152,56
6,79,1363369476331,79,1363369476394,63,97,64,1
6,74,1363369476834,74,1363369476898,64,503,504,440
6,69,1363369476954,69,1363369477034,80,120,136,56
6,67,1363369477178,67,1363369477355,177,224,321,144
6,84,1363369477474,84,1363369477570,96,296,215,119
6,83,1363369477714,83,1363369477842,128,240,272,144
6,32,1363369477885,32,1363369477975,90,171,133,43
6,73,1363369480018,73,1363369480076,58,2133,2101,2043
6,68,1363369480202,68,1363369480314,112,184,238,126
6,32,1363369480354,32,1363369480458,104,152,144,40
6,8,1363369480986,8,1363369481082,96,632,624,528
6,83,1363369481162,83,1363369481292,130,176,210,80
6,8,1363369481490,8,1363369481570,80,328,278,198
6,8,1363369481666,8,1363369481730,64,176,160,96
6,68,1363369482010,68,1363369482122,112,344,392,280
6,8,1363369484482,8,1363369484562,80,2472,2440,2360
6,8,1363369484642,8,1363369484722,80,160,160,80
6,8,1363369484794,8,1363369484882,88,152,160,72
6,65,1363879329922,65,1363879330010,88,144,0,-88
6,82,1363879330157,82,1363879330274,117,235,264,147
6,84,1363879330786,84,1363879330898,112,629,624,512
6,73,1363879330938,73,1363879331002,64,152,104,40
6,70,1363879331922,70,1363879332058,136,984,1056,920
6,73,1363879332058,73,1363879332122,64,136,64,0
6,67,1363879332530,67,1363879332658,128,472,536,408
6,73,1363879332658,73,1363879332722,64,128,64,0
6,65,1363879332786,65,1363879332890,104,128,168,64
6,76,1363879332914,76,1363879332994,80,128,104,24
6,32,1363879333274,32,1363879333370,96,360,376,280
6,16,1363879334466,16,1363879334626,160,1192,1256,1096
6,78,1363879334546,78,1363879334626,80,80,0,-80
6,69,1363879334778,69,1363879334858,80,232,232,152
6,85,1363879335930,85,1363879336018,88,1152,1160,1072
6,82,1363879336145,82,1363879336241,96,215,223,127
6,65,1363879336362,65,1363879336482,120,217,241,121
6,76,1363879336434,76,1363879336530,96,72,48,-48
6,32,1363879336554,32,1363879336673,119,120,143,24
6,16,1363879336906,16,1363879337049,143,352,376,233
6,78,1363879337025,78,1363879337098,73,119,49,-24
6,69,1363879337465,69,1363879337553,88,440,455,367
6,87,1363879337697,87,1363879337801,104,232,248,144
6,8,1363879338137,8,1363879338225,88,440,424,336
6,84,1363879338265,84,1363879338369,104,128,144,40
6,32,1363879339122,32,1363879339241,119,857,872,753
6,16,1363879339329,16,1363879339498,169,207,257,88
6,77,1363879339409,77,1363879339498,89,80,0,-89
6,79,1363879339561,79,1363879339649,88,152,151,63
6,68,1363879339665,68,1363879339753,88,104,104,16
6,68,1363879340657,68,1363879340737,80,992,984,904
6,69,1363879340841,69,1363879340945,104,184,208,104
6,76,1363879341017,76,1363879341106,89,176,161,72
6,83,1363879341106,83,1363879341225,119,89,119,0
6,32,1363879341937,32,1363879342033,96,831,808,712
6,16,1363879342665,16,1363879342833,168,728,800,632
6,77,1363879342793,77,1363879342873,80,128,40,-40
6,65,1363879343009,65,1363879343098,89,216,225,136
6,83,1363879343257,83,1363879343338,81,248,240,159
6,83,1363879343442,83,1363879343554,112,185,216,104
6,73,1363879343586,73,1363879343650,64,144,96,32
6,86,1363879343858,86,1363879343962,104,272,312,208
6,69,1363879344106,69,1363879344186,80,248,224,144
6,32,1363879344186,32,1363879344266,80,80,80,0
6,80,1363879344682,80,1363879344762,80,496,496,416
6,65,1363879344866,65,1363879344954,88,184,192,104
6,82,1363879345226,82,1363879345290,64,360,336,272
6,65,1363879345562,65,1363879345634,72,336,344,272
6,76,1363879345922,76,1363879345986,64,360,352,288
6,76,1363879346082,76,1363879346178,96,160,192,96
6,73,1363879346634,73,1363879346682,48,552,504,456
6,83,1363879347066,83,1363879347178,112,432,496,384
6,73,1363879347178,73,1363879347242,64,112,64,0
6,77,1363879347410,77,1363879347490,80,232,248,168
6,37,1363879348858,37,1363879350050,1192,1448,2560,1368
6,37,1363879349357,37,1363879350498,1141,499,448,-693
6,8,1363879351114,8,1363879351170,56,1757,672,616
6,39,1363879351634,39,1363879352890,1256,520,1720,464
6,39,1363879352133,39,1363879353249,1116,499,359,-757
6,32,1363879353706,32,1363879353801,95,1573,552,457
6,73,1363879355106,73,1363879355161,55,1400,1360,1305
6,83,1363879355233,83,1363879355345,112,127,184,72
6,32,1363879355281,32,1363879355370,89,48,25,-64
6,69,1363879355785,69,1363879355833,48,504,463,415
6,83,1363879355969,83,1363879356041,72,184,208,136
6,83,1363879356137,83,1363879356209,72,168,168,96
6,69,1363879356337,69,1363879356458,121,200,249,128
6,78,1363879356513,78,1363879356593,80,176,135,55
6,84,1363879356721,84,1363879356841,120,208,248,128
6,73,1363879356842,73,1363879356905,63,121,64,1
6,65,1363879357049,65,1363879357185,136,207,280,144
6,76,1363879357177,76,1363879357281,104,128,96,-8
6,32,1363879357329,32,1363879357441,112,152,160,48
6,70,1363879357507,70,1363879357641,134,178,200,66
6,79,1363879357641,79,1363879357729,88,134,88,0
6,82,1363879357777,82,1363879357857,80,136,128,48
6,32,1363879357858,32,1363879357953,95,81,96,1
6,72,1363879358065,72,1363879358193,128,207,240,112
6,73,1363879358193,73,1363879358281,88,128,88,0
6,71,1363879358321,71,1363879358449,128,128,168,40
6,72,1363879358449,72,1363879358513,64,128,64,0
6,32,1363879359041,32,1363879359137,96,592,624,528
6,80,1363879359457,80,1363879359521,64,416,384,320
6,69,1363879359561,69,1363879359705,144,104,184,40
6,82,1363879359673,82,1363879359793,120,112,88,-32
6,70,1363879361018,70,1363879361146,128,1345,1353,1225
6,79,1363879361170,79,1363879361258,88,152,112,24
6,82,1363879361314,82,1363879361442,128,144,184,56
6,77,1363879361522,77,1363879361602,80,208,160,80
6,65,1363879361642,65,1363879361746,104,120,144,40
6,78,1363879361778,78,1363879361842,64,136,96,32
6,67,1363879361890,67,1363879362010,120,112,168,48
6,69,1363879362138,69,1363879362194,56,248,184,128
6,32,1363879362170,32,1363879362274,104,32,80,-24
6,67,1363879362490,67,1363879362626,136,320,352,216
6,79,1363879362626,79,1363879362706,80,136,80,0
6,71,1363879362922,71,1363879363034,112,296,328,216
6,78,1363879363242,78,1363879363314,72,320,280,208
6,73,1363879363426,73,1363879363498,72,184,184,112
6,84,1363879363594,84,1363879363706,112,168,208,96
6,73,1363879363722,73,1363879363890,168,128,184,16
6,79,1363879363922,79,1363879363978,56,200,88,32
6,8,1363879364362,8,1363879364378,16,440,400,384
6,8,1363879364402,8,1363879364450,48,40,72,24
6,86,1363879364506,86,1363879364626,120,104,176,56
6,69,1363879364746,69,1363879364842,96,240,216,120
6,32,1363879366290,32,1363879366402,112,1544,1560,1448
6,84,1363879366538,84,1363879366602,64,248,200,136
6,65,1363879366738,65,1363879366842,104,200,240,136
6,83,1363879366970,83,1363879367106,136,232,264,128
6,75,1363879367530,75,1363879367594,64,560,488,424
6,83,1363879367706,83,1363879367834,128,176,240,112
6,8,1363879368202,8,1363879368282,80,496,448,368
6,8,1363879368386,8,1363879368458,72,184,176,104
6,8,1363879368538,8,1363879368626,88,152,168,80
6,8,1363879368706,8,1363879368786,80,168,160,80
6,8,1363879368850,8,1363879368954,104,144,168,64
6,8,1363879369034,8,1363879369114,80,184,160,80
6,8,1363879369194,8,1363879369282,88,160,168,80
6,8,1363879369634,8,1363879369746,112,440,464,352
6,73,1363879370618,73,1363879370698,80,984,952,872
6,86,1363879370762,86,1363879370865,103,144,167,64
6,69,1363879371009,69,1363879371113,104,247,248,144
6,32,1363879371153,32,1363879371241,88,144,128,40
6,84,1363879371433,84,1363879371521,88,280,280,192
6,65,1363879371649,65,1363879371729,80,216,208,128
6,83,1363879372258,83,1363879372377,119,609,648,529
6,75,1363879372465,75,1363879372529,64,207,152,88
6,83,1363879372914,83,1363879373058,144,449,529,385
6,32,1363879373554,32,1363879373630,76,640,572,496
6,83,1363879374185,83,1363879374313,128,631,683,555
6,80,1363879374377,80,1363879374457,80,192,144,64
6,69,1363879374561,69,1363879374653,92,184,196,104
6,69,1363879376249,69,1363879376329,80,1688,1676,1596
6,67,1363879376497,67,1363879376601,104,248,272,168
6,72,1363879376601,72,1363879376681,80,104,80,0
6,32,1363879376881,32,1363879376993,112,280,312,200
6,32,1363879377545,32,1363879377633,88,664,640,552
6,73,1363879377745,73,1363879377817,72,200,184,112
6,77,1363879378033,77,1363879378113,80,288,296,216
6,65,1363879378257,65,1363879378346,89,224,233,144
6,71,1363879378498,71,1363879378610,112,241,264,152
6,69,1363879378586,69,1363879378690,104,88,80,-24
6,32,1363879378770,32,1363879378866,96,184,176,80
6,82,1363879379186,82,1363879379338,152,416,472,320
6,69,1363879379290,69,1363879379370,80,104,32,-48
6,67,1363879379850,67,1363879379994,144,560,624,480
6,79,1363879380034,79,1363879380114,80,184,120,40
6,71,1363879380194,71,1363879380298,104,160,184,80
6,78,1363879380554,78,1363879380626,72,360,328,256
6,73,1363879380746,73,1363879380826,80,192,200,120
6,84,1363879380946,84,1363879381066,120,200,240,120
6,73,1363879381034,73,1363879381194,160,88,128,-32
6,79,1363879381194,79,1363879381306,112,160,112,0
6,78,1363879381362,78,1363879381458,96,168,152,56
6,190,1363879382698,190,1363879382794,96,1336,1336,1240
6,32,1363879382906,32,1363879383010,104,208,216,112
6,85,1363879383618,85,1363879383706,88,712,696,608
6,65,1363879384106,65,1363879384234,128,488,528,400
6,78,1363879384235,78,1363879384290,55,129,56,1
6,8,1363879384882,8,1363879384971,89,647,681,592
6,8,1363879385850,8,1363879385930,80,968,959,879
6,77,1363879386090,77,1363879386186,96,240,256,160
6,65,1363879386188,65,1363879386314,126,98,128,2
6,78,1363879386314,78,1363879386386,72,126,72,0
6,83,1363879386458,83,1363879386594,136,144,208,72
6,32,1363879387226,32,1363879387322,96,768,728,632
6,78,1363879388073,78,1363879388130,57,847,808,751
6,69,1363879388210,69,1363879388249,39,137,119,80
6,69,1363879388362,69,1363879388465,103,152,216,113
6,68,1363879388617,68,1363879388754,137,255,289,152
6,32,1363879388881,32,1363879388969,88,264,215,127
6,87,1363884553179,87,1363884553299,120,87,64,-56
6,73,1363884553388,73,1363884553461,73,209,162,89
6,78,1363884553564,78,1363884553644,80,176,183,103
6,68,1363884553956,68,1363884554092,136,392,448,312
6,79,1363884554164,79,1363884554252,88,208,160,72
6,87,1363884554253,87,1363884554340,87,89,88,1
6,83,1363884554476,83,1363884554589,113,223,249,136
6,32,1363884554708,32,1363884554820,112,232,231,119
6,16,1363884555452,16,1363884555620,168,744,800,632
6,84,1363884555572,84,1363884555628,56,120,8,-48
6,32,1363884555908,32,1363884556004,96,336,376,280
6,87,1363884556868,87,1363884556940,72,960,936,864
6,65,1363884557076,65,1363884557140,64,208,200,136
6,83,1363884557276,83,1363884557388,112,200,248,136
6,32,1363884557420,32,1363884557516,96,144,128,32
6,70,1363884557540,70,1363884557644,104,120,128,24
6,73,1363884557628,73,1363884557692,64,88,48,-16
6,82,1363884557756,82,1363884557860,104,128,168,64
6,83,1363884558132,83,1363884558212,80,376,352,272
6,84,1363884558332,84,1363884558420,88,200,208,120
6,32,1363884558436,32,1363884558540,104,104,120,16
6,73,1363884558700,73,1363884558756,56,264,216,160
6,78,1363884558868,78,1363884558940,72,168,184,112
6,84,1363884559028,84,1363884559100,72,160,160,88
6,82,1363884559212,82,1363884559316,104,184,216,112
6,79,1363884559356,79,1363884559436,80,144,120,40
6,68,1363884559740,68,1363884559828,88,384,392,304
6,85,1363884559900,85,1363884559972,72,160,144,72
6,67,1363884559988,67,1363884560068,80,88,96,16
6,69,1363884560228,69,1363884560292,64,240,224,160
6,68,1363884560924,68,1363884560996,72,696,704,632
6,32,1363884561196,32,1363884561300,104,272,304,200
6,73,1363884561628,73,1363884561692,64,432,392,328
6,78,1363884561820,78,1363884561884,64,192,192,128
6,32,1363884561972,32,1363884562076,104,152,192,88
6,49,1363884562332,49,1363884562428,96,360,352,256
6,57,1363884562612,57,1363884562676,64,280,248,184
6,57,1363884562764,57,1363884562828,64,152,152,88
6,51,1363884563124,51,1363884563204,80,360,376,296
6,32,1363884563852,32,1363884563948,96,728,744,648
6,65,1363884564508,65,1363884564596,88,656,648,560
6,83,1363884564748,83,1363884564876,128,240,280,152
6,32,1363884564956,32,1363884565060,104,208,184,80
6,65,1363884565724,65,1363884565812,88,768,752,664
6,32,1363884565892,32,1363884565988,96,168,176,80
6,82,1363884566092,82,1363884566212,120,200,224,104
6,69,1363884566212,69,1363884566300,88,120,88,0
6,80,1363884566500,80,1363884566588,88,288,288,200
6,76,1363884566740,76,1363884566820,80,240,232,152
6,65,1363884567076,65,1363884567196,120,336,376,256
6,67,1363884567332,67,1363884567460,128,256,264,136
6,69,1363884567828,69,1363884567947,119,496,487,368
6,77,1363884568068,77,1363884568156,88,240,209,121
6,69,1363884568156,69,1363884568260,104,88,104,0
6,78,1363884568300,78,1363884568380,80,144,120,40
6,84,1363884568388,84,1363884568492,104,88,112,8
6,32,1363884568812,32,1363884568892,80,424,400,320
6,79,1363884569020,79,1363884569084,64,208,192,128
6,8,1363884569563,8,1363884569660,97,543,576,479
6,70,1363884569660,70,1363884569771,111,97,111,0
6,79,1363884569844,79,1363884569939,95,184,168,73
6,82,1363884569915,82,1363884570012,97,71,73,-24
6,32,1363884570028,32,1363884570139,111,113,127,16
6,16,1363884570940,16,1363884571220,280,912,1081,801
6,83,1363884571076,83,1363884571221,145,136,1,-144
6,189,1363884572044,189,1363884572108,64,968,887,823
6,16,1363884572596,16,1363884572772,176,552,664,488
6,83,1363884572724,83,1363884572884,160,128,112,-48
6,79,1363884572916,79,1363884573005,89,192,121,32
6,8,1363884573476,8,1363884573516,40,560,511,471
6,8,1363884573612,8,1363884573668,56,136,152,96
6,16,1363884573996,16,1363884574172,176,384,504,328
6,68,1363884574100,68,1363884574244,144,104,72,-72
6,79,1363884574340,79,1363884574436,96,240,192,96
6,83,1363884574500,83,1363884574580,80,160,144,64
6,8,1363884574900,8,1363884575004,104,400,424,320
6,8,1363884575556,8,1363884575652,96,656,648,552
6,16,1363884576372,16,1363884576588,216,816,936,720
6,83,1363884576508,83,1363884576652,144,136,64,-80
6,190,1363884579788,190,1363884579876,88,3280,3224,3136
6,32,1363884580076,32,1363884580180,104,288,304,200
6,16,1363884580252,16,1363884580420,168,176,240,72
6,80,1363884580380,80,1363884580484,104,128,64,-40
6,82,1363884580740,82,1363884580860,120,360,376,256
6,73,1363884581692,73,1363884581764,72,952,904,832
6,78,1363884582140,78,1363884582204,64,448,440,376
6,76,1363884582852,76,1363884582932,80,712,728,648
6,65,1363884582980,65,1363884583092,112,128,160,48
6,8,1363884583628,8,1363884583765,137,648,673,536
6,8,1363884583868,8,1363884583948,80,240,183,103
6,80,1363884584772,80,1363884584876,104,904,928,824
6,65,1363884584924,65,1363884585036,112,152,160,48
6,76,1363884585060,76,1363884585140,80,136,104,24
6,32,1363884585356,32,1363884585452,96,296,312,216
6,68,1363884587139,68,1363884587211,72,1783,1759,1687
6,69,1363884587339,69,1363884587404,65,200,193,128
6,83,1363884587580,83,1363884587691,111,241,287,176
6,73,1363884587707,73,1363884587771,64,127,80,16
6,71,1363884587892,71,1363884588011,119,185,240,121
6,78,1363884588740,78,1363884588820,80,848,809,729
6,69,1363884589021,69,1363884589117,96,281,297,201
6,82,1363884589396,82,1363884589500,104,375,383,279
6,16,1363884589772,16,1363884589973,201,376,473,272
6,186,1363884589869,186,1363884589973,104,97,0,-104
6,32,1363884590101,32,1363884590172,71,232,199,128
6,65,1363884591324,65,1363884591404,80,1223,1232,1152
6,86,1363884591700,86,1363884591780,80,376,376,296
6,69,1363884591924,69,1363884592028,104,224,248,144
6,32,1363884592300,32,1363884592396,96,376,368,272
6,16,1363884592860,16,1363884593068,208,560,672,464
6,67,1363884592972,67,1363884593100,128,112,32,-96
6,85,1363884593260,85,1363884593340,80,288,240,160
6,84,1363884593572,84,1363884593684,112,312,344,232
6,76,1363884593908,76,1363884594012,104,336,328,224
6,69,1363884594036,69,1363884594204,168,128,192,24
6,82,1363884594205,82,1363884594332,127,169,128,1
6,188,1363884594620,188,1363884594724,104,415,392,288
6,32,1363884594860,32,1363884594964,104,240,240,136
6,87,1363884595052,87,1363884595188,136,192,224,88
6,72,1363884595124,72,1363884595212,88,72,24,-64
6,79,1363884595260,79,1363884595372,112,136,160,48
6,32,1363884595780,32,1363884595868,88,520,496,408
6,72,1363884595988,72,1363884596060,72,208,192,120
6,65,1363884596084,65,1363884596156,72,96,96,24
6,68,1363884596292,68,1363884596412,120,208,256,136
6,32,1363884596436,32,1363884596524,88,144,112,24
6,66,1363884596636,66,1363884596700,64,200,176,112
6,69,1363884596892,69,1363884596996,104,256,296,192
6,69,1363884597108,69,1363884597212,104,216,216,112
6,78,1363884597268,78,1363884597340,72,160,128,56
6,32,1363884597436,32,1363884597540,104,168,200,96
6,72,1363884597780,72,1363884597852,72,344,312,240
6,73,1363884597956,73,1363884598028,72,176,176,104
6,82,1363884598132,82,1363884598244,112,176,216,104
6,69,1363884598660,69,1363884598724,64,528,480,416
6,68,1363884598868,68,1363884598988,120,208,264,144
6,32,1363884599068,32,1363884599172,104,200,184,80
6,65,1363884601668,65,1363884601748,80,2600,2576,2496
6,87,1363884601972,87,1363884602044,72,304,296,224
6,65,1363884602204,65,1363884602292,88,232,248,160
6,89,1363884602316,89,1363884602388,72,112,96,24
6,32,1363884602460,32,1363884602572,112,144,184,72
6,70,1363884602540,70,1363884602644,104,80,72,-32
6,82,1363884602780,82,1363884602892,112,240,248,136
6,79,1363884603132,79,1363884603235,103,352,343,240
6,77,1363884603372,77,1363884603452,80,240,217,137
6,32,1363884603604,32,1363884603700,96,232,248,152
6,16,1363884604643,16,1363884604779,136,1039,1079,943
6,68,1363884604707,68,1363884604843,136,64,64,-72
6,73,1363884604931,73,1363884605028,97,224,185,88
6,71,1363884605148,71,1363884605275,127,217,247,120
6,73,1363884605331,73,1363884605412,81,183,137,56
6,84,1363884605556,84,1363884605643,87,225,231,144
6,65,1363884605811,65,1363884605940,129,255,297,168
6,76,1363884605902,76,1363884605996,94,91,56,-38
6,32,1363884606068,32,1363884606164,96,166,168,72
6,16,1363884606428,16,1363884606629,201,360,465,264
6,69,1363884606540,69,1363884606645,105,112,16,-89
6,81,1363884606900,81,1363884606988,88,360,343,255
6,85,1363884607133,85,1363884607244,111,233,256,145
6,73,1363884607340,73,1363884607437,97,207,193,96
6,80,1363884607933,80,1363884608036,103,593,599,496
6,77,1363884608244,77,1363884608332,88,311,296,208
6,69,1363884608348,69,1363884608468,120,104,136,16
6,78,1363884608516,78,1363884608588,72,168,120,48
6,84,1363884608612,84,1363884608708,96,96,120,24
6,32,1363884609037,32,1363884609140,103,425,432,329
6,16,1363884609436,16,1363884609596,160,399,456,296
6,67,1363884609533,67,1363884609660,127,97,64,-63
6,79,1363884609972,79,1363884610068,96,439,408,312
6,82,1363884611604,82,1363884611716,112,1632,1648,1536
6,80,1363884611924,80,1363884612012,88,320,296,208
6,79,1363884612156,79,1363884612236,80,232,224,144
6,82,1363884612260,82,1363884612388,128,104,152,24
6,65,1363884612915,65,1363884612995,80,655,607,527
6,84,1363884613131,84,1363884613251,120,216,256,136
6,73,1363884613227,73,1363884613355,128,96,104,-24
6,79,1363884613355,79,1363884613467,112,128,112,0
6,78,1363884613555,78,1363884613659,104,200,192,88
6,190,1363884615219,190,1363884615331,112,1664,1672,1560
6,84,1364484940874,84,1364484940978,104,144,56,-48
6,69,1364484941473,69,1364484941545,72,599,567,495
6,88,1364484941705,88,1364484941818,113,232,273,160
6,84,1364484941945,84,1364484942026,81,240,208,127
6,32,1364484942074,32,1364484942169,95,129,143,48
6,80,1364484942313,80,1364484942434,121,239,265,144
6,65,1364484942434,65,1364484942506,72,121,72,0
6,83,1364484942641,83,1364484942689,48,207,183,135
6,83,1364484942777,83,1364484942849,72,136,160,88
6,87,1364484942969,87,1364484943097,128,192,248,120
6,79,1364484943497,79,1364484943561,64,528,464,400
6,82,1364484943625,82,1364484943721,96,128,160,64
6,68,1364484943817,68,1364484943937,120,192,216,96
6,83,1364484944177,83,1364484944289,112,360,352,240
6,32,1364484944377,32,1364484944465,88,200,176,88
6,72,1364484944641,72,1364484944705,64,264,240,176
6,65,1364484944769,65,1364484944857,88,128,152,64
6,86,1364484945865,86,1364484945969,104,1096,1112,1008
6,8,1364484946465,8,1364484946570,105,600,601,496
6,86,1364484947154,86,1364484947243,89,689,673,584
6,69,1364484947330,69,1364484947394,64,176,151,87
6,32,1364484947426,32,1364484947522,96,96,128,32
6,68,1364484947522,68,1364484947626,104,96,104,0
6,79,1364484947666,79,1364484947746,80,144,120,40
6,77,1364484947874,77,1364484947946,72,208,200,128
6,73,1364484948322,73,1364484948394,72,448,448,376
6,78,1364484948506,78,1364484948570,64,184,176,112
6,65,1364484948794,65,1364484948874,80,288,304,224
6,84,1364484948956,84,1364484949090,134,162,216,82
6,69,1364484949042,69,1364484949154,112,86,64,-48
6,68,1364484949258,68,1364484949394,136,216,240,104
6,32,1364484949810,32,1364484949930,120,552,536,416
6,84,1364484949930,84,1364484950034,104,120,104,0
6,72,1364484950066,72,1364484950146,80,136,112,32
6,69,1364484950146,69,1364484950218,72,80,72,0
6,32,1364484950250,32,1364484950346,96,104,128,32
6,72,1364484950914,72,1364484950970,56,664,624,568
6,85,1364484951051,85,1364484951114,63,137,144,81
6,77,1364484951250,77,1364484951330,80,199,216,136
6,65,1364484951402,65,1364484951490,88,152,160,72
6,78,1364484951490,78,1364484951554,64,88,64,0
6,189,1364484952202,189,1364484952338,136,712,784,648
6,67,1364484952610,67,1364484952738,128,408,400,272
6,79,1364484952714,79,1364484952794,80,104,56,-24
6,77,1364484952874,77,1364484952970,96,160,176,80
6,80,1364484953066,80,1364484953178,112,192,208,96
6,85,1364484953234,85,1364484953298,64,168,120,56
6,84,1364484953842,84,1364484953962,120,608,664,544
6,69,1364484954034,69,1364484954170,136,192,208,72
6,82,1364484954122,82,1364484954258,136,88,88,-48
6,32,1364484954258,32,1364484954346,88,136,88,0
6,65,1364484954514,65,1364484954610,96,256,264,168
6,85,1364484954626,85,1364484954698,72,112,88,16
6,84,1364484954794,84,1364484954882,88,168,184,96
6,72,1364484954922,72,1364484954986,64,128,104,40
6,69,1364484955098,69,1364484955186,88,176,200,112
6,78,1364484955362,78,1364484955427,65,264,241,176
6,84,1364484956138,84,1364484956266,128,776,839,711
6,73,1364484956266,73,1364484956338,72,128,72,0
6,67,1364484956530,67,1364484956642,112,264,304,192
6,65,1364484956746,65,1364484956810,64,216,168,104
6,84,1364484956898,84,1364484957018,120,152,208,88
6,73,1364484956978,73,1364484957138,160,80,120,-40
6,79,1364484957098,79,1364484957226,128,120,88,-40
6,78,1364484957290,78,1364484957370,80,192,144,64
6,32,1364484957450,32,1364484957553,103,160,183,80
6,83,1364484959634,83,1364484959770,136,2184,2217,2081
6,73,1364484959770,73,1364484959809,39,136,39,0
6,78,1364484959929,78,1364484960009,80,159,200,120
6,67,1364484960202,67,1364484960313,111,273,304,193
6,69,1364484960538,69,1364484960657,119,336,344,225
6,32,1364484960761,32,1364484960865,104,223,208,104
6,84,1364484960889,84,1364484960977,88,128,112,24
6,72,1364484961025,72,1364484961081,56,136,104,48
6,69,1364484961122,69,1364484961185,63,97,104,41
6,32,1364484961231,32,1364484961305,74,109,120,46
6,49,1364484962897,49,1364484963017,120,1666,1712,1592
6,57,1364484963265,57,1364484963337,72,368,320,248
6,54,1364484963969,54,1364484964066,97,704,729,632
6,48,1364484964202,48,1364484964274,72,233,208,136
6,83,1364484965164,83,1364484965282,118,962,1008,890
6,188,1364484965858,188,1364484965922,64,694,640,576
6,32,1364484966114,32,1364484966202,88,256,280,192
6,84,1364484966755,84,1364484966850,95,641,648,553
6,72,1364484966898,72,1364484966962,64,143,112,48
6,69,1364484968794,69,1364484968922,128,1896,1960,1832
6,32,1364484969002,32,1364484969090,88,208,168,80
6,83,1364484969178,83,1364484969298,120,176,208,88
6,73,1364484969370,73,1364484969426,56,192,128,72
6,8,1364484971274,8,1364484971394,120,1904,1968,1848
6,69,1364484971442,69,1364484971522,80,168,128,48
6,77,1364484971570,77,1364484971650,80,128,128,48
6,73,1364484971778,73,1364484971850,72,208,200,128
6,78,1364484971954,78,1364484972002,48,176,152,104
6,65,1364484972426,65,1364484972546,120,472,544,424
6,76,1364484972562,76,1364484972650,88,136,104,16
6,32,1364484972770,32,1364484972850,80,208,200,120
6,80,1364484974258,80,1364484974362,104,1488,1512,1408
6,65,1364484974402,65,1364484974482,80,144,120,40
6,80,1364484974962,80,1364484975050,88,560,568,480
6,69,1364484975194,69,1364484975338,144,232,288,144
6,82,1364484975290,82,1364484975410,120,96,72,-48
6,32,1364484975474,32,1364484975555,81,184,145,64
6,73,1364484975650,73,1364484975714,64,176,159,95
6,83,1364484975754,83,1364484975866,112,104,152,40
6,32,1364484975866,32,1364484975938,72,112,72,0
6,8,1364484976266,8,1364484976353,87,400,415,328
6,8,1364484976473,8,1364484976529,56,207,176,120
6,8,1364484976617,8,1364484976705,88,144,176,88
6,87,1364484976769,87,1364484976849,80,152,144,64
6,65,1364484976961,65,1364484977050,89,192,201,112
6,83,1364484977170,83,1364484977266,96,209,216,120
6,32,1364484977266,32,1364484977345,79,96,79,0
6,79,1364484977465,79,1364484977561,96,199,216,120
6,8,1364484978033,8,1364484978145,112,568,584,472
6,68,1364484978233,68,1364484978316,83,200,171,88
6,79,1364484978458,79,1364484978537,79,225,221,142
6,78,1364484978657,78,1364484978729,72,199,192,120
6,69,1364484978809,69,1364484978873,64,152,144,80
6,8,1364484980442,8,1364484980593,151,1633,1720,1569
6,8,1364484980737,8,1364484980833,96,295,240,144
6,8,1364484980977,8,1364484981065,88,240,232,144
6,8,1364484981169,8,1364484981257,88,192,192,104
6,84,1364484981465,84,1364484981562,97,296,305,208
6,8,1364484982178,8,1364484982298,120,713,736,616
6,70,1364484983090,70,1364484983202,112,912,904,792
6,82,1364484983618,82,1364484983754,136,528,552,416
6,79,1364484983754,79,1364484983842,88,136,88,0
6,77,1364484983938,77,1364484984018,80,184,176,96
6,32,1364484984106,32,1364484984210,104,168,192,88
6,16,1364484984762,16,1364484984938,176,656,728,552
6,77,1364484984850,77,1364484984938,88,88,0,-88
6,79,1364484985050,79,1364484985114,64,200,176,112
6,82,1364484985218,82,1364484985330,112,168,216,104
6,82,1364484985434,82,1364484985562,128,216,232,104
6,73,1364484986674,73,1364484986730,56,1240,1168,1112
6,83,1364484986834,83,1364484986946,112,160,216,104
6,32,1364484987034,32,1364484987138,104,200,192,88
6,65,1364484987202,65,1364484987298,96,168,160,64
6,78,1364484987290,78,1364484987370,80,88,72,-8
6,68,1364484987442,68,1364484987530,88,152,160,72
6,32,1364484987498,32,1364484987586,88,56,56,-32
6,16,1364484988138,16,1364484988306,168,640,720,552
6,84,1364484988226,84,1364484988322,96,88,16,-80
6,72,1364484988450,72,1364484988535,85,224,213,128
6,79,1364484988586,79,1364484988698,112,136,163,51
6,77,1364484988810,77,1364484988882,72,224,184,112
6,80,1364484989042,80,1364484989138,96,232,256,160
6,79,1364484989834,79,1364484989906,72,792,768,696
6,78,1364484990018,78,1364484990098,80,184,192,112
6,188,1364484991434,188,1364484991538,104,1416,1440,1336
6,32,1364484991738,32,1364484991850,112,304,312,200
6,65,1364484995209,65,1364484995353,144,3471,3503,3359
6,78,1364484995354,78,1364484995417,63,145,64,1
6,79,1364484995602,79,1364484995681,79,248,264,185
6,84,1364484995801,84,1364484995905,104,199,224,120
6,72,1364484995921,72,1364484995993,72,120,88,16
6,69,1364484995977,69,1364484996113,136,56,120,-16
6,82,1364484996114,82,1364484996209,95,137,96,1
6,8,1364484996513,8,1364484996609,96,399,400,304
6,8,1364484996723,8,1364484996785,62,210,176,114
6,8,1364484996881,8,1364484996953,72,158,168,96
6,8,1364484997049,8,1364484997113,64,168,160,96
6,8,1364484997209,8,1364484997284,75,160,171,96
6,8,1364484997377,8,1364484997441,64,168,157,93
6,8,1364484997545,8,1364484997609,64,168,168,104
6,79,1364484998225,79,1364484998297,72,680,688,616
6,82,1364484998777,82,1364484998826,49,552,529,480
6,82,1364484998897,82,1364484999042,145,120,216,71
6,73,1364484999058,73,1364484999130,72,161,88,16
6,83,1364484999203,83,1364484999322,119,145,192,73
6,222,1364484999770,222,1364484999906,136,567,584,448
6,83,1364484999930,83,1364485000058,128,160,152,24
6,32,1364485000058,32,1364485000138,80,128,80,0
6,79,1364485000218,79,1364485000314,96,160,176,80
6,78,1364485000410,78,1364485000474,64,192,160,96
6,8,1364485001170,8,1364485001258,88,760,784,696
6,8,1364485001370,8,1364485001474,104,200,216,112
6,83,1364485001538,83,1364485001682,144,168,208,64
6,79,1364485001682,79,1364485001762,80,144,80,0
6,78,1364485001890,78,1364485001970,80,208,208,128
6,32,1364485002202,32,1364485002290,88,312,320,232
6,73,1364485002578,73,1364485002634,56,376,344,288
6,83,1364485002674,83,1364485002802,128,96,168,40
6,32,1364485002746,32,1364485002850,104,72,48,-56
6,72,1364485002970,72,1364485003034,64,224,184,120
6,84,1364485003034,84,1364485003122,88,64,88,0
6,69,1364485003274,69,1364485003346,72,240,224,152
6,8,1364485004858,8,1364485004930,72,1584,1584,1512
6,8,1364485005018,8,1364485005098,80,160,168,88
6,8,1364485005178,8,1364485005243,65,160,145,80
6,84,1364485006010,84,1364485006106,96,832,863,767
6,72,1364485006130,72,1364485006202,72,120,96,24
6,69,1364485006204,69,1364485006282,78,74,80,2
6,89,1364831957472,89,1364831957568,96,127,0,-96
6,79,1364831957592,79,1364831957720,128,120,152,24
6,85,1364831957688,85,1364831957816,128,96,96,-32
6,32,1364831957856,32,1364831957976,120,168,160,40
6,83,1364831958032,83,1364831958184,152,176,208,56
6,72,1364831958096,72,1364831958184,88,64,0,-88
6,79,1364831958216,79,1364831958336,120,120,152,32
6,85,1364831958304,85,1364831958408,104,88,72,-32
6,68,1364831958448,68,1364831958560,112,144,152,40
6,8,1364831959217,8,1364831959273,56,769,713,657
6,76,1364831959497,76,1364831959617,120,280,344,224
6,68,1364831959673,68,1364831959793,120,176,176,56
6,32,1364831959761,32,1364831959857,96,88,64,-32
6,72,1364831959937,72,1364831960025,88,176,168,80
6,65,1364831960025,65,1364831960105,80,88,80,0
6,86,1364831960249,86,1364831960369,120,224,264,144
6,69,1364831960417,69,1364831960537,120,168,168,48
6,32,1364831960857,32,1364831960953,96,440,416,320
6,65,1364831961017,65,1364831961089,72,160,136,64
6,32,1364831961113,32,1364831961193,80,96,104,24
6,83,1364831961409,83,1364831961545,136,296,352,216
6,79,1364831961529,79,1364831961601,72,120,56,-16
6,76,1364831961737,76,1364831961825,88,208,224,136
6,73,1364831962465,73,1364831962521,56,728,696,640
6,68,1364831962633,68,1364831962745,112,168,224,112
6,32,1364831962761,32,1364831962841,80,128,96,16
6,85,1364831964757,85,1364831964817,60,1996,1976,1916
6,78,1364831964969,78,1364831965025,56,212,208,152
6,68,1364831965153,68,1364831965249,96,184,224,128
6,69,1364831965361,69,1364831965529,168,208,280,112
6,82,1364831965529,82,1364831965649,120,168,120,0
6,83,1364831966537,83,1364831966601,64,1008,952,888
6,84,1364831966689,84,1364831966769,80,152,168,88
6,65,1364831966897,65,1364831967001,104,208,232,128
6,78,1364831967024,78,1364831967096,72,127,95,23
6,68,1364831967120,68,1364831967224,104,96,128,24
6,32,1364831967777,32,1364831967880,103,657,656,553
6,79,1364831967960,79,1364831968040,80,183,160,80
6,70,1364831968065,70,1364831968168,103,105,128,25
6,32,1364831968161,32,1364831968240,79,96,72,-7
6,67,1364831968440,67,1364831968561,121,279,321,200
6,79,1364831968520,79,1364831968592,72,80,31,-41
6,77,1364831968696,77,1364831968784,88,176,192,104
6,80,1364831968920,80,1364831969016,96,224,232,136
6,85,1364831969112,85,1364831969160,48,192,144,96
6,84,1364831969296,84,1364831969392,96,184,232,136
6,69,1364831969424,69,1364831969584,160,128,192,32
6,82,1364831969536,82,1364831969672,136,112,88,-48
6,32,1364831969672,32,1364831969744,72,136,72,0
6,78,1364831970064,78,1364831970128,64,392,384,320
6,69,1364831970280,69,1364831970360,80,216,232,152
6,87,1364831970464,87,1364831970553,89,184,193,104
6,84,1364831970784,84,1364831970864,80,320,311,231
6,8,1364831971240,8,1364831971336,96,456,472,376
6,8,1364831971441,8,1364831971520,79,201,184,105
6,84,1364831971552,84,1364831971664,112,111,144,32
6,87,1364831971968,87,1364831972112,144,416,448,304
6,79,1364831972113,79,1364831972184,71,145,72,1
6,82,1364831972209,82,1364831972312,103,96,128,25
6,75,1364831972352,75,1364831972440,88,143,128,40
6,32,1364831972696,32,1364831972792,96,344,352,256
6,65,1364831972856,65,1364831972936,80,160,144,64
6,78,1364831973016,78,1364831973088,72,160,152,80
6,68,1364831973160,68,1364831973248,88,144,160,72
6,8,1364831974258,8,1364831974344,86,1098,1096,1010
6,8,1364831974480,8,1364831974544,64,222,200,136
6,8,1364831974616,8,1364831974704,88,136,160,72
6,83,1364831974816,83,1364831974920,104,200,216,112
6,69,1364831975144,69,1364831975224,80,328,304,224
6,67,1364831975400,67,1364831975536,136,256,312,176
6,85,1364831975512,85,1364831975600,88,112,64,-24
6,82,1364831975696,82,1364831975808,112,184,208,96
6,73,1364831975809,73,1364831975888,79,113,80,1
6,84,1364831976521,84,1364831976617,96,712,729,633
6,89,1364831976641,89,1364831976729,88,120,112,24
6,190,1364831977081,190,1364831977185,104,440,456,352
6,32,1364831977457,32,1364831977569,112,376,384,272
6,16,1364831979641,16,1364831979801,160,2184,2232,2072
6,84,1364831979697,84,1364831979801,104,56,0,-104
6,79,1364831980009,79,1364831980137,128,312,336,208
6,32,1364831980153,32,1364831980265,112,144,128,16
6,71,1364831981225,71,1364831981337,112,1072,1072,960
6,8,1364831982161,8,1364831982265,104,936,928,824
6,71,1364831982745,71,1364831982873,128,584,608,480
6,69,1364831982873,69,1364831982953,80,128,80,0
6,84,1364831983065,84,1364831983153,88,192,200,112
6,32,1364831983177,32,1364831983281,104,112,128,24
6,65,1364831983361,65,1364831983449,88,184,168,80
6,32,1364831983449,32,1364831983529,80,88,80,0
6,52,1364831984265,52,1364831984345,80,816,816,736
6,190,1364831984489,190,1364831984617,128,224,272,144
6,48,1364831985457,48,1364831985529,72,968,912,840
6,188,1364831986009,188,1364831986112,103,552,583,480
6,32,1364831986240,32,1364831986328,88,231,216,128
6,79,1364831986976,79,1364831987048,72,736,720,648
6,78,1364831987152,78,1364831987248,96,176,200,104
6,69,1364831987280,69,1364831987368,88,128,120,32
6,32,1364831987530,32,1364831987632,102,250,264,162
6,72,1364831987800,72,1364831987864,64,270,232,168
6,65,1364831988008,65,1364831988072,64,208,208,144
6,83,1364831988200,83,1364831988304,104,192,232,128
6,32,1364831988304,32,1364831988401,97,104,97,0
6,84,1364831988457,84,1364831988552,95,153,151,56
6,79,1364831988553,79,1364831988656,103,96,104,1
6,32,1364831988632,32,1364831988736,104,79,80,-24
6,83,1364831989192,83,1364831989304,112,560,568,456
6,85,1364831989336,85,1364831989400,64,144,96,32
6,84,1364831989432,84,1364831989520,88,96,120,32
6,8,1364831990217,8,1364831990312,95,785,792,697
6,8,1364831990392,8,1364831990488,96,175,176,80
6,84,1364831990544,84,1364831990632,88,152,144,56
6,85,1364831990657,85,1364831990736,79,113,104,25
6,68,1364831990992,68,1364831991096,104,335,360,256
6,89,1364831991184,89,1364831991256,72,192,160,88
6,32,1364831991728,32,1364831991824,96,544,568,472
6,72,1364831991912,72,1364831991992,80,184,168,88
6,8,1364831992400,8,1364831992520,120,488,528,408
6,86,1364831992584,86,1364831992664,80,184,144,64
6,69,1364831992744,69,1364831992872,128,160,208,80
6,82,1364831992840,82,1364831992960,120,96,88,-32
6,89,1364831992912,89,1364831993040,128,72,80,-48
6,32,1364831993040,32,1364831993136,96,128,96,0
6,72,1364831993232,72,1364831993312,80,192,176,96
6,65,1364831993392,65,1364831993472,80,160,160,80
6,82,1364831993552,82,1364831993664,112,160,192,80
6,68,1364831993817,68,1364831993921,104,265,257,153
6,32,1364831994185,32,1364831994281,96,368,360,264
6,65,1364831994361,65,1364831994433,72,176,152,80
6,78,1364831994473,78,1364831994537,64,112,104,40
6,68,1364831994577,68,1364831994681,104,104,144,40
6,32,1364831994705,32,1364831994801,96,128,120,24
6,68,1364831995201,68,1364831995321,120,496,520,400
6,79,1364831995345,79,1364831995433,88,144,112,24
6,32,1364831995449,32,1364831995577,128,104,144,16
6,65,1364831995758,65,1364831995849,91,309,272,181
6,76,1364831995849,76,1364831995913,64,91,64,0
6,76,1364831996001,76,1364831996097,96,152,184,88
6,32,1364831996185,32,1364831996281,96,184,184,88
6,84,1364831996329,84,1364831996425,96,144,144,48
6,72,1364831996465,72,1364831996537,72,136,112,40
6,69,1364831996537,69,1364831996625,88,72,88,0
6,32,1364831996665,32,1364831996761,96,128,136,40
6,72,1364831996993,72,1364831997049,56,328,288,232
6,79,1364831997129,79,1364831997225,96,136,176,80
6,77,1364831997345,77,1364831997417,72,216,192,120
6,69,1364831997449,69,1364831997521,72,104,104,32
6,87,1364831997977,87,1364831998089,112,528,568,456
6,79,1364831998113,79,1364831998185,72,136,96,24
6,82,1364831998233,82,1364831998353,120,120,168,48
6,75,1364831998353,75,1364831998417,64,120,64,0
6,188,1364832000361,188,1364832000433,72,2008,2016,1944
6,32,1364832000817,32,1364832000905,88,456,472,384
6,89,1364832001953,89,1364832002033,80,1136,1128,1048
6,79,1364832002065,79,1364832002201,136,112,168,32
6,85,1364832002169,85,1364832002265,96,104,64,-32
6,32,1364832002809,32,1364832002913,104,640,648,544
6,67,1364832002961,67,1364832003064,103,152,151,48
6,65,1364832003193,65,1364832003345,152,232,281,129
6,78,1364832003281,78,1364832003345,64,88,0,-64
6,32,1364832003425,32,1364832003520,95,144,175,80
6,71,1364832003816,71,1364832003952,136,391,432,296
6,69,1364832003953,69,1364832004056,103,137,104,1
6,32,1364832004160,32,1364832004208,48,207,152,104
6,84,1364832004304,84,1364832004400,96,144,192,96
6,8,1364832004649,8,1364832004728,79,345,328,249
6,8,1364832004832,8,1364832004896,64,183,168,104
6,84,1364832004920,84,1364832005016,96,88,120,24
6,32,1364832005056,32,1364832005160,104,136,144,40
6,83,1364832005416,83,1364832005528,112,360,368,256
6,79,1364832005520,79,1364832005616,96,104,88,-8
6,77,1364832005761,77,1364832005848,87,241,232,145
6,69,1364832005801,69,1364832005849,48,40,1,-47
6,32,1364832005968,32,1364832006040,72,167,191,119
6,72,1364832006160,72,1364832006232,72,192,192,120
6,69,1364832006360,69,1364832006424,64,200,192,128
6,76,1364832006857,76,1364832006936,79,497,512,433
6,80,1364832007088,80,1364832007232,144,231,296,152
6,32,1364832007232,32,1364832007336,104,144,104,0
6,70,1364832007376,70,1364832007480,104,144,144,40
6,82,1364832007608,82,1364832007712,104,232,232,128
6,79,1364832007752,79,1364832007856,104,144,144,40
6,77,1364832008000,77,1364832008080,80,248,224,144
6,32,1364832008233,32,1364832008296,63,233,216,153
6,16,1364832010080,16,1364832010264,184,1847,1968,1784
6,67,1364832010176,67,1364832010296,120,96,32,-88
6,32,1364832010656,32,1364832010744,88,480,448,360
6,73,1364832010840,73,1364832010920,80,184,176,96
6,70,1364832010952,70,1364832011048,96,112,128,32
6,32,1364832011048,32,1364832011128,80,96,80,0
6,78,1364832011265,78,1364832011329,64,217,201,137
6,69,1364832011433,69,1364832011521,88,168,192,104
6,69,1364832012115,69,1364832012201,86,682,680,594
6,68,1364832012369,68,1364832012449,80,254,248,168
6,69,1364832012569,69,1364832012641,72,200,192,120
6,68,1364832012761,68,1364832012865,104,192,224,120
6,190,1364832013401,190,1364832013497,96,640,632,536
6,32,1364832014385,32,1364832014481,96,984,984,888
6,16,1364832014993,16,1364832015161,168,608,680,512
6,84,1364832015105,84,1364832015225,120,112,64,-56
6,72,1364832015313,72,1364832015385,72,208,160,88
6,69,1364832015385,69,1364832015473,88,72,88,0
6,32,1364832015473,32,1364832015585,112,88,112,0
6,80,1364832015713,80,1364832015809,96,240,224,128
6,82,1364832015777,82,1364832015881,104,64,72,-32
6,79,1364832015969,79,1364832016073,104,192,192,88
6,66,1364832016129,66,1364832016241,112,160,168,56
6,76,1364832016313,76,1364832016401,88,184,160,72
6,69,1364832016489,69,1364832016593,104,176,192,88
6,77,1364832016649,77,1364832016713,64,160,120,56
6,83,1364832016757,83,1364832016881,124,108,168,44
6,32,1364832016897,32,1364832016993,96,140,112,16
6,73,1364832017017,73,1364832017097,80,120,104,24
6,78,1364832017201,78,1364832017281,80,184,184,104
6,32,1364832017377,32,1364832017481,104,176,200,96
6,84,1364832017449,84,1364832017545,96,72,64,-32
6,72,1364832017617,72,1364832017689,72,168,144,72
6,69,1364832017689,69,1364832017753,64,72,64,0
7,84,1363374507068,84,1363374507220,152,160,80,-72
7,72,1363374507284,72,1363374507372,88,216,152,64
7,69,1363374507348,69,1363374507500,152,64,128,-24
7,32,1363374507524,32,1363374507604,80,176,104,24
7,76,1363374507858,76,1363374507964,106,334,360,254
7,65,1363374507964,65,1363374508140,176,106,176,0
7,8,1363374508412,8,1363374508468,56,448,328,272
7,8,1363374508556,8,1363374508628,72,144,160,88
7,16,1363374508812,16,1363374509052,240,256,424,184
7,76,1363374508916,76,1363374509052,136,104,0,-136
7,65,1363374509188,65,1363374509324,136,272,272,136
7,75,1363374509364,75,1363374509460,96,176,136,40
7,69,1363374509436,69,1363374509540,104,72,80,-24
7,69,1363374509668,69,1363374509868,200,232,328,128
7,82,1363374509804,82,1363374509916,112,136,48,-64
7,8,1363374510156,8,1363374510205,49,352,289,240
7,8,1363374510295,8,1363374510356,61,139,151,90
7,82,1363374510716,82,1363374510839,123,421,483,360
7,83,1363374510956,83,1363374511113,157,240,274,117
7,32,1363374511508,32,1363374511652,144,552,539,395
7,87,1363374511972,87,1363374512124,152,464,472,320
7,73,1363374512052,73,1363374512124,72,80,0,-72
7,76,1363374512276,76,1363374512301,25,224,177,152
7,76,1363374512363,76,1363374512459,96,87,158,62
7,32,1363374512604,32,1363374512683,79,241,224,145
7,72,1363374512759,72,1363374512876,117,155,193,76
7,79,1363374512848,79,1363374512948,100,89,72,-28
7,83,1363374512933,83,1363374513019,86,85,71,-15
7,84,1363374513099,84,1363374513187,88,166,168,80
7,32,1363374513235,32,1363374513412,177,136,225,48
7,84,1363374514116,84,1363374514194,78,881,782,704
7,72,1363374514194,72,1363374514259,65,78,65,0
7,69,1363374514275,69,1363374514435,160,81,176,16
7,32,1363374514363,32,1363374514580,217,88,145,-72
7,8,1363374515619,8,1363374515691,72,1256,1111,1039
7,73,1363374516147,73,1363374516195,48,528,504,456
7,78,1363374516299,78,1363374516387,88,152,192,104
7,71,1363374516388,71,1363374516451,63,89,64,1
7,83,1363374516679,83,1363374516835,156,291,384,228
7,32,1363374516899,32,1363374517067,168,220,232,64
7,79,1363374517886,79,1363374517947,61,987,880,819
7,78,1363374518057,78,1363374518148,91,171,201,110
7,32,1363374518236,32,1363374518363,127,179,215,88
7,16,1363374518396,16,1363374518923,527,160,560,33
7,83,1363374518779,83,1363374518979,200,383,56,-144
7,85,1363374519179,85,1363374519235,56,400,256,200
7,78,1363374519349,78,1363374519435,86,170,200,114
7,68,1363374519435,68,1363374519499,64,86,64,0
7,65,1363374519595,65,1363374519755,160,160,256,96
7,89,1363374519731,89,1363374519822,91,136,67,-24
7,32,1363374520611,32,1363374520795,184,880,973,789
7,65,1363374520987,65,1363374521103,116,376,308,192
7,78,1363374521075,78,1363374521163,88,88,60,-28
7,68,1363374521195,68,1363374521347,152,120,184,32
7,32,1363374521315,32,1363374521411,96,120,64,-32
7,80,1363374521501,80,1363374521562,61,186,151,90
7,76,1363374521668,76,1363374521755,87,167,193,106
7,65,1363374521779,65,1363374521939,160,111,184,24
7,89,1363374521925,89,1363374522003,78,146,64,-14
7,32,1363374522235,32,1363374522395,160,310,392,232
7,84,1363374522919,84,1363374523017,98,684,622,524
7,72,1363374523017,72,1363374523083,66,98,66,0
7,69,1363374523111,69,1363374523243,132,94,160,28
7,32,1363374523195,32,1363374523307,112,84,64,-48
7,83,1363374523395,83,1363374523451,56,200,144,88
7,69,1363374523524,69,1363374523587,63,129,136,73
7,67,1363374523739,67,1363374523883,144,215,296,152
7,79,1363374523859,79,1363374523938,79,120,55,-24
7,78,1363374524027,78,1363374524131,104,168,193,89
7,68,1363374524107,68,1363374524211,104,80,80,-24
7,32,1363374524260,32,1363374524420,160,153,209,49
7,68,1363374525836,68,1363374525892,56,1576,1472,1416
7,65,1363374525972,65,1363374526148,176,136,256,80
7,89,1363374526109,89,1363374526212,103,137,64,-39
7,32,1363374526212,32,1363374526308,96,103,96,0
7,79,1363374526396,79,1363374526508,112,184,200,88
7,70,1363374526524,70,1363374526692,168,128,184,16
7,32,1363374526620,32,1363374526758,138,96,66,-72
7,65,1363374527316,65,1363374527468,152,696,710,558
7,32,1363374527420,32,1363374527556,136,104,88,-48
7,66,1363374527724,66,1363374527788,64,304,232,168
7,65,1363374527884,65,1363374527980,96,160,192,96
7,67,1363374528156,67,1363374528300,144,272,320,176
7,75,1363374528652,75,1363374528796,144,496,496,352
7,189,1363374529332,189,1363374529419,87,680,623,536
7,84,1363374529819,84,1363374529932,113,487,513,400
7,79,1363374529876,79,1363374529996,120,57,64,-56
7,189,1363374530179,189,1363374530276,97,303,280,183
7,66,1363374530491,66,1363374530547,56,312,271,215
7,65,1363374530644,65,1363374530707,63,153,160,97
7,67,1363374530843,67,1363374530979,136,199,272,136
7,75,1363374530931,75,1363374531012,81,88,33,-48
7,32,1363374531083,32,1363374531243,160,152,231,71
7,79,1363374533243,79,1363374533331,88,2160,2088,2000
7,78,1363374533459,78,1363374533531,72,216,200,128
7,68,1363374533619,68,1363374533683,64,160,152,88
7,65,1363374533848,65,1363374534011,163,229,328,165
7,89,1363374533915,89,1363374534011,96,67,0,-96
7,32,1363374534163,32,1363374534275,112,248,264,152
7,73,1363374535323,73,1363374535399,76,1160,1124,1048
7,78,1363374535491,78,1363374535555,64,168,156,92
7,32,1363374535643,32,1363374535766,123,152,211,88
7,72,1363374536115,72,1363374536195,80,472,429,349
7,79,1363374536283,79,1363374536363,80,168,168,88
7,78,1363374536563,78,1363374536699,136,280,336,200
7,69,1363374536931,69,1363374537091,160,368,392,232
7,8,1363374537953,8,1363374538075,122,1022,984,862
7,8,1363374538659,8,1363374538763,104,706,688,584
7,69,1363374539508,69,1363374539651,143,849,888,745
7,78,1363374539883,78,1363374539947,64,375,296,232
7,73,1363374540019,73,1363374540107,88,136,160,72
7,88,1363374540155,88,1363374540319,164,136,212,48
7,32,1363374540443,32,1363374540627,184,288,308,124
7,65,1363374541195,65,1363374541332,137,752,705,568
7,71,1363374541435,71,1363374541499,64,240,167,103
7,65,1363374541619,65,1363374541780,161,184,281,120
7,73,1363374541780,73,1363374541868,88,161,88,0
7,78,1363374542268,78,1363374542364,96,488,496,400
7,83,1363374542444,83,1363374542540,96,176,176,80
7,84,1363374542652,84,1363374542756,104,208,216,112
7,32,1363374542956,32,1363374543148,192,304,392,200
7,84,1363374543276,84,1363374543348,72,320,200,128
7,72,1363374543364,72,1363374543457,93,88,109,16
7,69,1363374543458,69,1363374543645,187,94,188,1
7,32,1363374543580,32,1363374543708,128,122,63,-65
7,78,1363374544268,78,1363374544372,104,688,664,560
7,83,1363374544444,83,1363374544580,136,176,208,72
7,8,1363374544852,8,1363374544916,64,408,336,272
7,8,1363374545020,8,1363374545068,48,168,152,104
7,8,1363374545156,8,1363374545244,88,136,176,88
7,16,1363374545516,16,1363374546076,560,360,832,272
7,83,1363374545972,83,1363374546164,192,456,88,-104
7,85,1363374546268,85,1363374546331,63,296,167,104
7,78,1363374546468,78,1363374546564,96,200,233,137
7,83,1363374546604,83,1363374546740,136,136,176,40
7,190,1363374548611,190,1363374548739,128,2007,1999,1871
7,8,1363374550179,8,1363374550323,144,1568,1584,1440
7,32,1363374550507,32,1363374550603,96,328,280,184
7,68,1363374551081,68,1363374551387,306,574,784,478
7,8,1363374551699,8,1363374551787,88,618,400,312
7,68,1363374551923,68,1363374552086,163,224,299,136
7,16,1363374552087,16,1363374552331,244,164,245,1
7,8,1363374552667,8,1363374552739,72,580,408,336
7,222,1363374553507,222,1363374553595,88,840,856,768
7,16,1363374555147,16,1363374555732,585,1640,2137,1552
7,65,1363374555595,65,1363374555795,200,448,63,-137
7,78,1363374556083,78,1363374556243,160,488,448,288
7,84,1363374557387,84,1363374557519,132,1304,1276,1144
7,79,1363374557475,79,1363374557643,168,88,124,-44
7,78,1363374558483,78,1363374558579,96,1008,936,840
7,73,1363374558667,73,1363374558763,96,184,184,88
7,32,1363374558873,32,1363374559027,154,206,264,110
7,83,1363374559460,83,1363374559540,80,587,513,433
7,65,1363374559636,65,1363374559788,152,176,248,96
7,73,1363374559820,73,1363374559900,80,184,112,32
7,68,1363374559932,68,1363374560084,152,112,184,32
7,32,1363374560084,32,1363374560204,120,152,120,0
7,84,1363374560252,84,1363374560332,80,168,128,48
7,72,1363374560332,72,1363374560436,104,80,104,0
7,69,1363374560436,69,1363374560612,176,104,176,0
7,32,1363374560612,32,1363374560732,120,176,120,0
7,16,1363374562460,16,1363374562836,376,1848,2104,1728
7,83,1363374562724,83,1363374562908,184,264,72,-112
7,85,1363374563116,85,1363374563180,64,392,272,208
7,78,1363374563284,78,1363374563388,104,168,208,104
7,83,1363374563460,83,1363374563668,208,176,280,72
7,32,1363374563708,32,1363374563888,180,248,220,40
7,71,1363374564716,71,1363374564772,56,1008,884,828
7,65,1363374564820,65,1363374564964,144,104,192,48
7,77,1363374564964,77,1363374565096,132,144,132,0
7,69,1363374565051,69,1363374565228,177,87,132,-45
7,32,1363374565228,32,1363374565366,138,177,138,0
7,87,1363374565366,87,1363374565549,183,138,183,0
7,79,1363374565475,79,1363374565641,166,109,92,-74
7,85,1363374565571,85,1363374565685,114,96,44,-70
7,76,1363374565779,76,1363374565916,137,208,231,94
7,68,1363374565891,68,1363374566029,138,112,113,-25
7,32,1363374566016,32,1363374566140,124,125,111,-13
7,66,1363374566140,66,1363374566187,47,124,47,0
7,69,1363374566307,69,1363374566428,121,167,241,120
7,32,1363374566411,32,1363374566508,97,104,80,-17
7,77,1363374566651,77,1363374566707,56,240,199,143
7,79,1363374566835,79,1363374566940,105,184,233,128
7,82,1363374566941,82,1363374567083,142,106,143,1
7,69,1363374567003,69,1363374567155,152,62,72,-80
7,32,1363374567084,32,1363374567179,95,81,24,-71
7,76,1363374567235,76,1363374567387,152,151,208,56
7,73,1363374567299,73,1363374567387,88,64,0,-88
7,75,1363374567507,75,1363374567572,65,208,185,120
7,69,1363374567572,69,1363374567659,87,65,87,0
7,76,1363374567699,76,1363374567771,72,127,112,40
7,89,1363374567915,89,1363374567995,80,216,224,144
7,188,1363374569139,188,1363374569219,80,1224,1224,1144
7,32,1363374569363,32,1363374569483,120,224,264,144
7,80,1363374570395,80,1363374570483,88,1032,1000,912
7,73,1363374570667,73,1363374570771,104,272,288,184
7,78,1363374570987,78,1363374571051,64,320,280,216
7,78,1363374571107,78,1363374571171,64,120,120,56
7,73,1363374571267,73,1363374571331,64,160,160,96
7,78,1363374571403,78,1363374571491,88,136,160,72
7,71,1363374571515,71,1363374571635,120,112,144,24
7,32,1363374571635,32,1363374571779,144,120,144,0
7,16,1363374572027,16,1363374572427,400,392,648,248
7,71,1363374572363,71,1363374572499,136,336,72,-64
7,65,1363374572675,65,1363374572875,200,312,376,176
7,83,1363374573059,83,1363374573259,200,384,384,184
7,79,1363374573235,79,1363374573331,96,176,72,-24
7,76,1363374573459,76,1363374573611,152,224,280,128
7,222,1363374574083,222,1363374574195,112,624,584,472
7,83,1363374574195,83,1363374574355,160,112,160,0
7,32,1363374574587,32,1363374574755,168,392,400,232
7,82,1363374575587,82,1363374575779,192,1000,1024,832
7,69,1363374575651,69,1363374575829,178,64,50,-128
7,84,1363374576019,84,1363374576075,56,368,246,190
7,82,1363374576187,82,1363374576307,120,168,232,112
7,85,1363374576259,85,1363374576333,74,72,26,-48
7,78,1363374576460,78,1363374576563,103,201,230,127
7,32,1363374576667,32,1363374576788,121,207,225,104
7,79,1363374576868,79,1363374576964,96,201,176,80
7,78,1363374577044,78,1363374577156,112,176,192,80
7,69,1363374577588,69,1363374577748,160,544,592,432
7,32,1363374577796,32,1363374577932,136,208,184,48
7,68,1363374578076,68,1363374578140,64,280,208,144
7,65,1363374578220,65,1363374578388,168,144,248,80
7,89,1363374578325,89,1363374578428,103,105,40,-63
7,32,1363374578428,32,1363374578524,96,103,96,0
7,66,1363374578955,66,1363374579012,57,527,488,431
7,69,1363374579148,69,1363374579220,72,193,208,136
7,70,1363374579329,70,1363374579396,67,181,176,109
7,79,1363374579541,79,1363374579674,133,212,278,145
7,82,1363374579644,82,1363374579812,168,103,138,-30
7,69,1363374579740,69,1363374579892,152,96,80,-72
7,32,1363374579852,32,1363374579964,112,112,72,-40
7,84,1363374579996,84,1363374580068,72,144,104,32
7,72,1363374580092,72,1363374580180,88,96,112,24
7,69,1363374580180,69,1363374580340,160,88,160,0
7,32,1363374580309,32,1363374580428,119,129,88,-31
7,69,1363374580964,69,1363374581036,72,655,608,536
7,78,1363374581076,78,1363374581172,96,112,136,40
7,68,1363374581172,68,1363374581324,152,96,152,0
7,32,1363374581284,32,1363374581387,103,112,63,-40
7,79,1363374581460,79,1363374581556,96,176,169,73
7,70,1363374581580,70,1363374581724,144,120,168,24
7,32,1363374581676,32,1363374581811,135,96,87,-48
7,84,1363374581876,84,1363374581947,71,200,136,65
7,72,1363374581972,72,1363374582052,80,96,105,25
7,69,1363374582052,69,1363374582212,160,80,160,0
7,32,1363374582172,32,1363374582289,117,120,77,-40
7,83,1363374582428,83,1363374582587,159,256,298,139
7,73,1363374582523,73,1363374582611,88,95,24,-64
7,88,1363374582731,88,1363374582891,160,208,280,120
7,189,1363374583370,189,1363374583443,73,639,552,479
7,87,1363374583635,87,1363374583811,176,265,368,192
7,69,1363374583964,69,1363374584027,63,329,216,153
7,69,1363374584098,69,1363374584243,145,134,216,71
7,75,1363374584244,75,1363374584332,88,146,89,1
7,32,1363374584483,32,1363374584627,144,239,295,151
7,87,1363374584675,87,1363374584811,136,192,184,48
7,73,1363374584795,73,1363374584883,88,120,72,-16
7,32,1363898381079,32,1363898381183,104,152,104,0
7,65,1363898381183,65,1363898381319,136,104,136,0
7,32,1363898381287,32,1363898381375,88,104,56,-32
7,67,1363898382223,67,1363898382303,80,936,928,848
7,65,1363898382399,65,1363898382519,120,176,216,96
7,82,1363898382583,82,1363898382671,88,184,152,64
7,68,1363898382783,68,1363898382928,145,200,257,112
7,189,1363898383176,189,1363898383256,80,393,328,248
7,67,1363898383496,67,1363898383568,72,320,312,240
7,65,1363898383664,65,1363898383768,104,168,200,96
7,82,1363898383896,82,1363898383928,32,232,160,128
7,82,1363898383984,82,1363898384080,96,88,152,56
7,89,1363898384160,89,1363898384272,112,176,192,80
7,32,1363898384288,32,1363898384400,112,128,128,16
7,77,1363898385048,77,1363898385136,88,760,736,648
7,8,1363898385416,8,1363898385472,56,368,336,280
7,8,1363898385536,8,1363898385616,80,120,144,64
7,73,1363898385824,73,1363898385896,72,288,280,208
7,78,1363898386000,78,1363898386080,80,176,184,104
7,71,1363898386080,71,1363898386176,96,80,96,0
7,32,1363898386176,32,1363898386248,72,96,72,0
7,77,1363898386328,77,1363898386416,88,152,168,80
7,69,1363898386416,69,1363898386536,120,88,120,0
7,77,1363898386680,77,1363898386768,88,264,232,144
7,66,1363898386912,66,1363898386960,48,232,192,144
7,69,1363898387080,69,1363898387240,160,168,280,120
7,82,1363898387136,82,1363898387240,104,56,0,-104
7,32,1363898387312,32,1363898387472,160,176,232,72
7,79,1363898387992,79,1363898388088,96,680,616,520
7,70,1363898388088,70,1363898388208,120,96,120,0
7,32,1363898388160,32,1363898388272,112,72,64,-48
7,84,1363898388336,84,1363898388424,88,176,152,64
7,72,1363898388424,72,1363898388488,64,88,64,0
7,69,1363898388488,69,1363898388663,175,64,175,0
7,32,1363898388600,32,1363898388704,104,112,41,-63
7,16,1363898390895,16,1363898391256,361,2295,2552,2191
7,71,1363898391192,71,1363898391312,120,297,56,-64
7,79,1363898391448,79,1363898391560,112,256,248,136
7,189,1363898392223,189,1363898392300,77,775,740,663
7,70,1363898392423,70,1363898392503,80,200,203,123
7,79,1363898392535,79,1363898392623,88,112,120,32
7,82,1363898392647,82,1363898392783,136,112,160,24
7,32,1363898392784,32,1363898392944,160,137,161,1
7,8,1363898393392,8,1363898393511,119,608,567,448
7,8,1363898395295,8,1363898395367,72,1903,1856,1784
7,8,1363898395463,8,1363898395511,48,168,144,96
7,8,1363898395615,8,1363898395671,56,152,160,104
7,8,1363898395751,8,1363898395799,48,136,128,80
7,8,1363898395879,8,1363898395928,49,128,129,80
7,8,1363898396023,8,1363898396071,48,144,143,95
7,8,1363898396159,8,1363898396199,40,136,128,88
7,8,1363898396271,8,1363898396319,48,112,120,72
7,13,1363898396903,13,1363898396991,88,632,672,584
7,76,1363898399343,76,1363898399519,176,2440,2528,2352
7,85,1363898399479,85,1363898399559,80,136,40,-40
7,8,1363898399791,8,1363898399855,64,312,296,232
7,8,1363898399928,8,1363898400015,87,137,160,73
7,8,1363898400087,8,1363898400143,56,159,128,72
7,8,1363898400239,8,1363898400311,72,152,168,96
7,8,1363898400528,8,1363898400608,80,289,297,217
7,13,1363898402800,13,1363898402880,80,2272,2272,2192
7,85,1363898403896,85,1363898403968,72,1096,1088,1016
7,66,1363898404440,66,1363898404560,120,544,592,472
7,188,1363898405744,188,1363898405808,64,1304,1248,1184
7,32,1363898405920,32,1363898406032,112,176,224,112
7,84,1363898406144,84,1363898406272,128,224,240,112
7,73,1363898406184,73,1363898406272,88,40,0,-88
7,32,1363898406351,32,1363898406495,144,167,223,79
7,80,1363898407072,80,1363898407159,87,721,664,577
7,78,1363898407503,78,1363898407592,89,431,433,344
7,83,1363898407616,83,1363898407807,191,113,215,24
7,32,1363898407751,32,1363898407839,88,135,32,-56
7,77,1363898407920,77,1363898408016,96,169,177,81
7,69,1363898408016,69,1363898408151,135,96,135,0
7,32,1363898408135,32,1363898408239,104,119,88,-16
7,84,1363898408263,84,1363898408407,144,128,168,24
7,79,1363898408375,79,1363898408543,168,112,136,-32
7,32,1363898408463,32,1363898408567,104,88,24,-80
7,69,1363898408935,69,1363898409007,72,472,440,368
7,86,1363898409096,86,1363898409151,55,161,144,89
7,69,1363898409223,69,1363898409383,160,127,232,72
7,78,1363898409343,78,1363898409407,64,120,24,-40
7,32,1363898409480,32,1363898409575,95,137,168,73
7,84,1363898409551,84,1363898409647,96,71,72,-24
7,72,1363898409671,72,1363898409799,128,120,152,24
7,73,1363898409759,73,1363898409815,56,88,16,-40
7,78,1363898409904,78,1363898410007,103,145,192,89
7,75,1363898409984,75,1363898410087,103,80,80,-23
7,32,1363898410135,32,1363898410215,80,151,128,48
7,65,1363898410239,65,1363898410351,112,104,136,24
7,66,1363898410399,66,1363898410496,97,160,145,48
7,79,1363898410496,79,1363898410655,159,97,159,0
7,85,1363898410575,85,1363898410671,96,79,16,-80
7,84,1363898410655,84,1363898410767,112,80,96,-16
7,32,1363898410783,32,1363898410911,128,128,144,16
7,87,1363898412119,87,1363898412223,104,1336,1312,1208
7,72,1363898412224,72,1363898412287,63,105,64,1
7,65,1363898412287,65,1363898412375,88,63,88,0
7,84,1363898412439,84,1363898412551,112,152,176,64
7,32,1363898412591,32,1363898412735,144,152,184,40
7,73,1363898413175,73,1363898413247,72,584,512,440
7,8,1363898413727,8,1363898413791,64,552,544,480
7,32,1363898414167,32,1363898414223,56,440,432,376
7,77,1363898414367,77,1363898414423,56,200,200,144
7,65,1363898414383,65,1363898414559,176,16,136,-40
7,32,1363898414687,32,1363898414775,88,304,216,128
7,8,1363898414959,8,1363898414999,40,272,224,184
7,8,1363898415095,8,1363898415143,48,136,144,96
7,8,1363898415199,8,1363898415271,72,104,128,56
7,65,1363898415335,65,1363898415503,168,136,232,64
7,77,1363898415431,77,1363898415503,72,96,0,-72
7,32,1363898415559,32,1363898415647,88,128,144,56
7,65,1363898416791,65,1363898416863,72,1232,1216,1144
7,66,1363898416935,66,1363898416991,56,144,128,72
7,79,1363898417079,79,1363898417247,168,144,256,88
7,32,1363898417615,32,1363898417736,121,536,489,368
7,8,1363898417923,8,1363898417976,53,308,240,187
7,8,1363898418064,8,1363898418120,56,141,144,88
7,8,1363898418304,8,1363898418384,80,240,264,184
7,8,1363898418592,8,1363898418664,72,288,280,208
7,79,1363898418848,79,1363898419000,152,256,336,184
7,85,1363898418968,85,1363898419064,96,120,64,-32
7,84,1363898419152,84,1363898419232,80,184,168,88
7,32,1363898419256,32,1363898419360,104,104,128,24
7,84,1363898419368,84,1363898419448,80,112,88,8
7,79,1363898420024,79,1363898420104,80,656,656,576
7,32,1363898420176,32,1363898420296,120,152,192,72
7,83,1363898420408,83,1363898420584,176,232,288,112
7,85,1363898420512,85,1363898420584,72,104,0,-72
7,71,1363898420704,71,1363898420760,56,192,176,120
7,71,1363898420808,71,1363898420880,72,104,120,48
7,69,1363898420992,69,1363898421136,144,184,256,112
7,83,1363898421312,83,1363898421416,104,320,280,176
7,84,1363898421552,84,1363898421672,120,240,256,136
7,190,1363898422856,190,1363898422944,88,1304,1272,1184
7,13,1363898423144,13,1363898423232,88,288,288,200
7,85,1363898425496,85,1363898425568,72,2352,2336,2264
7,84,1363898425767,84,1363898425871,104,271,303,199
7,32,1363898425919,32,1363898426079,160,152,208,48
7,65,1363898426247,65,1363898426359,112,328,280,168
7,70,1363898426383,70,1363898426471,88,136,112,24
7,84,1363898426567,84,1363898426623,56,184,152,96
7,69,1363898426671,69,1363898426871,200,104,248,48
7,82,1363898426751,82,1363898426872,121,80,1,-120
7,32,1363898426903,32,1363898427047,144,152,175,31
7,87,1363898427015,87,1363898427136,121,112,89,-32
7,65,1363898427207,65,1363898427343,136,192,207,71
7,84,1363898427455,84,1363898427543,88,248,200,112
7,67,1363898427752,67,1363898427943,191,297,400,209
7,72,1363898427895,72,1363898428016,121,143,73,-48
7,73,1363898427943,73,1363898428055,112,48,39,-73
7,78,1363898428135,78,1363898428231,96,192,176,80
7,71,1363898428167,71,1363898428279,112,32,48,-64
7,32,1363898428367,32,1363898428463,96,200,184,88
7,84,1363898428416,84,1363898428503,87,49,40,-47
7,72,1363898428583,72,1363898428688,105,167,185,80
7,69,1363898428607,69,1363898428791,184,24,103,-81
7,32,1363898428863,32,1363898428975,112,256,184,72
7,73,1363898429407,73,1363898429471,64,544,496,432
7,65,1363898430336,65,1363898430503,167,929,1032,865
7,77,1363898430551,77,1363898430615,64,215,112,48
7,73,1363898430751,73,1363898430815,64,200,200,136
7,32,1363898431655,32,1363898431831,176,904,1016,840
7,16,1363898432351,16,1363898432559,208,696,728,520
7,72,1363898432519,72,1363898432583,64,168,24,-40
7,69,1363898432615,69,1363898432727,112,96,144,32
7,65,1363898432799,65,1363898432911,112,184,184,72
7,84,1363898432983,84,1363898433087,104,184,176,72
7,222,1363898433711,222,1363898433799,88,728,712,624
7,83,1363898433799,83,1363898433983,184,88,184,0
7,32,1363898433983,32,1363898434159,176,184,176,0
7,76,1363898434527,76,1363898434655,128,544,496,368
7,65,1363898434615,65,1363898434799,184,88,144,-40
7,84,1363898435344,84,1363898435432,88,729,633,545
7,69,1363898435529,69,1363898435608,79,185,176,97
7,83,1363898435680,83,1363898435792,112,151,184,72
7,84,1363898435880,84,1363898435986,106,200,194,88
7,32,1363898436056,32,1363898436200,144,176,214,70
7,67,1363898436200,67,1363898436368,168,144,168,0
7,79,1363898436296,79,1363898436368,72,96,0,-72
7,77,1363898436448,77,1363898436568,120,152,200,80
7,66,1363898436592,66,1363898436656,64,144,88,24
7,65,1363898436792,65,1363898436872,80,200,216,136
7,67,1363898436992,67,1363898437128,136,200,256,120
7,8,1363898437296,8,1363898437352,56,304,224,168
7,8,1363898437440,8,1363898437472,32,144,120,88
7,8,1363898437520,8,1363898437600,80,80,128,48
7,69,1363898437744,69,1363898437816,72,224,216,144
7,66,1363898437952,66,1363898438016,64,208,200,136
7,65,1363898438152,65,1363898438200,48,200,184,136
7,67,1363898438328,67,1363898438456,128,176,256,128
7,75,1363898438424,75,1363898438488,64,96,32,-32
7,32,1363898438584,32,1363898438752,168,160,264,96
7,69,1363898440159,69,1363898440223,64,1575,1471,1407
7,70,1363898440327,70,1363898440374,47,168,151,104
7,70,1363898440446,70,1363898440558,112,119,184,72
7,79,1363898440631,79,1363898440751,120,185,193,73
7,82,1363898440719,82,1363898440823,104,88,72,-32
7,84,1363898440943,84,1363898441047,104,224,224,120
7,32,1363898441063,32,1363898441215,152,120,168,16
7,84,1363898442031,84,1363898442150,119,968,935,816
7,79,1363898442126,79,1363898442295,169,95,145,-24
7,32,1363898442198,32,1363898442342,144,72,47,-97
7,75,1363898442494,75,1363898442590,96,296,248,152
7,69,1363898442654,69,1363898442711,57,160,121,64
7,69,1363898442759,69,1363898442894,135,105,183,48
7,80,1363898442919,80,1363898442990,71,160,96,25
7,32,1363898443078,32,1363898443206,128,159,216,88
7,84,1363898443511,84,1363898443606,95,433,400,305
7,72,1363898443607,72,1363898443686,79,96,80,1
7,69,1363898443702,69,1363898443838,136,95,152,16
7,73,1363898443862,73,1363898443935,73,160,97,24
7,82,1363898443966,82,1363898444126,160,104,191,31
7,32,1363898444118,32,1363898444222,104,152,96,-8
7,73,1363898444310,73,1363898444374,64,192,152,88
7,8,1363898444702,8,1363898444750,48,392,376,328
7,87,1363898444854,87,1363898445014,160,152,264,104
7,73,1363898444958,73,1363898445015,57,104,1,-56
7,78,1363898445126,78,1363898445206,80,168,191,111
7,32,1363898445310,32,1363898445479,169,184,273,104
7,83,1363898445854,83,1363898445958,104,544,479,375
7,84,1363898446214,84,1363898446278,64,360,320,256
7,82,1363898446598,82,1363898446742,144,384,464,320
7,69,1363898446870,69,1363898446958,88,272,216,128
7,65,1363898447038,65,1363898447214,176,168,256,80
7,75,1363898447190,75,1363898447318,128,152,104,-24
7,32,1363898447446,32,1363898447654,208,256,336,128
7,37,1363898449910,37,1363898450030,120,2464,2376,2256
7,50,1363898451086,50,1363898451230,144,1176,1200,1056
7,52,1363898451342,52,1363898451438,96,256,208,112
7,32,1363898451734,32,1363898451902,168,392,464,296
7,71,1363898451878,71,1363898451950,72,144,48,-24
7,65,1363898451990,65,1363898452126,136,112,176,40
7,77,1363898452126,77,1363898452262,136,136,136,0
7,69,1363898452206,69,1363898452398,192,80,136,-56
7,83,1363898452951,83,1363898453167,216,745,769,553
7,32,1363898453615,32,1363898453727,112,664,560,448
7,65,1363898453679,65,1363898453815,136,64,88,-48
7,78,1363898453887,78,1363898454023,136,208,208,72
7,68,1363898453999,68,1363898454175,176,112,152,-24
7,32,1363898454335,32,1363898454503,168,336,328,160
7,67,1363898454975,67,1363898455151,176,640,648,472
7,79,1363898455071,79,1363898455207,136,96,56,-80
7,85,1363898455151,85,1363898455239,88,80,32,-56
7,78,1363898455351,78,1363898455447,96,200,208,112
7,84,1363898455503,84,1363898455615,112,152,168,56
7,73,1363898455583,73,1363898455639,56,80,24,-32
7,78,1363898455719,78,1363898455871,152,136,232,80
7,71,1363898455831,71,1363898455967,136,112,96,-40
7,222,1364480332449,222,1364480332545,96,1056,1096,1000
7,84,1364480332617,84,1364480332737,120,168,192,72
7,32,1364480332697,32,1364480332849,152,80,112,-40
7,89,1364480332945,89,1364480333057,112,248,208,96
7,79,1364480333057,79,1364480333273,216,112,216,0
7,85,1364480333161,85,1364480333273,112,104,0,-112
7,32,1364480333345,32,1364480333473,128,184,200,72
7,80,1364480333649,80,1364480333761,112,304,288,176
7,73,1364480333905,73,1364480333985,80,256,224,144
7,67,1364480334089,67,1364480334185,96,184,200,104
7,84,1364480334313,84,1364480334401,88,224,216,128
7,85,1364480334377,85,1364480334457,80,64,56,-24
7,82,1364480334521,82,1364480334697,176,144,240,64
7,69,1364480334609,69,1364480334729,120,88,32,-88
7,32,1364480334649,32,1364480334769,120,40,40,-80
7,84,1364480334817,84,1364480334937,120,168,168,48
7,72,1364480334897,72,1364480334985,88,80,48,-40
7,69,1364480335017,69,1364480335201,184,120,216,32
7,32,1364480335153,32,1364480335281,128,136,80,-48
7,79,1364480335865,79,1364480335985,120,712,704,584
7,82,1364480335985,82,1364480336081,96,120,96,0
7,78,1364480336145,78,1364480336249,104,160,168,64
7,69,1364480336249,69,1364480336393,144,104,144,0
7,84,1364480336425,84,1364480336529,104,176,136,32
7,83,1364480336681,83,1364480336873,192,256,344,152
7,188,1364480337169,188,1364480337241,72,488,368,296
7,32,1364480337377,32,1364480337497,120,208,256,136
7,16,1364480337857,16,1364480338545,688,480,1048,360
7,83,1364480338385,83,1364480338545,160,528,0,-160
7,80,1364480338601,80,1364480338729,128,216,184,56
7,85,1364480338817,85,1364480338921,104,216,192,88
7,82,1364480339025,82,1364480339121,96,208,200,104
7,83,1364480339201,83,1364480339417,216,176,296,80
7,188,1364480339897,188,1364480339985,88,696,568,480
7,75,1364480340497,75,1364480340601,104,600,616,512
7,78,1364480340729,78,1364480340801,72,232,200,128
7,73,1364480340944,73,1364480341024,80,215,223,143
7,67,1364480341257,67,1364480341376,119,313,352,233
7,75,1364480341377,75,1364480341472,95,120,96,1
7,83,1364480341680,83,1364480341856,176,303,384,208
7,188,1364480342336,188,1364480342418,82,656,562,480
7,32,1364480342528,32,1364480342688,160,192,270,110
7,79,1364480343976,79,1364480344096,120,1448,1408,1288
7,66,1364480344136,66,1364480344248,112,160,152,40
7,67,1364480344432,67,1364480344512,80,296,264,184
7,65,1364480344616,65,1364480344784,168,184,272,104
7,84,1364480344816,84,1364480344920,104,200,136,32
7,83,1364480345032,83,1364480345216,184,216,296,112
7,32,1364480345352,32,1364480345440,88,320,224,136
7,65,1364480345440,65,1364480345560,120,88,120,0
7,78,1364480345560,78,1364480345648,88,120,88,0
7,68,1364480345632,68,1364480345808,176,72,160,-16
7,32,1364480345784,32,1364480345921,137,152,113,-24
7,16,1364480345969,16,1364480346456,487,185,535,48
7,83,1364480346280,83,1364480346456,176,311,0,-176
7,73,1364480346592,73,1364480346680,88,312,224,136
7,88,1364480346792,88,1364480346904,112,200,224,112
7,69,1364480347016,69,1364480347200,184,224,296,112
7,82,1364480347072,82,1364480347201,129,56,1,-128
7,83,1364480347312,83,1364480347504,192,240,303,111
7,32,1364480347616,32,1364480347768,152,304,264,112
7,83,1364480347968,83,1364480348192,224,352,424,200
7,65,1364480350430,65,1364480350657,227,2462,2465,2238
7,76,1364480350657,76,1364480350985,328,227,328,0
7,73,1364480350745,73,1364480350985,240,88,0,-240
7,86,1364480351081,86,1364480351217,136,336,232,96
7,65,1364480351297,65,1364480351441,144,216,224,80
7,84,1364480351513,84,1364480351649,136,216,208,72
7,73,1364480351649,73,1364480351729,80,136,80,0
7,78,1364480351833,78,1364480351945,112,184,216,104
7,71,1364480351897,71,1364480352025,128,64,80,-48
7,32,1364480352049,32,1364480352169,120,152,144,24
7,65,1364480352145,65,1364480352321,176,96,152,-24
7,76,1364480352257,76,1364480352417,160,112,96,-64
7,82,1364480352673,82,1364480352857,184,416,440,256
7,69,1364480352745,69,1364480352913,168,72,56,-112
7,65,1364480352913,65,1364480353057,144,168,144,0
7,68,1364480353153,68,1364480353313,160,240,256,96
7,89,1364480353313,89,1364480353417,104,160,104,0
7,16,1364480353985,16,1364480354393,408,672,976,568
7,191,1364480354201,191,1364480354393,192,216,0,-192
7,13,1364480354553,13,1364480354673,120,352,280,160
7,84,1364480355969,84,1364480356081,112,1416,1408,1296
7,222,1364480356513,222,1364480356625,112,544,544,432
7,83,1364480356625,83,1364480356785,160,112,160,0
7,32,1364480356769,32,1364480356873,104,144,88,-16
7,84,1364480356913,84,1364480357033,120,144,160,40
7,73,1364480357001,73,1364480357088,87,88,55,-32
7,77,1364480357184,77,1364480357289,105,183,201,96
7,69,1364480357289,69,1364480357432,143,105,143,0
7,32,1364480357392,32,1364480357520,128,103,88,-40
7,84,1364480357601,84,1364480357785,184,209,265,81
7,79,1364480357673,79,1364480357872,199,72,87,-112
7,32,1364480357785,32,1364480357905,120,112,33,-87
7,74,1364480358001,74,1364480358072,71,216,167,96
7,85,1364480358169,85,1364480358240,71,168,168,97
7,77,1364480358473,77,1364480358577,104,304,337,233
7,80,1364480359400,80,1364480359488,88,927,911,823
7,32,1364480359584,32,1364480359729,145,184,241,96
7,79,1364480359768,79,1364480359864,96,184,135,39
7,78,1364480359993,78,1364480360080,87,225,216,129
7,32,1364480360160,32,1364480360264,104,167,184,80
7,84,1364480360360,84,1364480360505,145,200,241,96
7,72,1364480360420,72,1364480360505,85,60,0,-85
7,69,1364480360520,69,1364480360673,153,100,168,15
7,32,1364480360673,32,1364480360776,103,153,103,0
7,16,1364480360800,16,1364480360992,192,127,216,24
7,72,1364480360920,72,1364480361001,81,120,9,-72
7,69,1364480361040,69,1364480361161,121,120,160,39
7,65,1364480361185,65,1364480361320,135,145,159,24
7,84,1364480361376,84,1364480361512,136,191,192,56
7,32,1364480361504,32,1364480361649,145,128,137,-8
7,87,1364480361736,87,1364480361904,168,232,255,87
7,72,1364480361832,72,1364480362032,200,96,128,-72
7,73,1364480361937,73,1364480362056,119,105,24,-95
7,76,1364480362152,76,1364480362288,136,215,232,96
7,69,1364480362288,69,1364480362433,145,136,145,0
7,32,1364480362433,32,1364480362544,111,145,111,0
7,84,1364480362680,84,1364480362776,96,247,232,136
7,72,1364480362753,72,1364480362840,87,73,64,-23
7,69,1364480362896,69,1364480363048,152,143,208,56
7,89,1364480363784,89,1364480363872,88,888,824,736
7,222,1364480364768,222,1364480364848,80,984,976,896
7,82,1364480364936,82,1364480365152,216,168,304,88
7,69,1364480365000,69,1364480365176,176,64,24,-152
7,32,1364480365152,32,1364480365272,120,152,96,-24
7,68,1364480365344,68,1364480365464,120,192,192,72
7,79,1364480365464,79,1364480365552,88,120,88,0
7,87,1364480365608,87,1364480365792,184,144,240,56
7,78,1364480365736,78,1364480365832,96,128,40,-56
7,188,1364480366305,188,1364480366385,80,569,553,473
7,32,1364480366489,32,1364480366609,120,184,224,104
7,69,1364480366577,69,1364480366665,88,88,56,-32
7,88,1364480366785,88,1364480366945,160,208,280,120
7,72,1364480367937,72,1364480368033,96,1152,1088,992
7,65,1364480368169,65,1364480368369,200,232,336,136
7,85,1364480368305,85,1364480368393,88,136,24,-64
7,83,1364480368449,83,1364480368585,136,144,192,56
7,84,1364480368665,84,1364480368777,112,216,192,80
7,69,1364480368841,69,1364480368929,88,176,152,64
7,68,1364480369025,68,1364480369161,136,184,232,96
7,188,1364480369449,188,1364480369529,80,424,368,288
7,32,1364480369641,32,1364480369769,128,192,240,112
7,83,1364480369809,83,1364480369945,136,168,176,40
7,80,1364480369897,80,1364480370017,120,88,72,-48
7,69,1364480370057,69,1364480370225,168,160,208,40
7,78,1364480370274,78,1364480370377,103,217,152,49
7,84,1364480370449,84,1364480370569,120,175,192,72
7,32,1364480370609,32,1364480370745,136,160,176,40
7,65,1364480370801,65,1364480370929,128,192,184,56
7,70,1364480370953,70,1364480371041,88,152,112,24
7,84,1364480371137,84,1364480371217,80,184,176,96
7,69,1364480371273,69,1364480371481,208,136,264,56
7,82,1364480371337,82,1364480371481,144,64,0,-144
7,32,1364480371521,32,1364480371689,168,184,208,40
7,65,1364480372457,65,1364480372673,216,936,984,768
7,32,1364480372609,32,1364480372785,176,152,112,-64
7,50,1364480373097,50,1364480373257,160,488,472,312
7,55,1364480373481,55,1364480373553,72,384,296,224
7,189,1364480374161,189,1364480374240,79,680,687,608
7,71,1364480374473,71,1364480374560,87,312,320,233
7,65,1364480374585,65,1364480374792,207,112,232,25
7,77,1364480374928,77,1364480375024,96,343,232,136
7,69,1364480375040,69,1364480375208,168,112,184,16
7,32,1364480375168,32,1364480375320,152,128,112,-40
7,87,1364480375512,87,1364480375721,209,344,401,192
7,73,1364480375609,73,1364480375721,112,97,0,-112
7,78,1364480375912,78,1364480376008,96,303,287,191
7,78,1364480376273,78,1364480376360,87,361,352,265
7,73,1364480376456,73,1364480376521,65,183,161,96
7,78,1364480376600,78,1364480376688,88,144,167,79
7,71,1364480376672,71,1364480376768,96,72,80,-16
7,32,1364480376792,32,1364480376912,120,120,144,24
7,83,1364480376984,83,1364480377096,112,192,184,72
7,84,1364480377193,84,1364480377242,49,209,146,97
7,82,1364480377344,82,1364480377472,128,151,230,102
7,69,1364480377409,69,1364480377544,135,65,72,-63
7,65,1364480377592,65,1364480377768,176,183,224,48
7,75,1364480377752,75,1364480377880,128,160,112,-16
7,32,1364480378113,32,1364480378248,135,361,368,233
7,65,1364480378288,65,1364480378424,136,175,176,40
7,8,1364480378784,8,1364480378906,122,496,482,360
7,84,1364480379424,84,1364480379520,96,640,614,518
7,72,1364480379520,72,1364480379600,80,96,80,0
7,65,1364480379632,65,1364480379840,208,112,240,32
7,84,1364480379704,84,1364480379856,152,72,16,-136
7,32,1364480379960,32,1364480380145,185,256,289,104
7,76,1364480381072,76,1364480381216,144,1112,1071,927
7,65,1364480381168,65,1364480381288,120,96,72,-48
7,83,1364480381352,83,1364480381488,136,184,200,64
7,84,1364480381584,84,1364480381712,128,232,224,96
7,69,1364480382800,69,1364480382864,64,1216,1152,1088
7,68,1364480382968,68,1364480383128,160,168,264,104
7,32,1364480383128,32,1364480383248,120,160,120,0
7,78,1364480383320,78,1364480383481,161,192,233,72
7,69,1364480383809,69,1364480383905,96,489,424,328
7,65,1364480383945,65,1364480384097,152,136,192,40
7,82,1364480384097,82,1364480384217,120,152,120,0
7,76,1364480384281,76,1364480384385,104,184,168,64
7,89,1364480384481,89,1364480384569,88,200,184,96
7,32,1364480384657,32,1364480384761,104,176,192,88
7,84,1364480385065,84,1364480385145,80,408,384,304
7,87,1364480385241,87,1364480385417,176,176,272,96
7,79,1364480385369,79,1364480385585,216,128,168,-48
7,32,1364480385505,32,1364480385633,128,136,48,-80
7,70,1364480385737,70,1364480385897,160,232,264,104
7,85,1364480385817,85,1364480385898,81,80,1,-80
7,76,1364480386025,76,1364480386074,49,208,176,127
7,76,1364480386137,76,1364480386241,104,112,167,63
7,32,1364480386340,32,1364480386418,78,203,177,99
7,77,1364480386481,77,1364480386569,88,141,151,63
7,79,1364480386665,79,1364480386753,88,184,184,96
7,78,1364480386809,78,1364480386905,96,144,152,56
7,84,1364480387017,84,1364480387121,104,208,216,112
7,72,1364480387081,72,1364480387169,88,64,48,-40
7,83,1364480387225,83,1364480387425,200,144,256,56
7,190,1364480388097,190,1364480388241,144,872,816,672
7,13,1364480388441,13,1364480388609,168,344,368,200
7,16,1364480388793,16,1364480389577,784,352,968,184
7,68,1364480389417,68,1364480389577,160,624,0,-160
7,69,1364480389697,69,1364480389793,96,280,216,120
7,83,1364480389889,83,1364480390065,176,192,272,96
7,80,1364480390121,80,1364480390225,104,232,160,56
7,73,1364480390345,73,1364480390481,136,224,256,120
7,84,1364480390553,84,1364480390657,104,208,176,72
7,69,1364480390737,69,1364480390881,144,184,224,80
7,32,1364480391001,32,1364480391145,144,264,264,120
7,87,1364480391225,87,1364480391401,176,224,256,80
7,72,1364480391289,72,1364480391401,112,64,0,-112
7,65,1364480391425,65,1364480391625,200,136,224,24
7,84,1364480391569,84,1364480391729,160,144,104,-56
7,32,1364480392689,32,1364480392793,104,1120,1064,960
7,84,1364480392816,84,1364480392953,137,127,160,23
7,72,1364480392912,72,1364480392984,72,96,31,-41
7,69,1364480392953,69,1364480393168,215,41,184,-31
7,32,1364480393120,32,1364480393280,160,167,112,-48
7,78,1364574209288,78,1364574209368,80,144,16,-64
7,79,1364574209432,79,1364574209552,120,144,184,64
7,82,1364574209528,82,1364574209632,104,96,80,-24
7,84,1364574209736,84,1364574209840,104,208,208,104
7,72,1364574209808,72,1364574209896,88,72,56,-32
7,32,1364574210024,32,1364574210160,136,216,264,128
7,16,1364574210440,16,1364574210656,216,416,496,280
7,75,1364574210568,75,1364574210672,104,128,16,-88
7,69,1364574210784,69,1364574210896,112,216,224,112
7,8,1364574211208,8,1364574211312,104,424,416,312
7,79,1364574211945,79,1364574212024,79,737,712,633
7,82,1364574212344,82,1364574212520,176,399,496,320
7,69,1364574212424,69,1364574212592,168,80,72,-96
7,65,1364574212616,65,1364574212824,208,192,232,24
7,32,1364574212840,32,1364574213016,176,224,192,16
7,80,1364574213320,80,1364574213400,80,480,384,304
7,85,1364574213488,85,1364574213576,88,168,176,88
7,84,1364574213680,84,1364574213800,120,192,224,104
7,32,1364574213768,32,1364574213864,96,88,64,-32
7,73,1364574213952,73,1364574214016,64,184,152,88
7,78,1364574214112,78,1364574214200,88,160,184,96
7,8,1364574214640,8,1364574214728,88,528,528,440
7,84,1364574214864,84,1364574214960,96,224,232,136
7,8,1364574215224,8,1364574215312,88,360,352,264
7,84,1364574216024,84,1364574216088,64,800,776,712
7,83,1364574216200,83,1364574216384,184,176,296,112
7,32,1364574216296,32,1364574216456,160,96,72,-88
7,82,1364574217304,82,1364574217441,137,1008,985,848
7,79,1364574217376,79,1364574217529,153,72,88,-65
7,67,1364574217633,67,1364574217761,128,257,232,104
7,75,1364574217745,75,1364574217840,95,112,79,-16
7,69,1364574217912,69,1364574218032,120,167,192,72
7,84,1364574218105,84,1364574218208,103,193,176,73
7,32,1364574218224,32,1364574218345,121,119,137,16
7,85,1364574218536,85,1364574218616,80,312,271,191
7,78,1364574218744,78,1364574218808,64,208,192,128
7,73,1364574218896,73,1364574218984,88,152,176,88
7,84,1364574219056,84,1364574219120,64,160,136,72
7,83,1364574219233,83,1364574219416,183,177,296,113
7,32,1364574219376,32,1364574219472,96,143,56,-40
7,79,1364574219553,79,1364574219624,71,177,152,81
7,78,1364574219705,78,1364574219792,87,152,168,81
7,32,1364574219864,32,1364574220016,152,159,224,72
7,83,1364574220128,83,1364574220216,88,264,200,112
7,84,1364574220328,84,1364574220393,65,200,177,112
7,65,1364574220576,65,1364574220752,176,248,359,183
7,78,1364574220753,78,1364574220864,111,177,112,1
7,68,1364574220864,68,1364574221016,152,111,152,0
7,66,1364574221241,66,1364574221360,119,377,344,225
7,89,1364574221344,89,1364574221424,80,103,64,-16
7,32,1364574221568,32,1364574221688,120,224,264,144
7,16,1364574221856,16,1364574222320,464,288,632,168
7,70,1364574222184,70,1364574222320,136,328,0,-136
7,82,1364574222432,82,1364574222536,104,248,216,112
7,73,1364574222593,73,1364574222688,95,161,152,57
7,68,1364574222760,68,1364574222856,96,167,168,72
7,32,1364574223184,32,1364574223280,96,424,424,328
7,84,1364574223368,84,1364574223472,104,184,192,88
7,79,1364574223448,79,1364574223608,160,80,136,-24
7,32,1364574223528,32,1364574223648,120,80,40,-80
7,65,1364574223696,65,1364574223825,129,168,177,48
7,84,1364574223968,84,1364574224016,48,272,191,143
7,84,1364574224080,84,1364574224168,88,112,152,64
7,67,1364574224544,67,1364574224632,88,464,464,376
7,8,1364574224904,8,1364574224992,88,360,360,272
7,65,1364574224992,65,1364574225112,120,88,120,0
7,67,1364574225240,67,1364574225360,120,248,248,128
7,75,1364574225336,75,1364574225424,88,96,64,-24
7,32,1364574225520,32,1364574225648,128,184,224,96
7,190,1364574227152,190,1364574227288,136,1632,1640,1504
7,16,1364574227616,16,1364574227960,344,464,672,328
7,83,1364574227800,83,1364574227960,160,184,0,-160
7,190,1364574228176,190,1364574228296,120,376,336,216
7,32,1364574228584,32,1364574228744,160,408,448,288
7,77,1364574229224,77,1364574229304,80,640,560,480
7,73,1364574229376,73,1364574229440,64,152,136,72
7,76,1364574229544,76,1364574229744,200,168,304,104
7,73,1364574229640,73,1364574229776,136,96,32,-104
7,84,1364574230232,84,1364574230304,72,592,528,456
7,65,1364574230840,65,1364574230992,152,608,688,536
7,82,1364574231072,82,1364574231184,112,232,192,80
7,89,1364574231288,89,1364574231368,80,216,184,104
7,32,1364574231408,32,1364574231528,120,120,160,40
7,66,1364574231600,66,1364574231736,136,192,208,72
7,65,1364574231736,65,1364574231864,128,136,128,0
7,83,1364574231920,83,1364574232024,104,184,160,56
7,69,1364574232096,69,1364574232184,88,176,160,72
7,68,1364574232304,68,1364574232416,112,208,232,120
7,8,1364574232680,8,1364574232776,96,376,360,264
7,83,1364574232824,83,1364574232992,168,144,216,48
7,32,1364574232952,32,1364574233056,104,128,64,-40
7,73,1364574233168,73,1364574233233,65,216,177,112
7,78,1364574233336,78,1364574233408,72,168,175,103
7,32,1364574233488,32,1364574233640,152,152,232,80
7,84,1364574235865,84,1364574235944,79,2377,2304,2225
7,72,1364574235945,72,1364574236025,80,80,81,1
7,69,1364574236025,69,1364574236168,143,80,143,0
7,32,1364574236144,32,1364574236288,144,119,120,-24
7,65,1364574237448,65,1364574237600,152,1304,1312,1160
7,67,1364574237864,67,1364574238032,168,416,432,264
7,73,1364574237960,73,1364574238064,104,96,32,-72
7,70,1364574238200,70,1364574238312,112,240,248,136
7,73,1364574238312,73,1364574238393,81,112,81,0
7,67,1364574238448,67,1364574238600,152,136,207,55
7,188,1364574238944,188,1364574239008,64,496,408,344
7,32,1364574239112,32,1364574239216,104,168,208,104
7,65,1364574239240,65,1364574239384,144,128,168,24
7,70,1364574239385,70,1364574239464,79,145,80,1
7,84,1364574239576,84,1364574239648,72,191,184,112
7,69,1364574239696,69,1364574239872,176,120,224,48
7,82,1364574239800,82,1364574239896,96,104,24,-72
7,32,1364574239960,32,1364574240128,168,160,232,64
7,82,1364574240352,82,1364574240553,201,392,425,224
7,69,1364574240424,69,1364574240553,129,72,0,-129
7,80,1364574240553,80,1364574240664,111,129,111,0
7,69,1364574240816,69,1364574240904,88,263,240,152
7,65,1364574240952,65,1364574241144,192,136,240,48
7,84,1364574242216,84,1364574242352,136,1264,1208,1072
7,69,1364574242480,69,1364574242552,72,264,200,128
7,68,1364574242664,68,1364574242800,136,184,248,112
7,32,1364574242872,32,1364574243040,168,208,240,72
7,84,1364574243288,84,1364574243376,88,416,336,248
7,72,1364574243392,72,1364574243480,88,104,104,16
7,82,1364574243952,82,1364574244072,120,560,592,472
7,69,1364574244184,69,1364574244288,104,232,216,112
7,65,1364574244336,65,1364574244512,176,152,224,48
7,84,1364574244528,84,1364574244600,72,192,88,16
7,83,1364574244736,83,1364574244904,168,208,304,136
7,32,1364574244920,32,1364574245048,128,184,144,16
7,84,1364574245048,84,1364574245112,64,128,64,0
7,72,1364574245192,72,1364574245264,72,144,152,80
7,8,1364574245616,8,1364574245680,64,424,416,352
7,8,1364574245760,8,1364574245840,80,144,160,80
7,65,1364574245896,65,1364574246032,136,136,192,56
7,78,1364574246056,78,1364574246144,88,160,112,24
7,68,1364574246144,68,1364574246296,152,88,152,0
7,32,1364574246264,32,1364574246360,96,120,64,-32
7,79,1364574246448,79,1364574246512,64,184,152,88
7,78,1364574246608,78,1364574246712,104,160,200,96
7,69,1364574246744,69,1364574246872,128,136,160,32
7,32,1364574246872,32,1364574246984,112,128,112,0
7,68,1364574247024,68,1364574247088,64,152,104,40
7,65,1364574247168,65,1364574247344,176,144,256,80
7,89,1364574247304,89,1364574247400,96,136,56,-40
7,32,1364574247400,32,1364574247504,104,96,104,0
7,65,1364574247712,65,1364574247864,152,312,360,208
7,70,1364574247864,70,1364574247936,72,152,72,0
7,84,1364574248032,84,1364574248096,64,168,160,96
7,69,1364574248160,69,1364574248320,160,128,224,64
7,82,1364574248256,82,1364574248336,80,96,16,-64
7,32,1364574248376,32,1364574248520,144,120,184,40
7,84,1364574248600,84,1364574248656,56,224,136,80
7,87,1364574248760,87,1364574248912,152,160,256,104
7,79,1364574248880,79,1364574249040,160,120,128,-32
7,32,1364574248976,32,1364574249120,144,96,80,-64
7,16,1364574249232,16,1364574249872,640,256,752,112
7,65,1364574249736,65,1364574249904,168,504,32,-136
7,77,1364574250048,77,1364574250168,120,312,264,144
7,69,1364574250168,69,1364574250376,208,120,208,0
7,82,1364574250248,82,1364574250376,128,80,0,-128
7,73,1364574250512,73,1364574250600,88,264,224,136
7,67,1364574250600,67,1364574250680,80,88,80,0
7,32,1364574251008,32,1364574251160,152,408,480,328
7,83,1364574251176,83,1364574251312,136,168,152,16
7,84,1364574251480,84,1364574251576,96,304,264,168
7,69,1364574251768,69,1364574251904,136,288,328,192
7,65,1364574253168,65,1364574253360,192,1400,1456,1264
7,76,1364574253352,76,1364574253512,160,184,152,-8
7,84,1364574253745,84,1364574253857,112,393,345,233
7,72,1364574253857,72,1364574253920,63,112,63,0
7,32,1364574253993,32,1364574254152,159,136,232,73
7,66,1364574254312,66,1364574254457,145,319,305,160
7,79,1364574254424,79,1364574254584,160,112,127,-33
7,77,1364574254792,77,1364574254904,112,368,320,208
7,66,1364574255136,66,1364574255224,88,344,320,232
7,69,1364574255352,69,1364574255568,216,216,344,128
7,82,1364574255400,82,1364574255569,169,48,1,-168
7,83,1364574255848,83,1364574256048,200,448,479,279
7,32,1364574256112,32,1364574256304,192,264,256,64
7,13,1364574257617,13,1364574257776,159,1505,1472,1313
7,16,1364574258016,16,1364574258304,288,399,528,240
7,65,1364574258184,65,1364574258392,208,168,88,-120
7,32,1364574258776,32,1364574258961,185,592,569,384
7,190,1364574260034,190,1364574260136,102,1258,1175,1073
7,190,1364574261376,190,1364574261520,144,1342,1384,1240
7,32,1364574261688,32,1364574261856,168,312,336,168
7,79,1364574262592,79,1364574262704,112,904,848,736
7,70,1364574262784,70,1364574262824,40,192,120,80
7,70,1364574262888,70,1364574263016,128,104,192,64
7,73,1364574263016,73,1364574263120,104,128,104,0
7,67,1364574263152,67,1364574263288,136,136,168,32
7,73,1364574263400,73,1364574263472,72,248,184,112
7,32,1364574263808,32,1364574263952,144,408,480,336
7,87,1364574264168,87,1364574264296,128,360,344,216
7,65,1364574264416,65,1364574264600,184,248,304,120
7,82,1364574264768,82,1364574264880,112,352,280,168
7,78,1364574265016,78,1364574265128,112,248,248,136
7,69,1364574265128,69,1364574265200,72,112,72,0
7,68,1364574265312,68,1364574265432,120,184,232,112
7,32,1364574265432,32,1364574265552,120,120,120,0
7,84,1364574265576,84,1364574265648,72,144,96,24
7,72,1364574265680,72,1364574265768,88,104,120,32
7,65,1364574265720,65,1364574265920,200,40,152,-48
7,84,1364574265848,84,1364574265944,96,128,24,-72
7,32,1364574265920,32,1364574266024,104,72,80,-24
7,84,1364574266056,84,1364574266160,104,136,136,32
7,72,1364574266160,72,1364574266232,72,104,72,0
7,69,1364574266264,69,1364574266440,176,104,208,32
7,32,1364574266360,32,1364574266464,104,96,24,-80
7,73,1364574266576,73,1364574266672,96,216,208,112
7,83,1364574267160,83,1364574267312,152,584,640,488
7,79,1364574267336,79,1364574267432,96,176,120,24
7,76,1364574267576,76,1364574267688,112,240,256,144
7,65,1364574267688,65,1364574267840,152,112,152,0
7,84,1364574267872,84,1364574267968,96,184,128,32
7,69,1364574268024,69,1364574268104,80,152,136,56
7,68,1364574268224,68,1364574268352,128,200,248,120
7,32,1364574268376,32,1364574268504,128,152,152,24
7,67,1364574268504,67,1364574268656,152,128,152,0
7,79,1364574268592,79,1364574268688,96,88,32,-64
7,77,1364574268784,77,1364574268896,112,192,208,96
7,77,1364574269128,77,1364574269240,112,344,344,232
7,85,1364574269408,85,1364574269488,80,280,248,168
7,78,1364574269656,78,1364574269728,72,248,240,168
7,73,1364574269792,73,1364574269881,89,136,153,64
7,83,1364574270017,83,1364574270145,128,225,264,136
7,84,1364574270233,84,1364574270304,71,216,159,88
7,32,1364574270408,32,1364574270537,129,175,233,104
7,83,1364574270561,83,1364574270696,135,153,159,24
7,84,1364574270808,84,1364574270872,64,247,176,112
7,65,1364574270960,65,1364574271112,152,152,240,88
7,84,1364574271097,84,1364574271240,143,137,128,-15
7,69,1364574271224,69,1364574271368,144,127,128,-16
7,32,1364574271424,32,1364574271560,136,200,192,56
7,73,1364574271712,73,1364574271784,72,288,224,152
7,83,1364574271920,83,1364574272088,168,208,304,136
7,32,1364574272104,32,1364574272232,128,184,144,16
7,78,1364574272624,78,1364574272696,72,520,464,392
7,79,1364574272744,79,1364574272824,80,120,128,48
7,84,1364574272848,84,1364574272928,80,104,104,24
7,32,1364574272929,32,1364574273064,135,81,136,1
7,65,1364574273488,65,1364574273688,200,559,624,424
7,32,1364574273592,32,1364574273760,168,104,72,-96
7,222,1364574276024,222,1364574276232,208,2432,2472,2264
7,37,1364574276920,37,1364574277000,80,896,768,688
7,80,1364574277368,80,1364574277448,80,448,448,368
7,65,1364574277512,65,1364574277680,168,144,232,64
7,80,1364574277712,80,1364574277792,80,200,112,32
7,69,1364574277848,69,1364574278040,192,136,248,56
7,82,1364574277928,82,1364574278080,152,80,40,-112
7,32,1364574278120,32,1364574278280,160,192,200,40
7,84,1364574281944,84,1364574282048,104,3824,3768,3664
7,73,1364574282216,73,1364574282328,112,272,280,168
7,71,1364574282528,71,1364574282608,80,312,280,200
7,8,1364574283032,8,1364574283120,88,504,512,424
7,71,1364574283584,71,1364574283640,56,552,520,464
7,69,1364574283752,69,1364574283896,144,168,256,112
7,82,1364574283824,82,1364574283928,104,72,32,-72
8,73,1363714159618,73,1363714159746,128,160,48,-80
8,32,1363714159746,32,1363714159826,80,128,80,0
8,83,1363714160186,83,1363714160386,200,440,560,360
8,85,1363714160602,85,1363714160698,96,416,312,216
8,82,1363714160802,82,1363714160938,136,200,240,104
8,69,1363714160890,69,1363714161002,112,88,64,-48
8,32,1363714160978,32,1363714161058,80,88,56,-24
8,68,1363714161170,68,1363714161282,112,192,224,112
8,79,1363714161282,79,1363714161378,96,112,96,0
8,32,1363714161378,32,1363714161466,88,96,88,0
8,72,1363714161994,72,1363714162026,32,616,560,528
8,79,1363714162450,79,1363714162602,152,456,576,424
8,80,1363714162618,80,1363714162714,96,168,112,16
8,69,1363714162810,69,1363714162922,112,192,208,96
8,32,1363714162962,32,1363714163058,96,152,136,40
8,84,1363714163138,84,1363714163225,87,176,167,80
8,72,1363714163250,72,1363714163338,88,112,113,25
8,65,1363714163338,65,1363714163458,120,88,120,0
8,84,1363714163418,84,1363714163530,112,80,72,-40
8,32,1363714163530,32,1363714163609,79,112,79,0
8,73,1363714163889,73,1363714163970,81,359,361,280
8,84,1363714164050,84,1363714164137,87,161,167,80
8,32,1363714164209,32,1363714164273,64,159,136,72
8,83,1363714164978,83,1363714165130,152,769,857,705
8,84,1363714165250,84,1363714165385,135,272,255,120
8,79,1363714165569,79,1363714165633,64,319,248,184
8,80,1363714165593,80,1363714165713,120,24,80,-40
8,83,1363714166209,83,1363714166345,136,616,632,496
8,32,1363714166346,32,1363714166425,79,137,80,1
8,83,1363714166834,83,1363714166945,111,488,520,409
8,78,1363714167033,78,1363714167178,145,199,233,88
8,79,1363714167178,79,1363714167273,95,145,95,0
8,87,1363714167297,87,1363714167401,104,119,128,24
8,73,1363714167506,73,1363714167593,87,209,192,105
8,78,1363714167569,78,1363714167657,88,63,64,-24
8,71,1363714167689,71,1363714167753,64,120,96,32
8,32,1363714167801,32,1363714167898,97,112,145,48
8,79,1363714168025,79,1363714168145,120,224,247,127
8,85,1363714168129,85,1363714168201,72,104,56,-16
8,84,1363714168265,84,1363714168369,104,136,168,64
8,83,1363714168706,83,1363714168833,127,441,464,337
8,73,1363714168833,73,1363714168905,72,127,72,0
8,68,1363714168929,68,1363714169001,72,96,96,24
8,69,1363714169098,69,1363714169161,63,169,160,97
8,190,1363714169305,190,1363714169385,80,207,224,144
8,32,1363714169409,32,1363714169505,96,104,120,24
8,16,1363714169689,16,1363714169913,224,280,408,184
8,73,1363714169873,73,1363714169985,112,184,72,-40
8,32,1363714170193,32,1363714170265,72,320,280,208
8,65,1363714170369,65,1363714170481,112,176,216,104
8,77,1363714170545,77,1363714170673,128,176,192,64
8,32,1363714170673,32,1363714170761,88,128,88,0
8,82,1363714171289,82,1363714171473,184,616,712,528
8,69,1363714171473,69,1363714171625,152,184,152,0
8,65,1363714171609,65,1363714171681,72,136,56,-16
8,68,1363714171785,68,1363714171873,88,176,192,104
8,89,1363714171969,89,1363714172057,88,184,184,96
8,32,1363714172033,32,1363714172113,80,64,56,-24
8,70,1363714172369,70,1363714172473,104,336,360,256
8,79,1363714172505,79,1363714172593,88,136,120,32
8,82,1363714172625,82,1363714172721,96,120,128,32
8,32,1363714172739,32,1363714172825,86,114,104,18
8,83,1363714172993,83,1363714173129,136,254,304,168
8,80,1363714173185,80,1363714173274,89,192,145,56
8,82,1363714173345,82,1363714173441,96,160,167,71
8,73,1363714173489,73,1363714173593,104,144,152,48
8,78,1363714173577,78,1363714173657,80,88,64,-16
8,71,1363714173689,71,1363714173777,88,112,120,32
8,32,1363714174089,32,1363714174161,72,400,384,312
8,8,1363714174569,8,1363714174641,72,480,480,408
8,190,1363714174889,190,1363714174961,72,320,320,248
8,32,1363714175073,32,1363714175161,88,184,200,112
8,16,1363714175329,16,1363714175489,160,256,328,168
8,72,1363714175425,72,1363714175513,88,96,24,-64
8,79,1363714175593,79,1363714175665,72,168,152,80
8,87,1363714175745,87,1363714175849,104,152,184,80
8,32,1363714176361,32,1363714176433,72,616,584,512
8,65,1363714176562,65,1363714176674,112,201,241,129
8,66,1363714176626,66,1363714176714,88,64,40,-48
8,79,1363714176730,79,1363714176834,104,104,120,16
8,85,1363714176834,85,1363714176898,64,104,64,0
8,84,1363714176962,84,1363714177042,80,128,144,64
8,32,1363714177074,32,1363714177170,96,112,128,32
8,89,1363714177306,89,1363714177402,96,232,232,136
8,79,1363714177402,79,1363714177554,152,96,152,0
8,85,1363714177530,85,1363714177618,88,128,64,-24
8,32,1363714178234,32,1363714178322,88,704,704,616
8,16,1363714178618,16,1363714178858,240,384,536,296
8,73,1363714178762,73,1363714178858,96,144,0,-96
8,222,1363714178970,222,1363714179034,64,208,176,112
8,8,1363714180562,8,1363714180625,63,1592,1591,1528
8,32,1363714180874,32,1363714180938,64,312,313,249
8,70,1363714181106,70,1363714181218,112,232,280,168
8,69,1363714181282,69,1363714181370,88,176,152,64
8,69,1363714181458,69,1363714181562,104,176,192,88
8,76,1363714181593,76,1363714181705,112,135,143,31
8,32,1363714181682,32,1363714181777,95,89,72,-23
8,84,1363714181809,84,1363714181897,88,127,120,32
8,72,1363714181930,72,1363714182009,79,121,112,33
8,69,1363714182033,69,1363714182129,96,103,120,24
8,32,1363714182161,32,1363714182233,72,128,104,32
8,83,1363714182338,83,1363714182450,112,177,217,105
8,65,1363714182498,65,1363714182601,103,160,151,48
8,77,1363714182681,77,1363714182794,113,183,193,80
8,69,1363714182794,69,1363714182889,95,113,95,0
8,32,1363714182978,32,1363714183097,119,184,208,89
8,87,1363714183241,87,1363714183329,88,263,232,144
8,65,1363714183298,65,1363714183441,143,57,112,-31
8,89,1363714183465,89,1363714183545,80,167,104,24
8,190,1363714183713,190,1363714183809,96,248,264,168
8,32,1363714183825,32,1363714183913,88,112,104,16
8,16,1363714184306,16,1363714184490,184,481,577,393
8,73,1363714184433,73,1363714184513,80,127,23,-57
8,84,1363714184593,84,1363714184730,137,160,217,80
8,83,1363714184754,83,1363714184874,120,161,144,24
8,32,1363714184929,32,1363714185009,80,175,135,55
8,83,1363714185345,83,1363714185489,144,416,480,336
8,85,1363714185577,85,1363714185657,80,232,168,88
8,67,1363714185721,67,1363714185809,88,144,152,64
8,72,1363714186305,72,1363714186401,96,584,592,496
8,32,1363714186522,32,1363714186593,71,217,192,121
8,65,1363714186841,65,1363714186969,128,319,376,248
8,32,1363714187009,32,1363714187073,64,168,104,40
8,66,1363714187193,66,1363714187281,88,184,208,120
8,79,1363714187633,79,1363714187721,88,440,440,352
8,84,1363714187801,84,1363714187881,80,168,160,80
8,72,1363714187849,72,1363714187921,72,48,40,-32
8,69,1363714188025,69,1363714188193,168,176,272,104
8,82,1363714188169,82,1363714188257,88,144,64,-24
8,32,1363714188249,32,1363714188329,80,80,72,-8
8,84,1363714188569,84,1363714188657,88,320,328,240
8,79,1363714188657,79,1363714188753,96,88,96,0
8,32,1363714188753,32,1363714188825,72,96,72,0
8,76,1363714189633,76,1363714189753,120,880,928,808
8,8,1363714190561,8,1363714190641,80,928,888,808
8,67,1363714190801,67,1363714190889,88,240,248,160
8,76,1363714190953,76,1363714191033,80,152,144,64
8,69,1363714191113,69,1363714191273,160,160,240,80
8,65,1363714191233,65,1363714191361,128,120,88,-40
8,78,1363714191489,78,1363714191633,144,256,272,128
8,32,1363714191761,32,1363714191833,72,272,200,128
8,79,1363714191961,79,1363714192041,80,200,208,128
8,70,1363714192089,70,1363714192169,80,128,128,48
8,70,1363714192233,70,1363714192329,96,144,160,64
8,32,1363714192385,32,1363714192457,72,152,128,56
8,77,1363714192569,77,1363714192665,96,184,208,112
8,89,1363714192793,89,1363714192889,96,224,224,128
8,32,1363714192913,32,1363714192993,80,120,104,24
8,67,1363714193697,67,1363714193801,104,784,808,704
8,65,1363714193857,65,1363714194034,177,160,233,56
8,82,1363714194001,82,1363714194114,113,144,80,-33
8,32,1363714194202,32,1363714194282,80,201,168,88
8,73,1363714194482,73,1363714194610,128,280,328,200
8,78,1363714194570,78,1363714194690,120,88,80,-40
8,32,1363714194666,32,1363714194738,72,96,48,-24
8,84,1363714194746,84,1363714194842,96,80,104,8
8,72,1363714194882,72,1363714194962,80,136,120,40
8,69,1363714194994,69,1363714195090,96,112,128,32
8,32,1363714195138,32,1363714195202,64,144,112,48
8,87,1363714195346,87,1363714195442,96,208,240,144
8,79,1363714195538,79,1363714195634,96,192,192,96
8,8,1363714196226,8,1363714196298,72,688,664,592
8,8,1363714196378,8,1363714196450,72,152,152,80
8,77,1363714196706,77,1363714196802,96,328,352,256
8,79,1363714197010,79,1363714197074,64,304,272,208
8,82,1363714197186,82,1363714197282,96,176,208,112
8,78,1363714197490,78,1363714197578,88,304,296,208
8,73,1363714197666,73,1363714197770,104,176,192,88
8,78,1363714197754,78,1363714197842,88,88,72,-16
8,71,1363714197930,71,1363714197994,64,176,152,88
8,190,1363714198130,190,1363714198218,88,200,224,136
8,32,1363714198402,32,1363714198490,88,272,272,184
8,16,1363714199193,16,1363714199361,168,791,871,703
8,84,1363714199321,84,1363714199457,136,128,96,-40
8,72,1363714199457,72,1363714199537,80,136,80,0
8,69,1363714199561,69,1363714199649,88,104,112,24
8,32,1363714199681,32,1363714199744,63,120,95,32
8,82,1363714201217,82,1363714201320,103,1536,1576,1473
8,79,1363714201448,79,1363714201529,81,231,209,128
8,65,1363714201617,65,1363714201720,103,169,191,88
8,68,1363714201864,68,1363714202024,160,247,304,144
8,83,1363714202008,83,1363714202144,136,144,120,-16
8,32,1363714202144,32,1363714202208,64,136,64,0
8,87,1363714202456,87,1363714202584,128,312,376,248
8,69,1363714202600,69,1363714202706,106,144,122,16
8,82,1363714202706,82,1363714202840,134,106,134,0
8,69,1363714202808,69,1363714202912,104,102,72,-32
8,32,1363714202945,32,1363714203016,71,137,104,33
8,83,1363714203120,83,1363714203241,121,175,225,104
8,79,1363714203280,79,1363714203360,80,160,119,39
8,189,1363714203864,189,1363714203936,72,584,576,504
8,83,1363714204112,83,1363714204256,144,248,320,176
8,79,1363714204296,79,1363714204392,96,184,136,40
8,32,1363714204408,32,1363714204504,96,112,112,16
8,84,1363714204680,84,1363714204728,48,272,224,176
8,79,1363714204808,79,1363714204896,88,128,168,80
8,79,1363714205000,79,1363714205080,80,192,184,104
8,190,1363714205312,190,1363714205392,80,312,312,232
8,32,1363714205496,32,1363714205584,88,184,192,104
8,16,1363714205937,16,1363714206152,215,441,568,353
8,79,1363714206056,79,1363714206152,96,119,0,-96
8,72,1363714206264,72,1363714206352,88,208,200,112
8,32,1363714206432,32,1363714206504,72,168,152,80
8,77,1363714207200,77,1363714207320,120,768,816,696
8,65,1363714207504,65,1363714207648,144,304,328,184
8,78,1363714207640,78,1363714207752,112,136,104,-8
8,190,1363714207992,190,1363714208112,120,352,360,240
8,32,1363714208688,32,1363714208768,80,696,656,576
8,85,1363714209496,85,1363714209584,88,808,816,728
8,77,1363714209768,77,1363714209816,48,272,232,184
8,77,1363714209912,77,1363714209976,64,144,160,96
8,69,1363714210088,69,1363714210232,144,176,256,112
8,82,1363714210208,82,1363714210296,88,120,64,-24
8,190,1363714210672,190,1363714210768,96,464,472,376
8,32,1363714210832,32,1363714210920,88,160,152,64
8,16,1363714213465,16,1363714213625,160,2633,2705,2545
8,16,1363714214185,16,1363714214385,200,720,760,560
8,79,1363714214297,79,1363714214385,88,112,0,-88
8,78,1363714214473,78,1363714214569,96,176,184,88
8,69,1363714214569,69,1363714214649,80,96,80,0
8,32,1363714214689,32,1363714214769,80,120,120,40
8,79,1363714214881,79,1363714214945,64,192,176,112
8,70,1363714215001,70,1363714215113,112,120,168,56
8,32,1363714215081,32,1363714215153,72,80,40,-32
8,84,1363714215289,84,1363714215369,80,208,216,136
8,72,1363714215369,72,1363714215473,104,80,104,0
8,79,1363714215473,79,1363714215553,80,104,80,0
8,83,1363714215601,83,1363714215800,199,128,247,48
8,69,1363714215776,69,1363714215905,129,175,105,-24
8,32,1363714215960,32,1363714216040,80,184,135,55
8,68,1363714216241,68,1363714216353,112,281,313,201
8,65,1363714216409,65,1363714216513,104,168,160,56
8,89,1363714216513,89,1363714216608,95,104,95,0
8,190,1363714216809,190,1363714216904,95,296,296,201
8,8,1363714217217,8,1363714217297,80,408,393,313
8,83,1363714217385,83,1363714217520,135,168,223,88
8,190,1363714217777,190,1363714217856,79,392,336,257
8,32,1363714217920,32,1363714218000,80,143,144,64
8,85,1363714219209,85,1363714219336,127,1289,1336,1209
8,80,1363714219304,80,1363714219400,96,95,64,-32
8,190,1363714219560,190,1363714219648,88,256,248,160
7,16,1365016628775,16,1365016628935,160,1302409215,1302409287,1302409127
7,76,1365016628871,76,1365016629039,168,96,104,-64
7,69,1365016629039,69,1365016629127,88,168,88,0
7,78,1365016629287,78,1365016629367,80,248,240,160
7,79,1365016629439,79,1365016629519,80,152,152,72
7,32,1365016629567,32,1365016629695,128,128,176,48
7,72,1365016629727,72,1365016629815,88,160,120,32
7,65,1365016629887,65,1365016629983,96,160,168,72
7,83,1365016630055,83,1365016630250,195,168,267,72
7,32,1365016630151,32,1365016630295,144,96,45,-99
7,72,1365016630871,72,1365016630950,79,720,655,576
7,83,1365016631038,83,1365016631174,136,167,224,88
7,79,1365016631142,79,1365016631287,145,104,113,-32
7,8,1365016631583,8,1365016631654,71,441,367,296
7,8,1365016631854,8,1365016631934,80,271,280,200
7,79,1365016632094,79,1365016632184,90,240,250,160
7,83,1365016632222,83,1365016632342,120,128,158,38
7,84,1365016632398,84,1365016632502,104,176,160,56
7,69,1365016632591,69,1365016632662,71,193,160,89
7,68,1365016632767,68,1365016632894,127,176,232,105
7,32,1365016632878,32,1365016632974,96,111,80,-16
7,84,1365016633014,84,1365016633086,72,136,112,40
7,72,1365016633087,72,1365016633174,87,73,88,1
7,69,1365016633175,69,1365016633310,135,88,136,1
7,32,1365016633278,32,1365016633359,81,103,49,-32
7,83,1365016633422,83,1365016633558,136,144,199,63
7,72,1365016633502,72,1365016633646,144,80,88,-56
7,79,1365016633606,79,1365016633711,105,104,65,-40
7,87,1365016633711,87,1365016633847,136,105,136,0
7,32,1365016634559,32,1365016634710,151,848,863,712
7,83,1365016634783,83,1365016634926,143,224,216,73
7,73,1365016634854,73,1365016634927,73,71,1,-72
7,78,1365016635006,78,1365016635102,96,152,175,79
7,67,1365016635103,67,1365016635158,55,97,56,1
7,69,1365016635278,69,1365016635399,121,175,241,120
7,32,1365016635351,32,1365016635470,119,73,71,-48
7,49,1365016635862,49,1365016635998,136,511,528,392
7,57,1365016636230,57,1365016636286,56,368,288,232
7,57,1365016636350,57,1365016636486,136,120,200,64
7,50,1365016637255,50,1365016637416,161,905,930,769
7,188,1365016637663,188,1365016637743,80,408,327,247
7,32,1365016637839,32,1365016637943,104,176,200,96
7,87,1365016637967,87,1365016638119,152,128,176,24
7,73,1365016638055,73,1365016638143,88,88,24,-64
7,84,1365016638199,84,1365016638343,144,144,200,56
7,72,1365016638255,72,1365016638375,120,56,32,-88
7,32,1365016638487,32,1365016638623,136,232,248,112
7,79,1365016639071,79,1365016639143,72,584,520,448
7,78,1365016639210,78,1365016639295,85,139,152,67
7,76,1365016639335,76,1365016639423,88,125,128,40
7,89,1365016639487,89,1365016639543,56,152,120,64
7,32,1365016639639,32,1365016639735,96,152,192,96
7,65,1365016639767,65,1365016639951,184,128,216,32
7,32,1365016639887,32,1365016639999,112,120,48,-64
7,66,1365016641015,66,1365016641103,88,1128,1104,1016
7,82,1365016642591,82,1365016642743,152,1576,1640,1488
7,73,1365016642767,73,1365016642831,64,176,88,24
7,69,1365016642927,69,1365016643055,128,160,224,96
7,70,1365016643151,70,1365016643303,152,224,248,96
7,32,1365016643319,32,1365016643487,168,168,184,16
7,73,1365016644399,73,1365016644463,64,1080,976,912
7,78,1365016644535,78,1365016644655,120,136,192,72
7,84,1365016644759,84,1365016644831,72,224,176,104
7,69,1365016644935,69,1365016645143,208,176,312,104
7,82,1365016645007,82,1365016645143,136,72,0,-136
7,82,1365016645336,82,1365016645391,55,329,248,193
7,82,1365016645463,82,1365016645551,88,127,160,72
7,85,1365016645639,85,1365016645703,64,176,152,88
7,80,1365016645831,80,1365016645927,96,192,224,128
7,84,1365016646039,84,1365016646159,120,208,232,112
7,73,1365016646119,73,1365016646295,176,80,136,-40
7,79,1365016646199,79,1365016646295,96,80,0,-96
7,78,1365016646407,78,1365016646487,80,208,192,112
7,32,1365016646551,32,1365016646687,136,144,200,64
7,87,1365016646719,87,1365016646855,136,168,168,32
7,72,1365016646823,72,1365016646895,72,104,40,-32
7,32,1365016647175,32,1365016647335,160,352,440,280
7,79,1365016648831,79,1365016648894,63,1656,1559,1496
7,78,1365016649006,78,1365016649102,96,175,208,112
7,65,1365016649126,65,1365016649326,200,120,224,24
7,78,1365016649214,78,1365016649342,128,88,16,-112
7,32,1365016649486,32,1365016649638,152,272,296,144
7,222,1365016650783,222,1365016650910,127,1297,1272,1145
7,82,1365016653287,82,1365016653430,143,2504,2520,2377
7,73,1365016653375,73,1365016653510,135,88,80,-55
7,69,1365016653582,69,1365016653775,193,207,265,72
7,78,1365016653710,78,1365016653854,144,128,79,-65
7,32,1365016653958,32,1365016654094,136,248,240,104
7,72,1365016654206,72,1365016654286,80,248,192,112
7,79,1365016654366,79,1365016654462,96,160,176,80
7,83,1365016654502,83,1365016654614,112,136,152,40
7,84,1365016654695,84,1365016654791,96,193,177,81
7,69,1365016654847,69,1365016654919,72,152,128,56
7,68,1365016655023,68,1365016655167,144,176,248,104
7,190,1365016655711,190,1365016655831,120,688,664,544
7,32,1365016655832,32,1365016655943,111,121,112,1
7,16,1365016658399,16,1365016658879,480,2567,2936,2456
7,67,1365016658775,67,1365016658911,136,376,32,-104
7,79,1365016659023,79,1365016659103,80,248,192,112
7,78,1365016659183,78,1365016659295,112,160,192,80
7,71,1365016659463,71,1365016659535,72,280,240,168
7,82,1365016659663,82,1365016659695,32,200,160,128
7,65,1365016659839,65,1365016660015,176,176,320,144
7,84,1365016661103,84,1365016661239,136,1264,1224,1088
7,85,1365016661239,85,1365016661303,64,136,64,0
7,76,1365016661423,76,1365016661535,112,184,232,120
7,65,1365016661535,65,1365016661671,136,112,136,0
7,84,1365016661672,84,1365016661799,127,137,128,1
7,73,1365016661735,73,1365016661927,192,63,128,-64
7,79,1365016661799,79,1365016661927,128,64,0,-128
7,78,1365016662007,78,1365016662095,88,208,168,80
7,32,1365016662143,32,1365016662279,136,136,184,48
7,73,1365016662647,73,1365016662711,64,504,432,368
7,77,1365016662839,77,1365016662887,48,192,176,128
7,77,1365016662951,77,1365016663023,72,112,136,64
7,89,1365016663183,89,1365016663247,64,232,224,160
7,188,1365016664775,188,1365016664847,72,1592,1600,1528
7,32,1365016664959,32,1365016665087,128,184,240,112
7,83,1365016665655,83,1365016665753,98,696,666,568
7,73,1365016666039,73,1365016666094,55,384,341,286
7,8,1365016666446,8,1365016666518,72,407,424,352
7,65,1365016666598,65,1365016666750,152,152,232,80
7,73,1365016666742,73,1365016666766,24,144,16,-8
7,68,1365016666870,68,1365016667022,152,128,256,104
7,32,1365016667052,32,1365016667158,106,182,136,30
7,16,1365016667350,16,1365016667606,256,298,448,192
7,76,1365016667502,76,1365016667630,128,152,24,-104
7,69,1365016667838,69,1365016668022,184,336,392,208
7,78,1365016668055,78,1365016668134,79,217,112,33
7,79,1365016668214,79,1365016668310,96,159,176,80
7,190,1365016668918,190,1365016669038,120,704,728,608
7,32,1365016669126,32,1365016669254,128,208,216,88
7,32,1365016670695,32,1365016670806,111,1569,1552,1441
7,72,1365016670950,72,1365016671102,152,255,296,144
7,79,1365016671078,79,1365016671166,88,128,64,-24
7,80,1365016671278,80,1365016671366,88,200,200,112
7,69,1365016671455,69,1365016671638,183,177,272,89
7,32,1365016671542,32,1365016671638,96,87,0,-96
7,89,1365016671726,89,1365016671807,81,184,169,88
7,79,1365016671807,79,1365016671958,151,81,151,0
7,85,1365016671902,85,1365016672006,104,95,48,-56
7,222,1365016672735,222,1365016672823,88,833,817,729
7,82,1365016672919,82,1365016673127,208,184,304,96
7,69,1365016672999,69,1365016673159,160,80,32,-128
7,32,1365016673087,32,1365016673231,144,88,72,-72
7,65,1365016673503,65,1365016673599,96,416,368,272
7,83,1365016673695,83,1365016673903,208,192,304,96
7,32,1365016673855,32,1365016674007,152,160,104,-48
7,76,1365016674111,76,1365016674383,272,256,376,104
7,73,1365016674207,73,1365016674383,176,96,0,-176
7,67,1365016674631,67,1365016674799,168,424,416,248
7,72,1365016674743,72,1365016674815,72,112,16,-56
7,75,1365016674903,75,1365016674991,88,160,176,88
7,89,1365016675119,89,1365016675183,64,216,192,128
7,32,1365016675279,32,1365016675375,96,160,192,96
7,65,1365016675471,65,1365016675551,80,192,176,96
7,83,1365016675623,83,1365016675807,184,152,256,72
7,32,1365016675735,32,1365016675831,96,112,24,-72
7,77,1365016675903,77,1365016676007,104,168,176,72
7,69,1365016675983,69,1365016676143,160,80,136,-24
7,32,1365016676143,32,1365016676207,64,160,64,0
7,65,1365016676255,65,1365016676367,112,112,160,48
7,78,1365016676367,78,1365016676458,91,112,91,0
7,68,1365016676458,68,1365016676607,149,91,149,0
7,32,1365016676567,32,1365016676647,80,109,40,-40
7,72,1365016676735,72,1365016676839,104,168,192,88
7,79,1365016676839,79,1365016676935,96,104,96,0
7,76,1365016677039,76,1365016677143,104,200,208,104
7,68,1365016677144,68,1365016677303,159,105,160,1
7,32,1365016677239,32,1365016677335,96,95,32,-64
7,79,1365016677399,79,1365016677455,56,160,120,64
7,78,1365016677543,78,1365016677631,88,144,176,88
7,32,1365016677703,32,1365016677799,96,160,168,72
7,84,1365016677815,84,1365016677919,104,112,120,16
7,72,1365016677935,72,1365016678007,72,120,88,16
7,69,1365016678063,69,1365016678223,160,128,216,56
7,32,1365016678199,32,1365016678295,96,136,72,-24
7,74,1365016678487,74,1365016678591,104,288,296,192
7,79,1365016678743,79,1365016678823,80,256,232,152
7,66,1365016678999,66,1365016679119,120,256,296,176
7,32,1365016679175,32,1365016679279,104,176,160,56
7,85,1365016679831,85,1365016679879,48,656,600,552
7,78,1365016679983,78,1365016680063,80,152,184,104
7,84,1365016680127,84,1365016680239,112,144,176,64
7,73,1365016680223,73,1365016680295,72,96,56,-16
7,76,1365016680409,76,1365016680495,86,186,200,114
7,32,1365016680583,32,1365016680743,160,174,248,88
7,89,1365016680991,89,1365016681079,88,408,336,248
7,79,1365016681079,79,1365016681231,152,88,152,0
7,85,1365016681175,85,1365016681279,104,96,48,-56
7,82,1365016681359,82,1365016681543,184,184,264,80
7,8,1365016682119,8,1365016682207,88,760,664,576
7,222,1365016682839,222,1365016682919,80,720,712,632
7,82,1365016683007,82,1365016683199,192,168,280,88
7,69,1365016683079,69,1365016683247,168,72,48,-120
7,32,1365016683199,32,1365016683335,136,120,88,-48
7,84,1365016683415,84,1365016683519,104,216,184,80
7,72,1365016683487,72,1365016683575,88,72,56,-32
7,69,1365016683619,69,1365016683806,187,132,231,44
7,32,1365016683743,32,1365016683848,105,124,42,-63
7,79,1365016683958,79,1365016684023,65,215,175,110
7,76,1365016684142,76,1365016684246,104,184,223,119
7,68,1365016684286,68,1365016684462,176,144,216,40
7,32,1365016684439,32,1365016684574,135,153,112,-23
7,71,1365016684686,71,1365016684790,104,247,216,112
7,85,1365016684822,85,1365016684886,64,136,96,32
7,89,1365016685014,89,1365016685086,72,192,200,128
7,190,1365016686190,190,1365016686278,88,1176,1192,1104
7,32,1365016686422,32,1365016686566,144,232,288,144
7,70,1365016687399,70,1365016687534,135,977,968,833
7,32,1365016687502,32,1365016687590,88,103,56,-32
7,89,1365016687670,89,1365016687766,96,168,176,80
7,79,1365016687766,79,1365016687918,152,96,152,0
7,85,1365016687854,85,1365016687991,137,88,73,-64
7,32,1365016687991,32,1365016688070,79,137,79,0
7,78,1365016688150,78,1365016688246,96,159,176,80
7,69,1365016688262,69,1365016688318,56,112,72,16
7,69,1365016688398,69,1365016688486,88,136,168,80
7,68,1365016688583,68,1365016688734,151,185,248,97
7,32,1365016688662,32,1365016688758,96,79,24,-72
7,77,1365016688846,77,1365016688950,104,184,192,88
7,69,1365016688950,69,1365016689134,184,104,184,0
7,32,1365016689094,32,1365016689222,128,144,88,-40
7,188,1365016689526,188,1365016689614,88,432,392,304
7,32,1365016689751,32,1365016689879,128,225,265,137
7,222,1365016690960,222,1365016691039,79,1209,1160,1081
7,76,1365016691335,76,1365016691391,56,375,352,296
7,76,1365016691463,76,1365016691535,72,128,144,72
7,32,1365016691647,32,1365016691791,144,184,256,112
7,66,1365016691903,66,1365016691983,80,256,192,112
7,69,1365016692079,69,1365016692231,152,176,248,96
7,32,1365016692223,32,1365016692343,120,144,112,-8
7,65,1365016692343,65,1365016692463,120,120,120,0
7,84,1365016692535,84,1365016692615,80,192,152,72
7,32,1365016692658,32,1365016692751,93,123,136,43
7,84,1365016692751,84,1365016692823,72,93,72,0
7,72,1365016692895,72,1365016692975,80,144,152,72
7,69,1365016692919,69,1365016693079,160,24,104,-56
7,32,1365016693119,32,1365016693247,128,200,168,40
7,71,1365016693375,71,1365016693456,81,256,209,128
7,65,1365016693791,65,1365016693951,160,416,495,335
7,82,1365016693999,82,1365016694095,96,208,144,48
7,65,1365016694167,65,1365016694287,120,168,192,72
7,71,1365016694351,71,1365016694487,136,184,200,64
7,69,1365016694439,69,1365016694591,152,88,104,-48
7,186,1365016695191,186,1365016695215,24,752,624,600
7,190,1365016695192,190,1365016695255,63,1,40,-23
8,72,1363897762070,72,1363897762206,136,608,720,584
8,73,1363897762310,73,1363897762422,112,240,216,104
8,76,1363897762478,76,1363897762558,80,168,136,56
8,83,1363897762646,83,1363897762822,176,168,264,88
8,32,1363897762974,32,1363897763054,80,328,232,152
8,83,1363897763262,83,1363897763430,168,288,376,208
8,79,1363897763406,79,1363897763502,96,144,72,-24
8,32,1363897763502,32,1363897763574,72,96,72,0
8,77,1363897763830,77,1363897763926,96,328,352,256
8,85,1363897764078,85,1363897764150,72,248,224,152
8,67,1363897764174,67,1363897764286,112,96,136,24
8,72,1363897764302,72,1363897764398,96,128,112,16
8,32,1363897764398,32,1363897764478,80,96,80,0
8,70,1363897764998,70,1363897765102,104,600,624,520
8,85,1363897765134,85,1363897765222,88,136,120,32
8,78,1363897765366,78,1363897765454,88,232,232,144
8,190,1363897765982,190,1363897766078,96,616,624,528
8,32,1363897766094,32,1363897766174,80,112,96,16
8,16,1363897767302,16,1363897767518,216,1208,1344,1128
8,73,1363897767406,73,1363897767518,112,104,0,-112
8,32,1363897767519,32,1363897767598,79,113,80,1
8,72,1363897768286,72,1363897768374,88,767,776,688
8,65,1363897768414,65,1363897768550,136,128,176,40
8,86,1363897768550,86,1363897768662,112,136,112,0
8,69,1363897768630,69,1363897768782,152,80,120,-32
8,32,1363897768750,32,1363897768830,80,120,48,-32
8,84,1363897768950,84,1363897769046,96,200,216,120
8,79,1363897769078,79,1363897769190,112,128,144,32
8,32,1363897769166,32,1363897769270,104,88,80,-24
8,68,1363897769318,68,1363897769454,136,152,184,48
8,79,1363897769486,79,1363897769590,104,168,136,32
8,32,1363897769590,32,1363897769678,88,104,88,0
8,84,1363897769798,84,1363897769886,88,208,208,120
8,72,1363897769910,72,1363897769974,64,112,88,24
8,73,1363897769950,73,1363897770054,104,40,80,-24
8,83,1363897770102,83,1363897770262,160,152,208,48
8,32,1363897770222,32,1363897770326,104,120,64,-40
8,70,1363897770702,70,1363897770838,136,480,512,376
8,79,1363897770870,79,1363897770975,105,168,137,32
8,82,1363897771335,82,1363897771439,104,465,464,360
8,32,1363897771519,32,1363897771607,88,184,168,80
8,51,1363897772271,51,1363897772367,96,752,760,664
8,32,1363897772431,32,1363897772519,88,160,152,64
8,77,1363897772687,77,1363897772815,128,256,296,168
8,79,1363897772847,79,1363897772935,88,160,120,32
8,82,1363897772999,82,1363897773143,144,152,208,64
8,69,1363897773103,69,1363897773223,120,104,80,-40
8,32,1363897773215,32,1363897773303,88,112,80,-8
8,87,1363897774046,87,1363897774191,145,831,888,743
8,69,1363897774231,69,1363897774326,95,185,135,40
8,69,1363897774431,69,1363897774583,152,200,257,105
8,75,1363897774583,75,1363897774686,103,152,103,0
8,83,1363897774727,83,1363897774862,135,144,176,41
8,190,1363897774942,190,1363897775030,88,215,168,80
8,32,1363897775078,32,1363897775182,104,136,152,48
8,16,1363897776494,16,1363897776702,208,1416,1520,1312
8,89,1363897776606,89,1363897776703,97,112,1,-96
8,65,1363897776926,65,1363897777078,152,320,375,223
8,89,1363897777094,89,1363897777199,105,168,121,16
8,16,1363897777478,16,1363897777807,329,384,608,279
8,49,1363897777758,49,1363897777870,112,280,63,-49
8,32,1363897778015,32,1363897778095,80,257,225,145
8,16,1363897778950,16,1363897779134,184,935,1039,855
8,87,1363897779062,87,1363897779239,177,112,105,-72
8,72,1363897779279,72,1363897779374,95,217,135,40
8,65,1363897779414,65,1363897779534,120,135,160,40
8,84,1363897779478,84,1363897779607,129,64,73,-56
8,32,1363897779607,32,1363897779686,79,129,79,0
8,72,1363897779806,72,1363897779886,80,199,200,120
8,65,1363897779870,65,1363897780014,144,64,128,-16
8,69,1363897780094,69,1363897780230,136,224,216,80
8,32,1363897780182,32,1363897780294,112,88,64,-48
8,89,1363897780910,89,1363897781070,160,728,776,616
8,79,1363897781046,79,1363897781190,144,136,120,-24
8,85,1363897781158,85,1363897781270,112,112,80,-32
8,32,1363897781270,32,1363897781350,80,112,80,0
8,66,1363897781598,66,1363897781694,96,328,344,248
8,69,1363897781742,69,1363897781846,104,144,152,48
8,69,1363897781958,69,1363897782054,96,216,208,112
8,78,1363897782118,78,1363897782206,88,160,152,64
8,32,1363897782246,32,1363897782326,80,128,120,40
8,85,1363897782606,85,1363897782734,128,360,408,280
8,80,1363897782710,80,1363897782806,96,104,72,-24
8,32,1363897782886,32,1363897782990,104,176,184,80
8,84,1363897783422,84,1363897783526,104,536,536,432
8,79,1363897783550,79,1363897783638,88,128,112,24
8,32,1363897783614,32,1363897783726,112,64,88,-24
8,76,1363897783958,76,1363897784054,96,344,328,232
8,65,1363897784134,65,1363897784286,152,176,232,80
8,84,1363897784246,84,1363897784406,160,112,120,-40
8,69,1363897784366,69,1363897784478,112,120,72,-40
8,76,1363897784598,76,1363897784774,176,232,296,120
8,89,1363897784798,89,1363897784878,80,200,104,24
8,190,1363897785318,190,1363897785454,136,520,576,440
8,32,1363897785510,32,1363897785615,105,192,161,56
8,32,1363897786494,32,1363897786558,64,984,943,879
8,72,1363897786694,72,1363897786774,80,200,216,136
8,65,1363897786814,65,1363897786974,160,120,200,40
8,86,1363897786950,86,1363897787070,120,136,96,-24
8,69,1363897787046,69,1363897787158,112,96,88,-24
8,32,1363897787118,32,1363897787206,88,72,48,-40
8,66,1363897787382,66,1363897787502,120,264,296,176
8,69,1363897787646,69,1363897787718,72,264,216,144
8,69,1363897787798,69,1363897787902,104,152,184,80
8,78,1363897787902,78,1363897788006,104,104,104,0
8,32,1363897788006,32,1363897788094,88,104,88,0
8,87,1363897788182,87,1363897788302,120,176,208,88
8,79,1363897788334,79,1363897788431,97,152,129,32
8,82,1363897788398,82,1363897788487,89,64,56,-33
8,75,1363897788527,75,1363897788591,64,129,104,40
8,73,1363897788711,73,1363897788815,104,184,224,120
8,78,1363897788783,78,1363897788879,96,72,64,-32
8,71,1363897788879,71,1363897788967,88,96,88,0
8,32,1363897788967,32,1363897789087,120,88,120,0
8,79,1363897789183,79,1363897789311,128,216,224,96
8,78,1363897789311,78,1363897789423,112,128,112,0
8,32,1363897789423,32,1363897789511,88,112,88,0
8,77,1363897789647,77,1363897789727,80,224,216,136
8,89,1363897789871,89,1363897789951,80,224,224,144
8,32,1363897789967,32,1363897790039,72,96,88,16
8,82,1363897790143,82,1363897790271,128,176,232,104
8,69,1363897790231,69,1363897790391,160,88,120,-40
8,83,1363897790367,83,1363897790591,224,136,200,-24
8,69,1363897790823,69,1363897791022,199,456,431,232
8,65,1363897791039,65,1363897791183,144,216,161,17
8,82,1363897791159,82,1363897791239,80,120,56,-24
8,67,1363897791455,67,1363897791534,79,296,295,216
8,72,1363897791558,72,1363897791679,121,103,145,24
8,190,1363897791871,190,1363897791974,103,313,295,192
8,32,1363897792007,32,1363897792127,120,136,153,33
8,16,1363897794502,16,1363897794686,184,2495,2559,2375
8,65,1363897794630,65,1363897794774,144,128,88,-56
8,78,1363897794822,78,1363897794926,104,192,152,48
8,68,1363897794927,68,1363897795046,119,105,120,1
8,32,1363897795046,32,1363897795142,96,119,96,0
8,84,1363897795566,84,1363897795718,152,520,576,424
8,69,1363897795702,69,1363897795862,160,136,144,-16
8,65,1363897795831,65,1363897795935,104,129,73,-31
8,67,1363897796055,67,1363897796150,95,224,215,120
8,72,1363897796214,72,1363897796318,104,159,168,64
8,73,1363897796318,73,1363897796454,136,104,136,0
8,78,1363897796430,78,1363897796534,104,112,80,-24
8,71,1363897796558,71,1363897796638,80,128,104,24
8,32,1363897796766,32,1363897796846,80,208,208,128
8,67,1363897798590,67,1363897798710,120,1824,1864,1744
8,79,1363897798710,79,1363897798830,120,120,120,0
8,32,1363897798863,32,1363897798886,23,153,56,33
8,77,1363897798864,77,1363897798910,46,1,24,-22
8,80,1363897799718,80,1363897799830,112,854,920,808
8,85,1363897799862,85,1363897799942,80,144,112,32
8,84,1363897799990,84,1363897800086,96,128,144,48
8,69,1363897800174,69,1363897800294,120,184,208,88
8,82,1363897800254,82,1363897800334,80,80,40,-40
8,32,1363897800366,32,1363897800438,72,112,104,32
8,83,1363897800582,83,1363897800726,144,216,288,144
8,67,1363897800894,67,1363897801014,120,312,288,168
8,73,1363897801038,73,1363897801134,96,144,120,24
8,69,1363897801198,69,1363897801310,112,160,176,64
8,78,1363897801342,78,1363897801438,96,144,128,32
8,67,1363897801486,67,1363897801598,112,144,160,48
8,69,1363897801598,69,1363897801726,128,112,128,0
8,32,1363897801694,32,1363897801782,88,96,56,-32
8,84,1363897801894,84,1363897801974,80,200,192,112
8,79,1363897802030,79,1363897802110,80,136,136,56
8,32,1363897802078,32,1363897802182,104,48,72,-32
8,78,1363897802918,78,1363897803054,136,840,872,736
8,79,1363897803054,79,1363897803182,128,136,128,0
8,78,1363897803182,78,1363897803310,128,128,128,0
8,69,1363897803374,69,1363897803494,120,192,184,64
8,32,1363897803598,32,1363897803662,64,224,168,104
8,8,1363897804198,8,1363897804238,40,600,576,536
8,190,1363897805214,190,1363897805310,96,1016,1072,976
8,32,1363897805374,32,1363897805454,80,160,144,64
8,77,1363897806239,77,1363897806375,136,865,921,785
8,65,1363897806407,65,1363897806559,152,168,184,32
8,8,1363897806831,8,1363897806864,33,424,305,272
8,65,1363897807415,65,1363897807599,184,584,735,551
8,74,1363897807599,74,1363897807695,96,184,96,0
8,79,1363897807791,79,1363897807871,80,192,176,96
8,82,1363897807911,82,1363897808047,136,120,176,40
8,83,1363897808111,83,1363897808263,152,200,216,64
8,190,1363897808599,190,1363897808711,112,488,448,336
8,32,1363897808735,32,1363897808847,112,136,136,24
8,16,1363897809575,16,1363897809735,160,840,888,728
8,70,1363897809687,70,1363897809864,177,112,129,-48
8,85,1363897809831,85,1363897809919,88,144,55,-33
8,78,1363897810047,78,1363897810151,104,216,232,128
8,32,1363897810151,32,1363897810231,80,104,80,0
8,83,1363897810497,83,1363897810662,165,346,431,266
8,84,1363897810702,84,1363897810822,120,205,160,40
8,85,1363897810879,85,1363897810960,81,177,138,57
8,8,1363897811558,8,1363897811630,72,679,670,598
8,8,1363897811726,8,1363897811806,80,168,176,96
8,8,1363897811902,8,1363897811942,40,176,136,96
8,188,1363897812374,188,1363897812486,112,472,544,432
8,32,1363897812526,32,1363897812607,81,152,121,40
8,70,1363897813238,70,1363897813382,144,712,775,631
8,85,1363897813446,85,1363897813510,64,208,128,64
8,78,1363897813630,78,1363897813734,104,184,224,120
8,32,1363897813726,32,1363897813798,72,96,64,-8
8,89,1363897814910,89,1363897814998,88,1184,1200,1112
8,65,1363897815054,65,1363897815230,176,144,232,56
8,89,1363897815246,89,1363897815358,112,192,128,16
8,190,1363897815694,190,1363897815790,96,448,432,336
8,32,1363897816430,32,1363897816510,80,736,720,640
8,79,1363897818062,79,1363897818182,120,1632,1672,1552
8,87,1363897818278,87,1363897818406,128,216,224,96
8,32,1363897818494,32,1363897818574,80,216,168,88
8,65,1363897818806,65,1363897818942,136,312,368,232
8,82,1363897818910,82,1363897819070,160,104,128,-32
8,69,1363897819014,69,1363897819142,128,104,72,-56
8,32,1363897819134,32,1363897819222,88,120,80,-8
8,89,1363897819398,89,1363897819494,96,264,272,176
8,79,1363897819494,79,1363897819622,128,96,128,0
8,85,1363897819590,85,1363897819710,120,96,88,-32
8,32,1363897819686,32,1363897819774,88,96,64,-24
8,68,1363897819870,68,1363897820038,168,184,264,96
8,79,1363897820038,79,1363897820198,160,168,160,0
8,78,1363897820182,78,1363897820294,112,144,96,-16
8,190,1363897820902,190,1363897820990,88,720,696,608
8,72,1364485748202,72,1364485748306,104,120,64,-40
8,69,1364485748434,69,1364485748514,80,232,208,128
8,76,1364485748610,76,1364485748698,88,176,184,96
8,76,1364485748802,76,1364485748866,64,192,168,104
8,79,1364485748978,79,1364485749042,64,176,176,112
8,190,1364485749385,190,1364485749481,96,407,439,343
8,32,1364485749538,32,1364485749626,88,153,145,57
8,87,1364485749937,87,1364485750009,72,399,383,311
8,69,1364485750753,69,1364485750842,89,816,833,744
8,76,1364485751018,76,1364485751138,120,265,296,176
8,67,1364485751170,67,1364485751274,104,152,136,32
8,79,1364485751275,79,1364485751394,119,105,120,1
8,77,1364485751395,77,1364485751482,87,120,88,1
8,69,1364485751458,69,1364485751562,104,63,80,-24
8,32,1364485751658,32,1364485751738,80,200,176,96
8,84,1364485751874,84,1364485751962,88,216,224,136
8,79,1364485752011,79,1364485752098,87,137,136,49
8,32,1364485752098,32,1364485752195,97,87,97,0
8,65,1364485752386,65,1364485752490,104,288,295,191
8,78,1364485752650,78,1364485752722,72,264,232,160
8,79,1364485752914,79,1364485752986,72,264,264,192
8,84,1364485753018,84,1364485753098,80,104,112,32
8,72,1364485753162,72,1364485753234,72,144,136,64
8,69,1364485753274,69,1364485753402,128,112,168,40
8,82,1364485753378,82,1364485753474,96,104,72,-24
8,32,1364485753474,32,1364485753546,72,96,72,0
8,73,1364485753859,73,1364485753962,103,385,416,313
8,78,1364485753978,78,1364485754074,96,119,112,16
8,83,1364485754186,83,1364485754330,144,208,256,112
8,84,1364485754354,84,1364485754466,112,168,136,24
8,65,1364485754554,65,1364485754650,96,200,184,88
8,76,1364485754738,76,1364485754834,96,184,184,88
8,76,1364485754938,76,1364485754994,56,200,160,104
8,77,1364485755594,77,1364485755706,112,656,712,600
8,69,1364485755722,69,1364485755818,96,128,112,16
8,78,1364485755842,78,1364485755930,88,120,112,24
8,84,1364485755931,84,1364485756010,79,89,80,1
8,32,1364485756066,32,1364485756154,88,135,144,56
8,79,1364485756298,79,1364485756386,88,232,232,144
8,70,1364485756442,70,1364485756530,88,144,144,56
8,32,1364485756530,32,1364485756618,88,88,88,0
8,89,1364485756930,89,1364485757010,80,400,392,312
8,8,1364485758042,8,1364485758122,80,1112,1112,1032
8,84,1364485758466,84,1364485758562,96,424,440,344
8,89,1364485758634,89,1364485758730,96,168,168,72
8,80,1364485758706,80,1364485758810,104,72,80,-24
8,73,1364485759010,73,1364485759122,112,304,312,200
8,78,1364485759090,78,1364485759194,104,80,72,-32
8,71,1364485759194,71,1364485759266,72,104,72,0
8,32,1364485759330,32,1364485759386,56,136,120,64
8,49,1364485760370,49,1364485760490,120,1040,1104,984
8,48,1364485760602,48,1364485760690,88,232,200,112
8,49,1364485760746,49,1364485760834,88,144,144,56
8,190,1364485761498,190,1364485761578,80,752,744,664
8,32,1364485761666,32,1364485761746,80,168,168,88
8,16,1364485762730,16,1364485762930,200,1064,1184,984
8,76,1364485762882,76,1364485762970,88,152,40,-48
8,69,1364485763026,69,1364485763186,160,144,216,56
8,84,1364485763138,84,1364485763274,136,112,88,-48
8,83,1364485763474,83,1364485763626,152,336,352,200
8,32,1364485763666,32,1364485763738,72,192,112,40
8,71,1364485764210,71,1364485764298,88,544,560,472
8,69,1364485764458,69,1364485764562,104,248,264,160
8,84,1364485764514,84,1364485764626,112,56,64,-48
8,32,1364485764730,32,1364485764810,80,216,184,104
8,83,1364485764882,83,1364485764994,112,152,184,72
8,84,1364485765130,84,1364485765234,104,248,240,136
8,65,1364485765250,65,1364485765417,167,120,183,16
8,82,1364485765434,82,1364485765514,80,184,97,17
8,84,1364485765633,84,1364485765706,73,199,192,119
8,69,1364485765786,69,1364485765882,96,153,176,80
8,68,1364485766002,68,1364485766082,80,216,200,120
8,190,1364485766410,190,1364485766481,71,408,399,328
8,32,1364485766529,32,1364485766617,88,119,136,48
8,16,1364485766842,16,1364485766969,127,313,352,225
8,84,1364485766929,84,1364485767065,136,87,96,-40
8,79,1364485767066,79,1364485767145,79,137,80,1
8,68,1364485767289,68,1364485767313,24,223,168,144
8,65,1364485767721,65,1364485767825,104,432,512,408
8,89,1364485767857,89,1364485767937,80,136,112,32
8,32,1364485768322,32,1364485768395,73,465,458,385
8,87,1364485768698,87,1364485768874,176,376,479,303
8,69,1364485768850,69,1364485768986,136,152,112,-24
8,32,1364485769098,32,1364485769178,80,248,192,112
8,65,1364485769314,65,1364485769458,144,216,280,136
8,82,1364485769410,82,1364485769546,136,96,88,-48
8,69,1364485769522,69,1364485769595,73,112,49,-24
8,32,1364485769666,32,1364485769722,56,144,127,71
8,71,1364485770170,71,1364485770273,103,504,551,448
8,79,1364485770330,79,1364485770426,96,160,153,57
8,73,1364485770378,73,1364485770522,144,48,96,-48
8,78,1364485770482,78,1364485770570,88,104,48,-40
8,71,1364485770594,71,1364485770698,104,112,128,24
8,32,1364485770698,32,1364485770778,80,104,80,0
8,84,1364485770890,84,1364485770970,80,192,192,112
8,79,1364485770970,79,1364485771066,96,80,96,0
8,32,1364485771042,32,1364485771123,81,72,57,-24
8,70,1364485771290,70,1364485771378,88,248,255,167
8,79,1364485771738,79,1364485771818,80,448,440,360
8,67,1364485771938,67,1364485772018,80,200,200,120
8,85,1364485772122,85,1364485772186,64,184,168,104
8,83,1364485772258,83,1364485772402,144,136,216,72
8,69,1364485772362,69,1364485772482,120,104,80,-40
8,32,1364485772514,32,1364485772610,96,152,128,32
8,79,1364485772706,79,1364485772786,80,192,176,96
8,78,1364485772810,78,1364485772906,96,104,120,24
8,32,1364485773434,32,1364485773514,80,624,608,528
8,84,1364485773730,84,1364485773818,88,296,304,216
8,72,1364485774138,72,1364485774186,48,408,368,320
8,89,1364485774140,89,1364485774186,46,2,0,-46
8,80,1364485774962,80,1364485775066,104,822,880,776
8,82,1364485775162,82,1364485775274,112,200,208,96
8,73,1364485775330,73,1364485775474,144,168,200,56
8,78,1364485775434,78,1364485775522,88,104,48,-40
8,71,1364485775554,71,1364485775626,72,120,104,32
8,32,1364485775722,32,1364485775810,88,168,184,96
8,73,1364485775994,73,1364485776114,120,272,304,184
8,78,1364485776090,78,1364485776226,136,96,112,-24
8,32,1364485776210,32,1364485776282,72,120,56,-16
8,8,1364485778258,8,1364485778322,64,2048,2040,1976
8,76,1364485778978,76,1364485779066,88,720,744,656
8,79,1364485779162,79,1364485779242,80,184,176,96
8,84,1364485779850,84,1364485779970,120,688,728,608
8,83,1364485779994,83,1364485780138,144,144,168,24
8,32,1364485780178,32,1364485780258,80,184,120,40
8,79,1364485780466,79,1364485780538,72,288,280,208
8,70,1364485780586,70,1364485780690,104,120,152,48
8,32,1364485780690,32,1364485780754,64,104,64,0
8,87,1364485780858,87,1364485780962,104,168,208,104
8,79,1364485780986,79,1364485781082,96,128,120,24
8,82,1364485781058,82,1364485781162,104,72,80,-24
8,68,1364485781362,68,1364485781538,176,304,376,200
8,83,1364485781498,83,1364485781626,128,136,88,-40
8,190,1364485781746,190,1364485781826,80,248,200,120
8,32,1364485781930,32,1364485782010,80,184,184,104
8,16,1364485782410,16,1364485782650,240,480,640,400
8,73,1364485782546,73,1364485782650,104,136,0,-104
8,78,1364485782826,78,1364485782914,88,280,264,176
8,32,1364485782962,32,1364485783034,72,136,120,48
8,65,1364485783274,65,1364485783394,120,312,360,240
8,32,1364485783450,32,1364485783530,80,176,136,56
8,84,1364485783906,84,1364485784081,175,456,551,376
8,69,1364485784026,69,1364485784121,95,120,40,-55
8,88,1364485784289,88,1364485784394,105,263,273,168
8,84,1364485784506,84,1364485784585,79,217,191,112
8,32,1364485784641,32,1364485784713,72,135,128,56
8,8,1364485785025,8,1364485785105,80,384,392,312
8,66,1364485785297,66,1364485785393,96,272,288,192
8,79,1364485785465,79,1364485785537,72,168,144,72
8,88,1364485785594,88,1364485785705,111,129,168,57
8,190,1364485785962,190,1364485786050,88,368,345,257
8,32,1364485786082,32,1364485786170,88,120,120,32
8,16,1364485786938,16,1364485787298,360,856,1128,768
8,89,1364485787234,89,1364485787306,72,296,8,-64
8,65,1364485787659,65,1364485787778,119,425,472,353
8,89,1364485787802,89,1364485787858,56,143,80,24
8,16,1364485788162,16,1364485788474,312,360,616,304
8,49,1364485788418,49,1364485788514,96,256,40,-56
8,32,1364485789306,32,1364485789387,81,888,873,792
8,16,1364485789666,16,1364485790002,336,360,615,279
8,71,1364485789930,71,1364485790042,112,264,40,-72
8,79,1364485790866,79,1364485790938,72,936,896,824
8,16,1364485791418,16,1364485791706,288,552,768,480
8,49,1364485791618,49,1364485791738,120,200,32,-88
8,32,1364485791922,32,1364485792010,88,304,272,184
8,75,1364485792914,75,1364485793010,96,992,1000,904
8,65,1364485793082,65,1364485793186,104,168,176,72
8,89,1364485793202,89,1364485793274,72,120,88,16
8,32,1364485793450,32,1364485793506,56,248,232,176
8,83,1364485794106,83,1364485794250,144,656,744,600
8,79,1364485794218,79,1364485794306,88,112,56,-32
8,32,1364485794306,32,1364485794394,88,88,88,0
8,87,1364485794498,87,1364485794602,104,192,208,104
8,69,1364485794666,69,1364485794778,112,168,176,64
8,82,1364485794722,82,1364485794842,120,56,64,-56
8,32,1364485794858,32,1364485794946,88,136,104,16
8,72,1364485795122,72,1364485795194,72,264,248,176
8,65,1364485795418,65,1364485795514,96,296,320,224
8,82,1364485796274,82,1364485796418,144,856,904,760
8,69,1364485796418,69,1364485796506,88,144,88,0
8,32,1364485796562,32,1364485796642,80,144,136,56
8,84,1364485797338,84,1364485797466,128,776,824,696
8,72,1364485797498,72,1364485797578,80,160,112,32
8,69,1364485797634,69,1364485797746,112,136,168,56
8,89,1364485797810,89,1364485797890,80,176,144,64
8,69,1364485797962,69,1364485798130,168,152,240,72
8,82,1364485798090,82,1364485798218,128,128,88,-40
8,32,1364485798218,32,1364485798298,80,128,80,0
8,84,1364485798723,84,1364485798818,95,505,520,425
8,72,1364485798858,72,1364485798930,72,135,112,40
8,69,1364485799018,69,1364485799084,66,160,154,88
8,73,1364485799426,73,1364485799514,88,408,430,342
8,71,1364485799802,71,1364485799930,128,376,416,288
8,77,1364485800370,77,1364485800490,120,568,560,440
8,32,1364485800610,32,1364485800698,88,240,208,120
8,72,1364485801290,72,1364485801361,71,680,663,592
8,73,1364485801529,73,1364485801609,80,239,248,168
8,69,1364485801658,69,1364485801769,111,129,160,49
8,32,1364485801994,32,1364485802057,63,336,288,225
8,68,1364485802265,68,1364485802441,176,271,384,208
8,73,1364485802561,73,1364485802649,88,296,208,120
8,71,1364485802945,71,1364485803057,112,384,408,296
8,76,1364485803089,76,1364485803194,105,144,137,32
8,32,1364485803818,32,1364485803906,88,729,712,624
8,68,1364485804466,68,1364485804626,160,648,720,560
8,73,1364485804587,73,1364485804666,79,121,40,-39
8,71,1364485804786,71,1364485804882,96,199,216,120
8,73,1364485804986,73,1364485805026,40,200,144,104
8,84,1364485805338,84,1364485805426,88,352,400,312
8,190,1364485805706,190,1364485805794,88,368,368,280
8,32,1364485805826,32,1364485805922,96,120,128,32
8,69,1364485806994,69,1364485807074,80,1168,1152,1072
8,76,1364485807330,76,1364485807410,80,336,336,256
8,76,1364485807498,76,1364485807570,72,168,160,88
8,79,1364485807674,79,1364485807746,72,176,176,104
8,190,1364485807930,190,1364485808010,80,256,264,184
8,72,1364934777242,72,1364934777314,72,200,24,-48
8,69,1364934777586,69,1364934777658,72,344,344,272
8,76,1364934777746,76,1364934777826,80,160,168,88
8,76,1364934777922,76,1364934778002,80,176,176,96
8,79,1364934778138,79,1364934778218,80,216,216,136
8,190,1364934778506,190,1364934778594,88,368,376,288
8,32,1364934778674,32,1364934778754,80,168,160,80
8,16,1364934779114,16,1364934779322,208,440,568,360
8,73,1364934779242,73,1364934779322,80,128,0,-80
8,84,1364934779451,84,1364934779595,144,209,273,129
8,83,1364934779595,83,1364934779731,136,144,136,0
8,32,1364934779771,32,1364934779851,80,176,120,40
8,77,1364934780603,77,1364934780715,112,832,864,752
8,69,1364934780715,69,1364934780795,80,112,80,0
8,190,1364934781003,190,1364934781115,112,288,320,208
8,32,1364934781115,32,1364934781235,120,112,120,0
8,85,1364934782059,85,1364934782131,72,944,896,824
8,83,1364934782195,83,1364934782355,160,136,224,64
8,84,1364934782299,84,1364934782435,136,104,80,-56
8,32,1364934782451,32,1364934782523,72,152,88,16
8,71,1364934783051,71,1364934783139,88,600,616,528
8,79,1364934783171,79,1364934783274,103,120,135,32
8,73,1364934783235,73,1364934783371,136,64,97,-39
8,78,1364934783339,78,1364934783419,80,104,48,-32
8,71,1364934783395,71,1364934783507,112,56,88,-24
8,32,1364934783531,32,1364934783618,87,136,111,24
8,84,1364934783762,84,1364934783842,80,231,224,144
8,79,1364934783883,79,1364934783994,111,121,152,41
8,32,1364934783978,32,1364934784075,97,95,81,-16
8,84,1364934784570,84,1364934784691,121,592,616,495
8,89,1364934784747,89,1364934784858,111,177,167,56
8,80,1364934784819,80,1364934784930,111,72,72,-39
8,69,1364934784954,69,1364934785042,88,135,112,24
8,32,1364934785298,32,1364934785386,88,344,344,256
8,72,1364934785530,72,1364934785602,72,232,216,144
8,69,1364934785602,69,1364934785722,120,72,120,0
8,82,1364934785698,82,1364934785842,144,96,120,-24
8,69,1364934785818,69,1364934785931,113,120,89,-24
8,32,1364934785995,32,1364934786074,79,177,143,64
8,65,1364934786219,65,1364934786378,159,224,304,145
8,71,1364934786355,71,1364934786498,143,136,120,-23
8,73,1364934786490,73,1364934786642,152,135,144,-8
8,78,1364934786610,78,1364934786746,136,120,104,-32
8,65,1364934786714,65,1364934786802,88,104,56,-32
8,190,1364934787586,190,1364934787682,96,872,880,784
8,32,1364934787730,32,1364934787810,80,144,128,48
8,16,1364934788586,16,1364934788746,160,856,936,776
8,65,1364934788682,65,1364934788802,120,96,56,-64
8,78,1364934788874,78,1364934788978,104,192,176,72
8,68,1364934788978,68,1364934789066,88,104,88,0
8,32,1364934789106,32,1364934789202,96,128,136,40
8,73,1364934789338,73,1364934789410,72,232,208,136
8,84,1364934789410,84,1364934789554,144,72,144,0
8,83,1364934789538,83,1364934789666,128,128,112,-16
8,32,1364934789690,32,1364934789770,80,152,104,24
8,16,1364934790034,16,1364934790202,168,344,432,264
8,84,1364934790170,84,1364934790298,128,136,96,-32
8,85,1364934790362,85,1364934790442,80,192,144,64
8,69,1364934790746,69,1364934790866,120,384,424,304
8,83,1364934791011,83,1364934791114,103,265,248,145
8,68,1364934791234,68,1364934791335,101,223,221,120
8,65,1364934791426,65,1364934791483,57,192,148,91
8,89,1364934791498,89,1364934791602,104,72,119,15
8,190,1364934791770,190,1364934791866,96,272,264,168
8,32,1364934791962,32,1364934792050,88,192,184,96
8,16,1364934792450,16,1364934792842,392,488,792,400
8,89,1364934792754,89,1364934792843,89,304,1,-88
8,69,1364934793370,69,1364934793506,136,616,663,527
8,65,1364934793466,65,1364934793586,120,96,80,-40
8,72,1364934794210,72,1364934794314,104,744,728,624
8,32,1364934794538,32,1364934794610,72,328,296,224
8,70,1364934794730,70,1364934794858,128,192,248,120
8,79,1364934794874,79,1364934794962,88,144,104,16
8,82,1364934794986,82,1364934795066,80,112,104,24
8,32,1364934795066,32,1364934795146,80,80,80,0
8,66,1364934795562,66,1364934795650,88,496,504,416
8,69,1364934795706,69,1364934795794,88,144,144,56
8,73,1364934795842,73,1364934795970,128,136,176,48
8,78,1364934795922,78,1364934796034,112,80,64,-48
8,71,1364934796066,71,1364934796138,72,144,104,32
8,32,1364934796178,32,1364934796258,80,112,120,40
8,80,1364934797147,80,1364934797243,96,969,985,889
8,65,1364934797347,65,1364934797459,112,200,216,104
8,82,1364934797419,82,1364934797531,112,72,72,-40
8,84,1364934797683,84,1364934797731,48,264,200,152
8,76,1364934797907,76,1364934798043,136,224,312,176
8,89,1364934798131,89,1364934798211,80,224,168,88
8,32,1364934798715,32,1364934798811,96,584,600,504
8,68,1364934799043,68,1364934799179,136,328,368,232
8,79,1364934799179,79,1364934799267,88,136,88,0
8,78,1364934799339,78,1364934799443,104,160,176,72
8,69,1364934799555,69,1364934799635,80,216,192,112
8,32,1364934799691,32,1364934799755,64,136,120,56
8,87,1364934799883,87,1364934799971,88,192,216,128
8,73,1364934800043,73,1364934800147,104,160,176,72
8,84,1364934800115,84,1364934800203,88,72,56,-32
8,72,1364934800243,72,1364934800355,112,128,152,40
8,32,1364934800355,32,1364934800419,64,112,64,0
8,84,1364934800611,84,1364934800699,88,256,280,192
8,72,1364934800755,72,1364934800827,72,144,128,56
8,69,1364934800827,69,1364934800899,72,72,72,0
8,32,1364934800931,32,1364934801002,71,104,103,32
8,87,1364934801099,87,1364934801234,135,168,232,97
8,69,1364934801258,69,1364934801330,72,159,96,24
8,69,1364934801443,69,1364934801514,71,185,184,113
8,75,1364934801547,75,1364934801659,112,104,145,33
8,190,1364934801779,190,1364934801866,87,232,207,120
8,32,1364934801906,32,1364934801994,88,127,128,40
8,16,1364934802314,16,1364934802523,209,408,529,320
8,72,1364934802427,72,1364934802523,96,113,0,-96
8,79,1364934802523,79,1364934802570,47,96,47,0
8,87,1364934803146,87,1364934803234,88,623,664,576
8,32,1364934803336,32,1364934803410,74,190,176,102
8,73,1364934803770,73,1364934803874,104,434,464,360
8,83,1364934803875,83,1364934804026,151,105,152,1
8,32,1364934803986,32,1364934804082,96,111,56,-40
8,69,1364934804370,69,1364934804466,96,384,384,288
8,86,1364934804594,86,1364934804650,56,224,184,128
8,69,1364934804762,69,1364934804890,128,168,240,112
8,82,1364934804858,82,1364934804954,96,96,64,-32
8,89,1364934804978,89,1364934805074,96,120,120,24
8,84,1364934805626,84,1364934805722,96,648,648,552
8,72,1364934805762,72,1364934805850,88,136,128,40
8,73,1364934805866,73,1364934806019,153,104,169,16
8,78,1364934806002,78,1364934806074,72,136,55,-17
8,71,1364934806058,71,1364934806138,80,56,64,-16
8,32,1364934806234,32,1364934806314,80,176,176,96
8,71,1364934806426,71,1364934806522,96,192,208,112
8,79,1364934806562,79,1364934806658,96,136,136,40
8,73,1364934806618,73,1364934806738,120,56,80,-40
8,78,1364934806706,78,1364934806794,88,88,56,-32
8,71,1364934806794,71,1364934806866,72,88,72,0
8,190,1364934807011,190,1364934807114,103,217,248,145
8,32,1364934807138,32,1364934807226,88,127,112,24
8,16,1364934807666,16,1364934808050,384,528,824,440
8,71,1364934807978,71,1364934808114,136,312,64,-72
8,79,1364934808194,79,1364934808282,88,216,168,80
8,73,1364934808514,73,1364934808642,128,320,360,232
8,78,1364934808602,78,1364934808682,80,88,40,-40
8,71,1364934808706,71,1364934808810,104,104,128,24
8,32,1364934808866,32,1364934808946,80,160,136,56
8,71,1364934809146,71,1364934809234,88,280,288,200
8,79,1364934809322,79,1364934809402,80,176,168,88
8,79,1364934809490,79,1364934809562,72,168,160,88
8,68,1364934809626,68,1364934809706,80,136,144,64
8,32,1364934809746,32,1364934809834,88,120,128,40
8,72,1364934810034,72,1364934810114,80,288,280,200
8,69,1364934810114,69,1364934810226,112,80,112,0
8,82,1364934810227,82,1364934810386,159,113,160,1
8,69,1364934810346,69,1364934810442,96,119,56,-40
8,190,1364934810666,190,1364934810762,96,320,320,224
8,32,1364934810786,32,1364934810874,88,120,112,24
8,16,1364934811146,16,1364934811354,208,360,480,272
8,87,1364934811336,87,1364934811442,106,190,88,-18
8,72,1364934811474,72,1364934811546,72,138,104,32
8,65,1364934811650,65,1364934811746,96,176,200,104
8,84,1364934811714,84,1364934811810,96,64,64,-32
8,32,1364934811866,32,1364934811954,88,152,144,56
8,72,1364934812106,72,1364934812186,80,240,232,152
8,65,1364934812242,65,1364934812370,128,136,184,56
8,83,1364934812914,83,1364934813034,120,672,664,544
8,32,1364934813394,32,1364934813474,80,480,440,360
8,66,1364934813570,66,1364934813666,96,176,192,96
8,69,1364934813666,69,1364934813738,72,96,72,0
8,69,1364934813842,69,1364934813906,64,176,168,104
8,78,1364934813994,78,1364934814114,120,152,208,88
8,32,1364934814082,32,1364934814194,112,88,80,-32
8,72,1364934814515,72,1364934814611,96,433,417,321
8,65,1364934814675,65,1364934814755,80,160,144,64
8,80,1364934814827,80,1364934814907,80,152,152,72
8,80,1364934814995,80,1364934815075,80,168,168,88
8,73,1364934815235,73,1364934815371,136,240,296,160
8,78,1364934815371,78,1364934815419,48,136,48,0
8,71,1364934816939,71,1364934817011,72,1568,1592,1520
8,32,1364934817107,32,1364934817178,71,168,167,96
8,73,1364934817355,73,1364934817507,152,248,329,177
8,78,1364934817459,78,1364934817603,144,104,96,-48
8,32,1364934817547,32,1364934817659,112,88,56,-56
8,67,1364934818482,67,1364934818602,120,935,943,823
8,76,1364934818627,76,1364934818730,103,145,128,25
8,65,1364934818739,65,1364934818875,136,112,145,9
8,83,1364934818875,83,1364934818970,95,136,95,0
8,83,1364934819074,83,1364934819179,105,199,209,104
8,190,1364934819371,190,1364934819474,103,297,295,192
8,32,1364934819490,32,1364934819586,96,119,112,16
8,72,1364934820130,72,1364934820227,97,640,641,544
8,32,1364934820531,32,1364934820619,88,401,392,304
8,76,1364934821370,76,1364934821474,104,839,855,751
8,69,1364934821900,69,1364934822074,174,530,600,426
8,65,1364934822034,65,1364934822178,144,134,104,-40
8,82,1364934822227,82,1364934822325,98,193,147,49
8,78,1364934822466,78,1364934822570,104,239,245,141
8,73,1364934822674,73,1364934822802,128,208,232,104
8,78,1364934822762,78,1364934822858,96,88,56,-40
8,71,1364934822858,71,1364934822946,88,96,88,0
8,32,1364934822986,32,1364934823074,88,128,128,40
8,65,1364934823138,65,1364934823250,112,152,176,64
8,66,1364934823186,66,1364934823266,80,48,16,-64
8,79,1364934823306,79,1364934823442,136,120,176,40
8,85,1364934823459,85,1364934823530,71,153,88,17
8,84,1364934823546,84,1364934823618,72,87,88,16
8,32,1364934823698,32,1364934823762,64,152,144,80
8,67,1364934824090,67,1364934824170,80,392,408,328
8,76,1364934824226,76,1364934824322,96,136,152,56
8,65,1364934824370,65,1364934824538,168,144,216,48
8,83,1364934824610,83,1364934824682,72,240,144,72
8,83,1364934824794,83,1364934824882,88,184,200,112
8,73,1364934825034,73,1364934825098,64,240,216,152
8,70,1364934825130,70,1364934825210,80,96,112,32
8,73,1364934825578,73,1364934825650,72,448,440,368
8,69,1364934825778,69,1364934825922,144,200,272,128
8,82,1364934825890,82,1364934825978,88,112,56,-32
8,83,1364934826466,83,1364934826586,120,576,608,488
8,190,1364934826938,190,1364934827050,112,472,464,352
8,32,1364934827090,32,1364934827162,72,152,112,40
8,69,1364934828554,69,1364934828706,152,1464,1544,1392
8,65,1364934828666,65,1364934828786,120,112,80,-40
8,72,1364934828810,72,1364934828914,104,144,128,24
8,190,1364934829066,190,1364934829186,120,256,272,152
8,32,1364934829226,32,1364934829322,96,160,136,40
8,75,1364934830130,75,1364934830258,128,904,936,808
8,65,1364934830322,65,1364934830442,120,192,184,64
8,89,1364934830418,89,1364934830530,112,96,88,-24
8,32,1364934830530,32,1364934830610,80,112,80,0
8,71,1364934830882,71,1364934831002,120,352,392,272
8,79,1364934831074,79,1364934831186,112,192,184,72
8,79,1364934831867,79,1364934831955,88,793,769,681
8,8,1364934832387,8,1364934832459,72,520,504,432
8,84,1364934832555,84,1364934832643,88,168,184,96
8,32,1364934832699,32,1364934832771,72,144,128,56
8,84,1364934832907,84,1364934832987,80,208,216,136
8,79,1364934833011,79,1364934833099,88,104,112,24
8,32,1364934833099,32,1364934833171,72,88,72,0
8,82,1364934833387,82,1364934833483,96,288,312,216
8,85,1364934833587,85,1364934833659,72,200,176,104
8,78,1364934833795,78,1364934833867,72,208,208,136
8,190,1364934833979,190,1364934834075,96,184,208,112
8,32,1364934834515,32,1364934834594,79,536,519,440
8,69,1364934835322,69,1364934835410,88,807,816,728
8,83,1364934835394,83,1364934835531,137,72,121,-16
8,190,1364934835643,190,1364934835755,112,249,224,112
8,80,1364934837410,80,1364934837507,97,1767,1752,1655
8,190,1364934837866,190,1364934837970,104,456,463,359
8,72,1365426261910,72,1365426261998,88,136,24,-64
8,69,1365426262118,69,1365426262206,88,208,208,120
8,76,1365426262270,76,1365426262342,72,152,136,64
8,76,1365426262438,76,1365426262510,72,168,168,96
8,79,1365426262630,79,1365426262670,40,192,160,120
8,32,1365426263150,32,1365426263222,72,520,552,480
8,78,1365426264311,78,1365426264383,72,1161,1161,1089
8,69,1365426264479,69,1365426264567,88,168,184,96
8,67,1365426264743,67,1365426264831,88,264,264,176
8,69,1365426265215,69,1365426265295,80,472,464,384
8,32,1365426265391,32,1365426265471,80,176,176,96
8,65,1365426265598,65,1365426265758,160,207,287,127
8,71,1365426265735,71,1365426265863,128,137,105,-23
8,73,1365426265902,73,1365426266046,144,167,183,39
8,78,1365426266022,78,1365426266110,88,120,64,-24
8,65,1365426266167,65,1365426266254,87,145,144,57
8,190,1365426266647,190,1365426266751,104,480,497,393
8,32,1365426266814,32,1365426266894,80,167,143,63
8,16,1365426267254,16,1365426267470,216,440,576,360
8,73,1365426267391,73,1365426267471,80,137,1,-79
8,84,1365426267639,84,1365426267718,79,248,247,168
8,32,1365426267774,32,1365426267838,64,135,120,56
8,72,1365426268078,72,1365426268151,73,304,313,240
8,65,1365426268222,65,1365426268342,120,144,191,71
8,83,1365426268390,83,1365426268518,128,168,176,48
8,32,1365426268519,32,1365426268598,79,129,80,1
8,66,1365426268718,66,1365426268799,81,199,201,120
8,69,1365426268839,69,1365426268902,63,121,103,40
8,69,1365426268990,69,1365426269078,88,151,176,88
8,78,1365426269142,78,1365426269246,104,152,168,64
8,32,1365426269246,32,1365426269310,64,104,64,0
8,65,1365426270278,65,1365426270382,104,1032,1072,968
8,87,1365426270710,87,1365426270798,88,432,416,328
8,72,1365426270878,72,1365426270982,104,168,184,80
8,73,1365426270983,73,1365426271062,79,105,80,1
8,76,1365426271046,76,1365426271118,72,63,56,-16
8,69,1365426271142,69,1365426271222,80,96,104,24
8,32,1365426271286,32,1365426271358,72,144,136,64
8,83,1365426271494,83,1365426271622,128,208,264,136
8,73,1365426271670,73,1365426271758,88,176,136,48
8,78,1365426271742,78,1365426271838,96,72,80,-16
8,67,1365426271862,67,1365426271974,112,120,136,24
8,69,1365426272006,69,1365426272102,96,144,128,32
8,32,1365426272103,32,1365426272182,79,97,80,1
8,16,1365426272318,16,1365426272494,176,215,312,136
8,73,1365426272406,73,1365426272511,105,88,17,-88
8,32,1365426272495,32,1365426272566,71,89,55,-16
8,72,1365426272622,72,1365426272694,72,127,128,56
8,65,1365426272761,65,1365426272894,133,139,200,67
8,86,1365426272894,86,1365426273022,128,133,128,0
8,69,1365426272998,69,1365426273094,96,104,72,-24
8,32,1365426273054,32,1365426273134,80,56,40,-40
8,66,1365426273222,66,1365426273302,80,168,168,88
8,69,1365426273366,69,1365426273438,72,144,136,64
8,69,1365426273526,69,1365426273606,80,160,168,88
8,78,1365426273646,78,1365426273758,112,120,152,40
8,32,1365426273758,32,1365426273830,72,112,72,0
8,72,1365426274070,72,1365426274118,48,312,288,240
8,69,1365426274206,69,1365426274334,128,136,216,88
8,82,1365426274598,82,1365426274694,96,392,360,264
8,69,1365426274782,69,1365426274870,88,184,176,88
8,32,1365426274958,32,1365426275031,73,176,161,88
8,84,1365426275159,84,1365426275230,71,201,199,128
8,79,1365426275270,79,1365426275350,80,111,120,40
8,32,1365426275334,32,1365426275422,88,64,72,-16
8,84,1365426275670,84,1365426275750,80,336,328,248
8,89,1365426275830,89,1365426275942,112,160,192,80
8,80,1365426275918,80,1365426276014,96,88,72,-24
8,69,1365426276062,69,1365426276134,72,144,120,48
8,190,1365426276342,190,1365426276430,88,280,296,208
8,32,1365426276462,32,1365426276542,80,120,112,32
8,16,1365426276990,16,1365426277206,216,528,664,448
8,87,1365426277166,87,1365426277278,112,176,72,-40
8,69,1365426277942,69,1365426278038,96,776,760,664
8,76,1365426278166,76,1365426278254,88,224,216,128
8,76,1365426278342,76,1365426278422,80,176,168,88
8,32,1365426278422,32,1365426278502,80,80,80,0
8,16,1365426278630,16,1365426278790,160,208,288,128
8,73,1365426278750,73,1365426278862,112,120,72,-40
8,32,1365426278862,32,1365426278934,72,112,72,0
8,65,1365426279094,65,1365426279174,80,232,240,160
8,77,1365426279214,77,1365426279334,120,120,160,40
8,32,1365426279334,32,1365426279398,64,120,64,0
8,84,1365426280006,84,1365426280094,88,672,696,608
8,89,1365426280470,89,1365426280582,112,464,488,376
8,80,1365426280606,80,1365426280670,64,136,88,24
8,82,1365426280766,82,1365426280846,80,160,176,96
8,73,1365426281006,73,1365426281134,128,240,288,160
8,78,1365426281102,78,1365426281199,97,96,65,-32
8,71,1365426281223,71,1365426281287,64,121,88,24
8,32,1365426281335,32,1365426281407,72,112,120,48
8,65,1365426281615,65,1365426281775,160,280,368,208
8,82,1365426281975,82,1365426282039,64,360,264,200
8,87,1365426282391,87,1365426282535,144,416,496,352
8,65,1365426282487,65,1365426282615,128,96,80,-48
8,89,1365426282638,89,1365426282726,88,151,111,23
8,32,1365426282791,32,1365426282871,80,153,145,65
8,78,1365426283375,78,1365426283502,127,584,631,504
8,79,1365426283479,79,1365426283566,87,104,64,-23
8,87,1365426283583,87,1365426283670,87,104,104,17
8,190,1365426283838,190,1365426283935,97,255,265,168
8,32,1365426283935,32,1365426284030,95,97,95,0
8,16,1365426284527,16,1365426284710,183,592,680,497
8,87,1365426284678,87,1365426284783,105,151,73,-32
8,72,1365426284822,72,1365426284902,80,144,119,39
8,65,1365426284990,65,1365426285086,96,168,184,88
8,84,1365426285062,84,1365426285158,96,72,72,-24
8,222,1365426285390,222,1365426285470,80,328,312,232
8,83,1365426285566,83,1365426285662,96,176,192,96
8,32,1365426285679,32,1365426285750,71,113,88,17
8,85,1365426285902,85,1365426286022,120,223,272,152
8,80,1365426285990,80,1365426286078,88,88,56,-32
8,32,1365426287158,32,1365426287238,80,1168,1160,1080
8,72,1365426287766,72,1365426287846,80,608,608,528
8,65,1365426287894,65,1365426288022,128,128,176,48
8,86,1365426288022,86,1365426288150,128,128,128,0
8,69,1365426288151,69,1365426288254,103,129,104,1
8,32,1365426288254,32,1365426288310,56,103,56,0
8,89,1365426288566,89,1365426288654,88,312,344,256
8,79,1365426288654,79,1365426288766,112,88,112,0
8,85,1365426288734,85,1365426288830,96,80,64,-32
8,32,1365426288790,32,1365426288886,96,56,56,-40
8,66,1365426288998,66,1365426289102,104,208,216,112
8,69,1365426289198,69,1365426289246,48,200,144,96
8,69,1365426289342,69,1365426289422,80,144,176,96
8,78,1365426289470,78,1365426289574,104,128,152,48
8,32,1365426289550,32,1365426289646,96,80,72,-24
8,68,1365426289734,68,1365426289862,128,184,216,88
8,79,1365426289926,79,1365426290014,88,192,152,64
8,73,1365426289982,73,1365426290111,129,56,97,-32
8,78,1365426290086,78,1365426290174,88,104,63,-25
8,71,1365426290150,71,1365426290230,80,64,56,-24
8,32,1365426290286,32,1365426290358,72,136,128,56
8,87,1365426290414,87,1365426290566,152,128,208,56
8,69,1365426290582,69,1365426290694,112,168,128,16
8,69,1365426290990,69,1365426291054,64,408,360,296
8,76,1365426291230,76,1365426291270,40,240,216,176
8,76,1365426291670,76,1365426291766,96,440,496,400
8,190,1365426291926,190,1365426292030,104,256,264,160
8,32,1365426292078,32,1365426292174,96,152,144,48
8,16,1365426292462,16,1365426292750,288,384,576,288
8,73,1365426292638,73,1365426292750,112,176,0,-112
8,32,1365426292726,32,1365426292806,80,88,56,-24
8,72,1365426292886,72,1365426292974,88,160,168,80
8,65,1365426293038,65,1365426293150,112,152,176,64
8,86,1365426293150,86,1365426293278,128,112,128,0
8,69,1365426293278,69,1365426293366,88,128,88,0
8,32,1365426293342,32,1365426293406,64,64,40,-24
8,66,1365426293534,66,1365426293622,88,192,216,128
8,69,1365426293694,69,1365426293734,40,160,112,72
8,69,1365426293814,69,1365426293902,88,120,168,80
8,78,1365426293950,78,1365426294038,88,136,136,48
8,32,1365426294038,32,1365426294118,80,88,80,0
8,87,1365426294222,87,1365426294326,104,184,208,104
8,79,1365426294390,79,1365426294470,80,168,144,64
8,82,1365426294470,82,1365426294550,80,80,80,0
8,75,1365426294582,75,1365426294662,80,112,112,32
8,73,1365426294790,73,1365426294878,88,208,216,128
8,78,1365426294862,78,1365426294942,80,72,64,-16
8,71,1365426294918,71,1365426294990,72,56,48,-24
8,32,1365426295046,32,1365426295126,80,128,136,56
8,79,1365426295246,79,1365426295374,128,200,248,120
8,78,1365426295318,78,1365426295462,144,72,88,-56
8,32,1365426295446,32,1365426295510,64,128,48,-16
8,80,1365426295886,80,1365426295974,88,440,464,376
8,65,1365426296078,65,1365426296198,120,192,224,104
8,84,1365426296230,84,1365426296310,80,152,112,32
8,84,1365426296398,84,1365426296478,80,168,168,88
8,69,1365426296598,69,1365426296726,128,200,248,120
8,82,1365426296710,82,1365426296782,72,112,56,-16
8,78,1365426296862,78,1365426296990,128,152,208,80
8,32,1365426296990,32,1365426297062,72,128,72,0
8,82,1365426297566,82,1365426297646,80,576,584,504
8,69,1365426297878,69,1365426297958,80,312,312,232
8,67,1365426298118,67,1365426298190,72,240,232,160
8,79,1365426298262,79,1365426298342,80,144,152,72
8,71,1365426299055,71,1365426299135,80,793,793,713
8,78,1365426299279,78,1365426299359,80,224,224,144
8,73,1365426299687,73,1365426299775,88,408,416,328
8,84,1365426299791,84,1365426299886,95,104,111,16
8,78,1365426300046,78,1365426300191,145,255,305,160
8,32,1365426300191,32,1365426300271,80,145,80,0
8,80,1365426300662,80,1365426300734,72,471,463,391
8,82,1365426300774,82,1365426300855,81,112,121,40
8,79,1365426301502,79,1365426301542,40,728,687,647
8,74,1365426302456,74,1365426302542,86,954,1000,914
8,69,1365426302654,69,1365426302742,88,198,200,112
8,67,1365426302879,67,1365426302945,66,225,203,137
8,84,1365426303095,84,1365426303174,79,216,229,150
8,190,1365426303278,190,1365426303383,105,183,209,104
8,32,1365426303383,32,1365426303478,95,105,95,0
8,16,1365426304110,16,1365426304342,232,727,864,632
8,73,1365426304238,73,1365426304343,105,128,1,-104
8,8,1365426304854,8,1365426304918,64,616,575,511
8,16,1365426305174,16,1365426305398,224,320,480,256
8,77,1365426305334,77,1365426305430,96,160,32,-64
8,89,1365426305622,89,1365426305702,80,288,272,192
8,32,1365426305766,32,1365426305830,64,144,128,64
8,67,1365426306342,67,1365426306430,88,576,600,512
8,79,1365426306494,79,1365426306630,136,152,200,64
8,77,1365426306606,77,1365426306734,128,112,104,-24
8,80,1365426306734,80,1365426306838,104,128,104,0
8,85,1365426306886,85,1365426306966,80,152,128,48
8,84,1365426307014,84,1365426307102,88,128,136,48
8,69,1365426307198,69,1365426307302,104,184,200,96
8,82,1365426307302,82,1365426307350,48,104,48,0
8,32,1365426307598,32,1365426307694,96,296,344,248
8,72,1365426307806,72,1365426307902,96,208,208,112
8,65,1365426307926,65,1365426308070,144,120,168,24
8,83,1365426308070,83,1365426308198,128,144,128,0
8,32,1365426308222,32,1365426308310,88,152,112,24
8,66,1365426308422,66,1365426308534,112,200,224,112
8,69,1365426308574,69,1365426308638,64,152,104,40
8,69,1365426308718,69,1365426308814,96,144,176,80
8,78,1365426308838,78,1365426308926,88,120,112,24
8,32,1365426308910,32,1365426308990,80,72,64,-16
8,84,1365426309366,84,1365426309430,64,456,440,376
8,73,1365426310902,73,1365426310982,80,1536,1552,1472
8,69,1365426311486,69,1365426311558,72,584,576,504
8,68,1365426311710,68,1365426311790,80,224,232,152
8,32,1365426312054,32,1365426312126,72,344,336,264
8,85,1365426312302,85,1365426312430,128,248,304,176
8,80,1365426312382,80,1365426312510,128,80,80,-48
8,32,1365426312510,32,1365426312575,65,128,65,0
8,82,1365426313262,82,1365426313342,80,752,767,687
8,85,1365426313398,85,1365426313486,88,136,144,56
8,78,1365426313630,78,1365426313710,80,232,224,144
8,78,1365426313806,78,1365426313870,64,176,160,96
8,73,1365426313942,73,1365426314054,112,136,184,72
8,78,1365426314030,78,1365426314110,80,88,56,-24
8,71,1365426314158,71,1365426314230,72,128,120,48
8,32,1365426314326,32,1365426314398,72,168,168,96
8,68,1365426314518,68,1365426314622,104,192,224,120
8,65,1365426314734,65,1365426314830,96,216,208,112
8,84,1365426314806,84,1365426314958,152,72,128,-24
8,65,1365426314958,65,1365426315062,104,152,104,0
8,190,1365426315310,190,1365426315414,104,352,352,248
8,32,1365426315438,32,1365426315518,80,128,104,24
8,16,1365426315934,16,1365426316110,176,496,592,416
8,87,1365426316110,87,1365426316215,105,176,105,0
8,72,1365426316287,72,1365426316359,72,177,144,72
8,65,1365426316407,65,1365426316527,120,120,168,48
8,84,1365426316503,84,1365426316591,88,96,64,-24
8,32,1365426316591,32,1365426316663,72,88,72,0
8,70,1365426317063,70,1365426317167,104,472,504,400
8,85,1365426317455,85,1365426317535,80,392,368,288
8,78,1365426317639,78,1365426317711,72,184,176,104
8,16,1365426317983,16,1365426318262,279,344,551,272
8,50,1365426318215,50,1365426318295,80,232,33,-47
8,49,1365426318217,49,1365426318295,78,2,0,-78
8,32,1365426318671,32,1365426318758,87,454,463,376
8,16,1365426318998,16,1365426319231,233,327,473,240
8,73,1365426319127,73,1365426319231,104,129,0,-104
8,32,1365426319231,32,1365426319302,71,104,71,0
8,16,1365426320030,16,1365426320334,304,799,1032,728
8,72,1365426320231,72,1365426320335,104,201,1,-103
8,73,1365426320678,73,1365426320774,96,447,439,343
8,32,1365426320822,32,1365426320911,89,144,137,48
8,84,1365426321021,84,1365426321101,80,199,190,110
8,72,1365426321101,72,1365426321197,96,80,96,0
8,73,1365426321197,73,1365426321293,96,96,96,0
8,75,1365426321421,75,1365426321605,184,224,312,128
8,32,1365426321629,32,1365426321694,65,208,89,24
9,73,1363801596718,73,1363801596799,81,119,0,-81
9,84,1363801596942,84,1363801597014,72,224,215,143
9,32,1363801597238,32,1363801597270,32,296,256,224
9,87,1363801598207,87,1363801598302,95,969,1032,937
9,65,1363801598486,65,1363801598551,65,279,249,184
9,83,1363801598630,83,1363801598710,80,144,159,79
9,32,1363801598751,32,1363801598822,71,121,112,41
9,84,1363801598926,84,1363801599006,80,175,184,104
9,72,1363801599046,72,1363801599102,56,120,96,40
9,69,1363801599135,69,1363801599214,79,89,112,33
9,32,1363801599166,32,1363801599286,120,31,72,-48
9,66,1363801599439,66,1363801599510,71,273,224,153
9,69,1363801599606,69,1363801599694,88,167,184,96
9,83,1363801599790,83,1363801599822,32,184,128,96
9,84,1363801599902,84,1363801599982,80,112,160,80
9,32,1363801600022,32,1363801600110,88,120,128,40
9,79,1363801600318,79,1363801600374,56,296,264,208
9,70,1363801600398,70,1363801600494,96,80,120,24
9,32,1363801600495,32,1363801600574,79,97,80,1
9,84,1363801600798,84,1363801600870,72,303,296,224
9,73,1363801600951,73,1363801601006,55,153,136,81
9,77,1363801601094,77,1363801601158,64,143,152,88
9,69,1363801601182,69,1363801601254,72,88,96,24
9,83,1363801601382,83,1363801601446,64,200,192,128
9,188,1363801601870,188,1363801601942,72,488,496,424
9,32,1363801602006,32,1363801602086,80,136,144,64
9,73,1363801602822,73,1363801602886,64,816,800,736
9,84,1363801602958,84,1363801603022,64,136,136,72
9,32,1363801603126,32,1363801603222,96,168,200,104
9,87,1363801603382,87,1363801603462,80,256,240,160
9,65,1363801603638,65,1363801603718,80,256,256,176
9,83,1363801603846,83,1363801603886,40,208,168,128
9,32,1363801604782,32,1363801604870,88,936,984,896
9,84,1363801604958,84,1363801605038,80,176,168,88
9,72,1363801605070,72,1363801605126,56,112,88,32
9,69,1363801605206,69,1363801605334,128,136,208,80
9,32,1363801605334,32,1363801605430,96,128,96,0
9,87,1363801605726,87,1363801605790,64,392,360,296
9,79,1363801605934,79,1363801605990,56,208,200,144
9,82,1363801606070,82,1363801606126,56,136,136,80
9,83,1363801606286,83,1363801606358,72,216,232,160
9,84,1363801606486,84,1363801606550,64,200,192,128
9,32,1363801606606,32,1363801606694,88,120,144,56
9,70,1363801606934,70,1363801607006,72,328,312,240
9,79,1363801607094,79,1363801607150,56,160,144,88
9,8,1363801607918,8,1363801607958,40,824,808,768
9,8,1363801608030,8,1363801608110,80,112,152,72
9,79,1363801608334,79,1363801608414,80,304,304,224
9,70,1363801608438,70,1363801608502,64,104,88,24
9,32,1363801608550,32,1363801608622,72,112,120,48
9,84,1363801608774,84,1363801608846,72,224,224,152
9,73,1363801608894,73,1363801608950,56,120,104,48
9,77,1363801609038,77,1363801609110,72,144,160,88
9,69,1363801609134,69,1363801609206,72,96,96,24
9,83,1363801609318,83,1363801609398,80,184,192,112
9,188,1363801609814,188,1363801609878,64,496,480,416
9,32,1363801609934,32,1363801610038,104,120,160,56
9,73,1363801610542,73,1363801610598,56,608,560,504
9,84,1363801610678,84,1363801610750,72,136,152,80
9,32,1363801610846,32,1363801610966,120,168,216,96
9,87,1363801611150,87,1363801611230,80,304,264,184
9,65,1363801611374,65,1363801611446,72,224,216,144
9,83,1363801611550,83,1363801611615,65,176,169,104
9,32,1363801611663,32,1363801611744,81,113,129,48
9,84,1363801611847,84,1363801611927,80,184,183,103
9,72,1363801611991,72,1363801612047,56,144,120,64
9,69,1363801612079,69,1363801612183,104,88,136,32
9,32,1363801612183,32,1363801612271,88,104,88,0
9,65,1363801613015,65,1363801613087,72,832,816,744
9,71,1363801613183,71,1363801613247,64,168,160,96
9,69,1363801613247,69,1363801613336,89,64,89,0
9,32,1363801613359,32,1363801613462,103,112,126,23
9,79,1363801613646,79,1363801613702,56,287,240,184
9,70,1363801613727,70,1363801613798,71,81,96,25
9,32,1363801613814,32,1363801613910,96,87,112,16
9,87,1363801614167,87,1363801614231,64,353,321,257
9,73,1363801614350,73,1363801614398,48,183,167,119
9,83,1363801614511,83,1363801614583,72,161,185,113
9,68,1363801614815,68,1363801614887,72,304,304,232
9,79,1363801614951,79,1363801614999,48,136,112,64
9,77,1363801615103,77,1363801615175,72,152,176,104
9,188,1363801615430,188,1363801615494,64,327,319,255
9,32,1363801615558,32,1363801615670,112,128,176,64
9,73,1363801615878,73,1363801615934,56,320,264,208
9,84,1363801615998,84,1363801616078,80,120,144,64
9,32,1363801616191,32,1363801616318,127,193,240,113
9,87,1363801616438,87,1363801616510,72,247,192,120
9,65,1363801616638,65,1363801616710,72,200,200,128
9,83,1363801616798,83,1363801616870,72,160,160,88
9,32,1363801616902,32,1363801616974,72,104,104,32
9,84,1363801617078,84,1363801617150,72,176,176,104
9,72,1363801617206,72,1363801617254,48,128,104,56
9,69,1363801617278,69,1363801617374,96,72,120,24
9,32,1363801617342,32,1363801617438,96,64,64,-32
9,65,1363801617526,65,1363801617606,80,184,168,88
9,71,1363801617646,71,1363801617726,80,120,120,40
9,69,1363801617726,69,1363801617792,66,80,66,0
9,32,1363801617855,32,1363801617958,103,129,166,63
9,79,1363801618366,79,1363801618422,56,511,464,408
9,70,1363801618470,70,1363801618534,64,104,112,48
9,32,1363801618566,32,1363801618670,104,96,136,32
9,70,1363801618910,70,1363801618974,64,344,304,240
9,79,1363801619414,79,1363801619462,48,504,488,440
9,79,1363801619534,79,1363801619606,72,120,144,72
9,76,1363801619758,76,1363801619830,72,224,224,152
9,73,1363801620038,73,1363801620102,64,280,272,208
9,83,1363801620574,83,1363801620646,72,536,544,472
9,72,1363801620886,72,1363801620942,56,312,296,240
9,78,1363801621198,78,1363801621262,64,312,320,256
9,69,1363801621326,69,1363801621398,72,128,136,64
9,83,1363801621526,83,1363801621574,48,200,176,128
9,83,1363801621654,83,1363801621766,112,128,192,80
9,188,1363801621894,188,1363801621966,72,240,200,128
9,32,1363801621990,32,1363801622118,128,96,152,24
9,73,1363801622414,73,1363801622470,56,424,352,296
9,84,1363801622550,84,1363801622631,81,136,161,80
9,32,1363801622678,32,1363801622774,96,128,143,47
9,87,1363801622918,87,1363801622998,80,240,224,144
9,65,1363801623134,65,1363801623206,72,216,208,136
9,83,1363801623302,83,1363801623366,64,168,160,96
9,32,1363801623414,32,1363801623494,80,112,128,48
9,84,1363801623654,84,1363801623718,64,240,224,160
9,72,1363801623782,72,1363801623822,40,128,104,64
9,69,1363801623870,69,1363801623958,88,88,136,48
9,32,1363801623934,32,1363801624030,96,64,72,-24
9,69,1363801624718,69,1363801624774,56,784,744,688
9,80,1363801625190,80,1363801625242,52,472,468,416
9,79,1363801625374,79,1363801625438,64,184,196,132
9,72,1363801625806,72,1363801625862,56,432,424,368
9,8,1363801626518,8,1363801626582,64,712,720,656
9,67,1363801627174,67,1363801627246,72,656,664,592
9,72,1363801627270,72,1363801627334,64,96,88,24
9,32,1363801627414,32,1363801627526,112,144,192,80
9,79,1363801628094,79,1363801628142,48,680,616,568
9,70,1363801628174,70,1363801628254,80,80,112,32
9,32,1363801628286,32,1363801628382,96,112,128,32
9,66,1363801629030,66,1363801629103,73,744,721,648
9,69,1363801629223,69,1363801629295,72,193,192,120
9,76,1363801629423,76,1363801629487,64,200,192,128
9,73,1363801629575,73,1363801629639,64,152,152,88
9,69,1363801629711,69,1363801629775,64,136,136,72
9,70,1363801629871,70,1363801629951,80,160,176,96
9,188,1363801630111,188,1363801630191,80,240,240,160
9,32,1363801630231,32,1363801630335,104,120,144,40
9,73,1363801630423,73,1363801630487,64,192,152,88
9,84,1363801630543,84,1363801630607,64,120,120,56
9,32,1363801631159,32,1363801631271,112,616,664,552
9,87,1363801631399,87,1363801631454,55,240,183,128
9,65,1363801631575,65,1363801631638,63,176,184,121
9,83,1363801631718,83,1363801631783,65,143,145,80
9,32,1363801631815,32,1363801631895,80,97,112,32
9,84,1363801632031,84,1363801632103,72,216,208,136
9,72,1363801632175,72,1363801632230,55,144,127,72
9,69,1363801632247,69,1363801632335,88,72,105,17
9,32,1363801632303,32,1363801632406,103,56,71,-32
9,69,1363801632950,69,1363801633022,72,647,616,544
9,80,1363801633654,80,1363801633710,56,704,688,632
9,79,1363801633822,79,1363801633886,64,168,176,112
9,67,1363801634031,67,1363801634103,72,209,217,145
9,72,1363801634135,72,1363801634191,56,104,88,32
9,32,1363801634254,32,1363801634350,96,119,159,63
9,79,1363801634446,79,1363801634518,72,192,168,96
9,70,1363801634542,70,1363801634615,73,96,97,24
9,32,1363801634636,32,1363801634726,90,94,111,21
9,73,1363801636206,73,1363801636254,48,1570,1528,1480
9,78,1363801636391,78,1363801636462,71,185,208,137
9,67,1363801636790,67,1363801636862,72,399,400,328
9,82,1363801637206,82,1363801637286,80,416,424,344
9,69,1363801637318,69,1363801637406,88,112,120,32
9,68,1363801637791,68,1363801637862,71,473,456,385
9,85,1363801637950,85,1363801638006,56,159,144,88
9,76,1363801638222,76,1363801638294,72,272,288,216
9,73,1363801638374,73,1363801638446,72,152,152,80
9,84,1363801638662,84,1363801638734,72,288,288,216
9,89,1363801638766,89,1363801638838,72,104,104,32
9,188,1363801639142,188,1363801639214,72,376,376,304
9,32,1363801639254,32,1363801639374,120,112,160,40
9,73,1363801639446,73,1363801639502,56,192,128,72
9,84,1363801639590,84,1363801639654,64,144,152,88
9,32,1363801640198,32,1363801640294,96,608,640,544
9,87,1363801640462,87,1363801640518,56,264,224,168
9,65,1363801640662,65,1363801640678,16,200,160,144
9,83,1363801640750,83,1363801640830,80,88,152,72
9,32,1363801640878,32,1363801640958,80,128,128,48
9,84,1363801641062,84,1363801641134,72,184,176,104
9,72,1363801641214,72,1363801641262,48,152,128,80
9,69,1363801641262,69,1363801641342,80,48,80,0
9,32,1363801641318,32,1363801641414,96,56,72,-24
9,83,1363801641862,83,1363801641942,80,544,528,448
9,69,1363801642142,69,1363801642206,64,280,264,200
9,65,1363801642310,65,1363801642390,80,168,184,104
9,83,1363801642534,83,1363801642606,72,224,216,144
9,79,1363801642679,79,1363801642742,63,145,136,73
9,78,1363801642742,78,1363801642838,96,63,96,0
9,32,1363801642878,32,1363801642959,81,136,121,40
9,79,1363801643334,79,1363801643398,64,456,439,375
9,70,1363801643438,70,1363801643510,72,104,112,40
9,32,1363801643534,32,1363801643646,112,96,136,24
9,76,1363801643798,76,1363801643878,80,264,232,152
9,8,1363801644470,8,1363801644534,64,672,656,592
9,73,1363801645454,73,1363801645510,56,984,976,920
9,71,1363801645718,71,1363801645782,64,264,272,208
9,72,1363801645806,72,1363801645870,64,88,88,24
9,84,1363801645918,84,1363801645982,64,112,112,48
9,188,1363801646310,188,1363801646382,72,392,400,328
9,32,1363801646422,32,1363801646550,128,112,168,40
9,73,1363801646919,73,1363801646983,64,497,433,369
9,84,1363801647039,84,1363801647127,88,120,144,56
9,32,1363801647151,32,1363801647247,96,112,120,24
9,87,1363801647359,87,1363801647439,80,208,192,112
9,65,1363801647559,65,1363801647623,64,200,184,120
9,83,1363801647703,83,1363801647799,96,144,176,80
9,32,1363801647799,32,1363801647887,88,96,88,0
9,84,1363801647991,84,1363801648055,64,192,168,104
9,72,1363801648111,72,1363801648183,72,120,128,56
9,69,1363801648183,69,1363801648279,96,72,96,0
9,32,1363801648247,32,1363801648367,120,64,88,-32
9,83,1363801648543,83,1363801648631,88,296,264,176
9,69,1363801648759,69,1363801648831,72,216,200,128
9,65,1363801648951,65,1363801649031,80,192,200,120
9,83,1363801649359,83,1363801649438,79,408,407,328
9,79,1363801649487,79,1363801649542,55,128,104,49
9,78,1363801649582,78,1363801649662,80,95,120,40
9,32,1363801649694,32,1363801649799,105,112,137,32
9,79,1363801649990,79,1363801650046,56,296,247,191
9,70,1363801650102,70,1363801650150,48,112,104,56
9,32,1363801650223,32,1363801650318,95,121,168,73
9,16,1363801650463,16,1363801650574,111,240,256,145
9,68,1363801650527,68,1363801650590,63,64,16,-47
9,65,1363801650710,65,1363801650782,72,183,192,120
9,82,1363801650807,82,1363801650870,63,97,88,25
9,75,1363801651503,75,1363801651566,63,696,696,633
9,78,1363801651678,78,1363801651726,48,175,160,112
9,69,1363801651751,69,1363801651870,119,73,144,25
9,83,1363801652006,83,1363801652070,64,255,200,136
9,83,1363801652150,83,1363801652238,88,144,168,80
9,188,1363801652406,188,1363801652470,64,256,232,168
9,32,1363801652502,32,1363801652615,113,96,145,32
9,73,1363801652710,73,1363801652766,56,208,151,95
9,84,1363801652814,84,1363801652878,64,104,112,48
9,32,1363801652990,32,1363801653110,120,176,232,112
9,87,1363801653238,87,1363801653302,64,248,192,128
9,65,1363801653414,65,1363801653478,64,176,176,112
9,83,1363801653558,83,1363801653622,64,144,144,80
9,32,1363801653654,32,1363801653738,84,96,116,32
9,84,1363801654030,84,1363801654102,72,376,364,292
9,72,1363801654166,72,1363801654214,48,136,112,64
9,69,1363801654246,69,1363801654358,112,80,144,32
9,32,1363801654334,32,1363801654430,96,88,72,-24
9,83,1363801654846,83,1363801654918,72,512,488,416
9,80,1363801655126,80,1363801655222,96,280,304,208
9,82,1363801655270,82,1363801655350,80,144,128,48
9,73,1363801655430,73,1363801655494,64,160,144,80
9,78,1363801655590,78,1363801655678,88,160,184,96
9,71,1363801655726,71,1363801655798,72,136,120,48
9,32,1363801655846,32,1363801655926,80,120,128,48
9,79,1363801656102,79,1363801656166,64,256,240,176
9,70,1363801656214,70,1363801656286,72,112,120,48
9,32,1363801656310,32,1363801656398,88,96,112,24
9,72,1363801656647,72,1363801656694,47,337,296,249
9,79,1363801656822,79,1363801656894,72,175,200,128
9,80,1363801657014,80,1363801657102,88,192,208,120
9,69,1363801657102,69,1363801657166,64,88,64,0
9,188,1363801657390,188,1363801657462,72,288,296,224
9,32,1363801657534,32,1363801657622,88,144,160,72
9,73,1363801658062,73,1363801658118,56,528,496,440
9,84,1363801658182,84,1363801658254,72,120,136,64
9,32,1363801658318,32,1363801658406,88,136,152,64
9,87,1363801658534,87,1363801658614,80,216,208,128
9,65,1363801658750,65,1363801658814,64,216,200,136
9,83,1363801658902,83,1363801658974,72,152,160,88
9,32,1363801658998,32,1363801659078,80,96,104,24
9,84,1363801659206,84,1363801659270,64,208,192,128
9,72,1363801659318,72,1363801659374,56,112,104,48
9,69,1363801659422,69,1363801659510,88,104,136,48
9,32,1363801659470,32,1363801659582,112,48,72,-40
9,87,1363801659958,87,1363801660030,72,488,448,376
9,73,1363801660150,73,1363801660206,56,192,176,120
9,78,1363801660302,78,1363801660366,64,152,160,96
9,84,1363801660550,84,1363801660614,64,248,248,184
9,69,1363801660750,69,1363801660838,88,200,224,136
9,82,1363801660806,82,1363801660918,112,56,80,-32
9,32,1363801661350,32,1363801661454,104,544,536,432
9,79,1363801661574,79,1363801661638,64,224,184,120
9,70,1363801661662,70,1363801661750,88,88,112,24
9,32,1363801661739,32,1363801661846,107,77,96,-11
9,68,1363801662158,68,1363801662206,48,419,360,312
9,69,1363801662326,69,1363801662374,48,168,168,120
9,83,1363801662478,83,1363801662550,72,152,176,104
9,80,1363801663006,80,1363801663086,80,528,536,456
9,65,1363801663286,65,1363801663350,64,280,264,200
9,82,1363801663446,82,1363801663534,88,160,184,96
9,8,1363801664447,8,1363801664503,56,1001,969,913
9,73,1363801664703,73,1363801664759,56,256,256,200
9,82,1363801664807,82,1363801664879,72,104,120,48
9,188,1363801665263,188,1363801665335,72,456,456,384
9,32,1363801665375,32,1363801665503,128,112,168,40
9,87,1363801666070,87,1363801666150,80,695,647,567
9,69,1363801666263,69,1363801666358,95,193,208,113
9,32,1363801666335,32,1363801666438,103,72,80,-23
9,72,1363801666727,72,1363801666782,55,392,344,289
9,65,1363801666862,65,1363801666942,80,135,160,80
9,68,1363801667087,68,1363801667158,71,225,216,145
9,32,1363801667230,32,1363801667383,153,143,225,72
9,69,1363801667559,69,1363801667614,55,329,231,176
9,86,1363801667774,86,1363801667822,48,215,208,160
9,69,1363801667894,69,1363801667982,88,120,160,72
9,82,1363801667983,82,1363801668078,95,89,96,1
9,89,1363801668238,89,1363801668302,64,255,224,160
9,84,1363801668471,84,1363801668526,55,233,224,169
9,72,1363801668566,72,1363801668638,72,95,112,40
9,73,1363801668734,73,1363801668798,64,168,160,96
9,78,1363801668838,78,1363801668918,80,104,120,40
9,71,1363801668942,71,1363801669031,89,104,113,24
9,32,1363801669479,32,1363801669622,143,537,591,448
9,66,1363801669846,66,1363801669919,73,367,297,224
9,69,1363801670030,69,1363801670094,64,184,175,111
9,70,1363801670246,70,1363801670318,72,216,224,152
9,79,1363801670382,79,1363801670446,64,136,128,64
9,82,1363801670462,82,1363801670550,88,80,104,16
9,69,1363801670518,69,1363801670615,97,56,65,-32
9,32,1363801681639,32,1363801681751,112,11121,11136,11024
9,85,1363801681879,85,1363801681935,56,240,184,128
9,83,1363801681983,83,1363801682063,80,104,128,48
9,188,1363801683023,188,1363801683071,48,1040,1008,960
9,84,1363801895736,84,1363801895863,127,312,47,-80
9,73,1363801895991,73,1363801896063,72,255,200,128
9,8,1363801896375,8,1363801896415,40,384,352,312
9,8,1363801896487,8,1363801896567,80,112,152,72
9,84,1363801896951,84,1363801897007,56,464,440,384
9,32,1363801897088,32,1363801897231,143,137,224,81
9,87,1363801897815,87,1363801897896,81,727,665,584
9,83,1363801898072,83,1363801898183,111,257,287,176
9,8,1363801898855,8,1363801898927,72,783,744,672
9,65,1363801899055,65,1363801899159,104,200,232,128
9,83,1363801899295,83,1363801899359,64,240,200,136
9,32,1363801899383,32,1363801899488,105,88,129,24
9,84,1363801899599,84,1363801899671,72,216,183,111
9,72,1363801899727,72,1363801899783,56,128,112,56
9,69,1363801899807,69,1363801899895,88,80,112,24
9,32,1363801899863,32,1363801899975,112,56,80,-32
9,66,1363801900175,66,1363801900215,40,312,240,200
9,86,1363801900176,86,1363801900215,39,1,0,-39
9,69,1363801900327,69,1363801900407,80,151,192,112
9,8,1363801900760,8,1363801900807,47,433,400,353
9,8,1363801900895,8,1363801900967,72,135,160,88
9,69,1363801901231,69,1363801901287,56,336,320,264
9,83,1363801901391,83,1363801901439,48,160,152,104
9,84,1363801901535,84,1363801901599,64,144,160,96
9,32,1363801901639,32,1363801901727,88,104,128,40
9,79,1363801901895,79,1363801901943,48,256,216,168
9,70,1363801901975,70,1363801902071,96,80,128,32
9,32,1363801902071,32,1363801902167,96,96,96,0
9,84,1363801902335,84,1363801902415,80,264,248,168
9,73,1363801902487,73,1363801902543,56,152,128,72
9,77,1363801902655,77,1363801902719,64,168,176,112
9,69,1363801902743,69,1363801902807,64,88,88,24
9,83,1363801902919,83,1363801902999,80,176,192,112
9,188,1363801903439,188,1363801903511,72,520,512,440
9,32,1363801903551,32,1363801903687,136,112,176,40
9,73,1363801903799,73,1363801903863,64,248,176,112
9,84,1363801903895,84,1363801903975,80,96,112,32
9,32,1363801903975,32,1363801904095,120,80,120,0
9,87,1363801904231,87,1363801904311,80,256,216,136
9,65,1363801904407,65,1363801904463,56,176,152,96
9,83,1363801904559,83,1363801904615,56,152,152,96
9,32,1363801904631,32,1363801904711,80,72,96,16
9,84,1363801904799,84,1363801904879,80,168,168,88
9,72,1363801904935,72,1363801904991,56,136,112,56
9,69,1363801905023,69,1363801905119,96,88,128,32
9,32,1363801905120,32,1363801905231,111,97,112,1
9,87,1363801905695,87,1363801905767,72,575,536,464
9,79,1363801905951,79,1363801906039,88,256,272,184
9,82,1363801906135,82,1363801906231,96,184,192,96
9,83,1363801906359,83,1363801906431,72,224,200,128
9,84,1363801906559,84,1363801906615,56,200,184,128
9,32,1363801906655,32,1363801906759,104,96,144,40
9,79,1363801906903,79,1363801906959,56,248,200,144
9,70,1363801906991,70,1363801907071,80,88,112,32
9,32,1363801907119,32,1363801907199,80,128,128,48
9,84,1363801907319,84,1363801907399,80,200,200,120
9,73,1363801907463,73,1363801907511,48,144,112,64
9,77,1363801907623,77,1363801907703,80,160,192,112
9,69,1363801907703,69,1363801907767,64,80,64,0
9,83,1363801907887,83,1363801907967,80,184,200,120
9,188,1363801908295,188,1363801908367,72,408,400,328
9,32,1363801908455,32,1363801908551,96,160,184,88
9,73,1363801908631,73,1363801908687,56,176,136,80
9,84,1363801908727,84,1363801908799,72,96,112,40
9,32,1363801908815,32,1363801908920,105,88,121,16
9,87,1363801909056,87,1363801909128,72,241,208,136
9,65,1363801909264,65,1363801909296,32,208,168,136
9,83,1363801909400,83,1363801909472,72,136,176,104
9,32,1363801909504,32,1363801909592,88,104,120,32
9,84,1363801909696,84,1363801909752,56,192,160,104
9,72,1363801909816,72,1363801909856,40,120,104,64
9,69,1363801909896,69,1363801909968,72,80,112,40
9,32,1363801909936,32,1363801910032,96,40,64,-32
9,65,1363801910128,65,1363801910200,72,192,168,96
9,71,1363801910224,71,1363801910312,88,96,112,24
9,69,1363801910312,69,1363801910384,72,88,72,0
9,32,1363801910640,32,1363801910760,120,328,376,256
9,79,1363801910952,79,1363801911008,56,312,248,192
9,70,1363801911064,70,1363801911184,120,112,176,56
9,32,1363801911168,32,1363801911304,136,104,120,-16
9,87,1363801911632,87,1363801911728,96,464,424,328
9,73,1363801912112,73,1363801912176,64,480,448,384
9,83,1363801912272,83,1363801912344,72,160,168,96
9,68,1363801912560,68,1363801912640,80,288,296,216
9,79,1363801912680,79,1363801912752,72,120,112,40
9,77,1363801912855,77,1363801912919,64,175,167,103
9,188,1363801913143,188,1363801913215,72,288,296,224
9,32,1363801913335,32,1363801913463,128,192,248,120
9,73,1363801913583,73,1363801913647,64,248,184,120
9,84,1363801913703,84,1363801913783,80,120,136,56
9,32,1363801913935,32,1363801914054,119,232,271,152
9,87,1363801914166,87,1363801914247,81,231,193,112
9,65,1363801914470,65,1363801914590,120,304,343,223
9,83,1363801914751,83,1363801914838,87,281,248,161
9,32,1363801914894,32,1363801914998,104,143,160,56
9,84,1363801915150,84,1363801915238,88,256,240,152
9,72,1363801915310,72,1363801915358,48,160,120,72
9,69,1363801915422,69,1363801915526,104,112,168,64
9,32,1363801915527,32,1363801915630,103,105,104,1
9,65,1363801916942,65,1363801917014,72,1415,1384,1312
9,71,1363801917119,71,1363801917183,64,177,169,105
9,69,1363801917183,69,1363801917262,79,64,79,0
9,32,1363801917310,32,1363801917422,112,127,160,48
9,79,1363801917598,79,1363801917646,48,288,224,176
9,70,1363801917686,70,1363801917766,80,88,120,40
9,32,1363801917766,32,1363801917870,104,80,104,0
9,70,1363801918110,70,1363801918182,72,344,312,240
9,79,1363801918318,79,1363801918366,48,208,184,136
9,79,1363801918446,79,1363801918510,64,128,144,80
9,76,1363801919262,76,1363801919334,72,816,824,752
9,73,1363801919502,73,1363801919566,64,240,232,168
9,83,1363801919782,83,1363801919870,88,280,304,216
9,72,1363801919910,72,1363801919966,56,128,96,40
9,78,1363801920478,78,1363801920550,72,568,584,512
9,69,1363801920590,69,1363801920654,64,112,104,40
9,83,1363801920790,83,1363801920846,56,200,192,136
9,83,1363801920934,83,1363801920982,48,144,136,88
9,188,1363801921230,188,1363801921318,88,296,336,248
9,32,1363801921374,32,1363801921510,136,144,192,56
9,73,1363801921574,73,1363801921638,64,200,128,64
9,84,1363801921694,84,1363801921766,72,120,128,56
9,32,1363801921798,32,1363801921934,136,104,168,32
9,87,1363801922078,87,1363801922142,64,280,208,144
9,65,1363801922286,65,1363801922342,56,208,200,144
9,83,1363801922462,83,1363801922550,88,176,208,120
9,32,1363801922566,32,1363801922694,128,104,144,16
9,84,1363801922878,84,1363801922974,96,312,280,184
9,72,1363801923030,72,1363801923086,56,152,112,56
9,69,1363801923143,69,1363801923238,95,113,152,57
9,32,1363801923198,32,1363801923350,152,55,112,-40
9,69,1363801923638,69,1363801923710,72,440,360,288
9,80,1363801924102,80,1363801924166,64,464,456,392
9,79,1363801924294,79,1363801924374,80,192,208,128
9,67,1363801924478,67,1363801924558,80,184,184,104
9,72,1363801924558,72,1363801924622,64,80,64,0
9,32,1363801924694,32,1363801924822,128,136,200,72
9,79,1363801924886,79,1363801924950,64,192,128,64
9,70,1363801924990,70,1363801925102,112,104,152,40
9,32,1363801925078,32,1363801925198,120,88,96,-24
9,66,1363801925582,66,1363801925662,80,504,464,384
9,69,1363801925830,69,1363801925918,88,248,256,168
9,76,1363801926134,76,1363801926190,56,304,272,216
9,73,1363801926278,73,1363801926343,65,144,153,88
9,69,1363801926399,69,1363801926463,64,121,120,56
9,70,1363801926551,70,1363801926631,80,152,168,88
9,188,1363801926823,188,1363801926887,64,272,256,192
9,32,1363801926943,32,1363801927071,128,120,184,56
9,73,1363801927143,73,1363801927207,64,200,136,72
9,84,1363801927247,84,1363801927327,80,104,120,40
9,32,1363801927359,32,1363801927535,176,112,208,32
9,87,1363801928415,87,1363801928487,72,1056,952,880
9,65,1363801928639,65,1363801928687,48,224,200,152
9,83,1363801928783,83,1363801928847,64,144,160,96
9,32,1363801928895,32,1363801929031,136,112,184,48
9,84,1363801929239,84,1363801929327,88,344,296,208
9,72,1363801929423,72,1363801929471,48,184,144,96
9,69,1363801929511,69,1363801929623,112,88,152,40
9,32,1363801929623,32,1363801929759,136,112,136,0
9,69,1363801930127,69,1363801930199,72,504,440,368
9,80,1363801930463,80,1363801930518,55,336,319,264
9,79,1363801930623,79,1363801930703,80,160,185,105
9,67,1363801930798,67,1363801930894,96,175,191,95
9,72,1363801930895,72,1363801930950,55,97,56,1
9,32,1363801931014,32,1363801931134,120,119,184,64
9,79,1363801931206,79,1363801931280,74,192,146,72
9,70,1363801931326,70,1363801931430,104,120,150,46
9,32,1363801931414,32,1363801931527,113,88,97,-16
9,73,1363801931766,73,1363801931823,57,352,296,239
9,78,1363801931974,78,1363801932038,64,208,215,151
9,67,1363801932391,67,1363801932462,71,417,424,353
9,82,1363801932702,82,1363801932782,80,311,320,240
9,69,1363801932759,69,1363801932854,95,57,72,-23
9,68,1363801933038,68,1363801933119,81,279,265,184
9,85,1363801933254,85,1363801933310,56,216,191,135
9,76,1363801933478,76,1363801933534,56,224,224,168
9,73,1363801933614,73,1363801933686,72,136,152,80
9,84,1363801933782,84,1363801933870,88,168,184,96
9,89,1363801933870,89,1363801933918,48,88,48,0
9,188,1363801934110,188,1363801934190,80,240,272,192
9,32,1363801934230,32,1363801934350,120,120,160,40
9,73,1363801934422,73,1363801934494,72,192,144,72
9,84,1363801934510,84,1363801934583,73,88,89,16
9,32,1363801935016,32,1363801935126,110,506,543,433
9,87,1363801935230,87,1363801935296,66,214,170,104
9,65,1363801935398,65,1363801935454,56,168,158,102
9,83,1363801935550,83,1363801935630,80,152,176,96
9,32,1363801935670,32,1363801935786,116,120,156,40
9,84,1363801936182,84,1363801936254,72,512,468,396
9,72,1363801936286,72,1363801936334,48,104,80,32
9,69,1363801936390,69,1363801936494,104,104,160,56
9,32,1363801936494,32,1363801936606,112,104,112,0
9,83,1363801937398,83,1363801937454,56,904,848,792
9,69,1363801937558,69,1363801937614,56,160,160,104
9,65,1363801937694,65,1363801937758,64,136,144,80
9,83,1363801937926,83,1363801938006,80,232,248,168
9,79,1363801938078,79,1363801938150,72,152,144,72
9,78,1363801938150,78,1363801938230,80,72,80,0
9,32,1363801938286,32,1363801938382,96,136,152,56
9,79,1363801938486,79,1363801938542,56,200,160,104
9,70,1363801938574,70,1363801938670,96,88,128,32
9,32,1363801938638,32,1363801938734,96,64,64,-32
9,73,1363801939118,73,1363801939182,64,480,448,384
9,71,1363801939318,71,1363801939382,64,200,200,136
9,72,1363801939438,72,1363801939502,64,120,120,56
9,84,1363801939542,84,1363801939630,88,104,128,40
9,188,1363801939750,188,1363801939822,72,208,192,120
9,32,1363801939918,32,1363801940054,136,168,232,96
9,73,1363801940382,73,1363801940438,56,464,384,328
9,84,1363801940542,84,1363801940598,56,160,160,104
9,32,1363801940631,32,1363801940766,135,89,168,33
9,87,1363801940934,87,1363801941038,104,303,272,168
9,65,1363801941182,65,1363801941238,56,248,200,144
9,83,1363801941334,83,1363801941430,96,152,192,96
9,32,1363801941454,32,1363801941542,88,120,112,24
9,84,1363801941646,84,1363801941718,72,192,176,104
9,72,1363801941774,72,1363801941822,48,128,104,56
9,69,1363801941846,69,1363801941942,96,72,120,24
9,32,1363801941910,32,1363801942038,128,64,96,-32
9,83,1363801942150,83,1363801942214,64,240,176,112
9,69,1363801942302,69,1363801942366,64,152,152,88
9,65,1363801942454,65,1363801942558,104,152,192,88
9,83,1363801942798,83,1363801942878,80,344,320,240
9,79,1363801942918,79,1363801942982,64,120,104,40
9,78,1363801943022,78,1363801943086,64,104,104,40
9,32,1363801943198,32,1363801943310,112,176,224,112
9,79,1363801943382,79,1363801943454,72,184,144,72
9,70,1363801943470,70,1363801943566,96,88,112,16
9,32,1363801943550,32,1363801943646,96,80,80,-16
9,65,1363801944015,65,1363801944063,48,465,417,369
9,82,1363801944087,82,1363801944183,96,72,120,24
9,75,1363801944447,75,1363801944511,64,360,328,264
9,78,1363801944623,78,1363801944679,56,176,168,112
9,69,1363801944695,69,1363801944783,88,72,104,16
9,83,1363801944895,83,1363801944943,48,200,160,112
9,83,1363801945031,83,1363801945103,72,136,160,88
9,188,1363801945527,188,1363801945599,72,496,496,424
9,32,1363801945679,32,1363801945815,136,152,216,80
9,73,1363801945887,73,1363801945951,64,208,136,72
9,84,1363801946023,84,1363801946135,112,136,184,72
9,32,1363801946415,32,1363801946534,119,392,399,280
9,87,1363801946663,87,1363801946719,56,248,185,129
9,65,1363801946839,65,1363801946903,64,176,184,120
9,83,1363801947007,83,1363801947055,48,168,152,104
9,32,1363801947079,32,1363801947151,72,72,96,24
9,84,1363801947247,84,1363801947327,80,168,176,96
9,72,1363801947375,72,1363801947431,56,128,104,48
9,69,1363801947479,69,1363801947599,120,104,168,48
9,32,1363801947567,32,1363801947679,112,88,80,-32
9,83,1363801947959,83,1363801948038,79,392,359,280
9,80,1363801948335,80,1363801948423,88,376,385,297
9,82,1363801948471,82,1363801948542,71,136,119,48
9,73,1363801948647,73,1363801948703,56,176,161,105
9,78,1363801948798,78,1363801948886,88,151,183,95
9,71,1363801948950,71,1363801949014,64,152,128,64
9,32,1363801949230,32,1363801949334,104,280,320,216
9,79,1363801949543,79,1363801949599,56,313,265,209
9,70,1363801949638,70,1363801949702,64,95,103,39
9,32,1363801949694,32,1363801949822,128,56,120,-8
9,72,1363801950110,72,1363801950158,48,416,336,288
9,79,1363801950270,79,1363801950342,72,160,184,112
9,80,1363801950574,80,1363801950662,88,304,320,232
9,69,1363801950775,69,1363801950846,71,201,184,113
9,190,1363801951654,190,1363801951702,48,879,856,808
9,8,1364048678852,8,1364048678932,80,4095,4096,4016
9,16,1364048679748,16,1364048679916,168,896,984,816
9,83,1364048679828,83,1364048679916,88,80,0,-88
9,67,1364048680372,67,1364048680476,104,544,560,456
9,79,1364048680476,79,1364048680556,80,104,80,0
9,84,1364048682580,84,1364048682660,80,2104,2104,2024
9,67,1364048682900,67,1364048682988,88,320,328,240
9,72,1364048683012,72,1364048683068,56,112,80,24
9,32,1364048683172,32,1364048683284,112,160,216,104
9,82,1364048684652,82,1364048684724,72,1480,1440,1368
9,65,1364048684868,65,1364048684956,88,216,232,144
9,70,1364048685220,70,1364048685316,96,352,360,264
9,84,1364048685804,84,1364048685892,88,584,576,488
9,73,1364048685980,73,1364048686044,64,176,152,88
9,78,1364048686092,78,1364048686172,80,112,128,48
9,71,1364048686188,71,1364048686268,80,96,96,16
9,32,1364048686364,32,1364048686508,144,176,240,96
9,16,1364048686740,16,1364048686908,168,376,400,232
9,84,1364048686852,84,1364048686924,72,112,16,-56
9,65,1364048687804,65,1364048687907,103,952,983,880
9,80,1364048688076,80,1364048688172,96,272,265,169
9,69,1364048688276,69,1364048688364,88,200,192,104
9,32,1364048688444,32,1364048688580,136,168,216,80
9,72,1364048688732,72,1364048688796,64,288,216,152
9,79,1364048688884,79,1364048688972,88,152,176,88
9,76,1364048689605,76,1364048689684,79,721,712,633
9,68,1364048689733,68,1364048689845,112,128,161,49
9,83,1364048690188,83,1364048690261,73,455,416,343
9,32,1364048690348,32,1364048690477,129,160,216,87
9,68,1364048690940,68,1364048691020,80,592,543,463
9,82,1364048691285,82,1364048691356,71,345,336,265
9,65,1364048691460,65,1364048691548,88,175,192,104
9,86,1364048691724,86,1364048691796,72,264,248,176
9,73,1364048692124,73,1364048692180,56,400,384,328
9,78,1364048692228,78,1364048692308,80,104,128,48
9,71,1364048692332,71,1364048692388,56,104,80,24
9,32,1364048692484,32,1364048692612,128,152,224,96
9,65,1364048692804,65,1364048692916,112,320,304,192
9,78,1364048692916,78,1364048692980,64,112,64,0
9,68,1364048693036,68,1364048693124,88,120,144,56
9,32,1364048693116,32,1364048693244,128,80,120,-8
9,84,1364048693676,84,1364048693740,64,560,496,432
9,82,1364048693916,82,1364048693956,40,240,216,176
9,65,1364048694004,65,1364048694092,88,88,136,48
9,67,1364048694548,67,1364048694612,64,544,520,456
9,73,1364048694764,73,1364048694820,56,216,208,152
9,78,1364048694908,78,1364048694980,72,144,160,88
9,71,1364048695028,71,1364048695100,72,120,120,48
9,32,1364048695212,32,1364048695324,112,184,224,112
9,84,1364048695460,84,1364048695564,104,248,240,136
9,79,1364048695588,79,1364048695652,64,128,88,24
9,32,1364048695716,32,1364048695828,112,128,176,64
9,68,1364048696228,68,1364048696308,80,512,480,400
9,82,1364048696516,82,1364048696596,80,288,288,208
9,65,1364048696748,65,1364048696836,88,232,240,152
9,87,1364048697060,87,1364048697156,96,312,320,224
9,73,1364048697324,73,1364048697388,64,264,232,168
9,78,1364048697428,78,1364048697516,88,104,128,40
9,71,1364048697517,71,1364048697588,71,89,72,1
9,32,1364048697652,32,1364048697756,104,135,168,64
9,66,1364048698412,66,1364048698484,72,760,728,656
9,79,1364048698812,79,1364048698884,72,400,400,328
9,65,1364048698996,65,1364048699076,80,184,192,112
9,82,1364048699140,82,1364048699212,72,144,136,64
9,68,1364048699364,68,1364048699460,96,224,248,152
9,190,1364048699684,190,1364048699756,72,320,296,224
9,32,1364048699852,32,1364048699988,136,168,232,96
9,79,1364048701244,79,1364048701316,72,1392,1328,1256
9,76,1364048701452,76,1364048701516,64,208,200,136
9,83,1364048701612,83,1364048701692,80,160,176,96
9,68,1364048701820,68,1364048701892,72,208,200,128
9,32,1364048703284,32,1364048703420,136,1464,1528,1392
9,76,1364048703868,76,1364048703924,56,584,504,448
9,73,1364048704011,73,1364048704076,65,143,152,87
9,71,1364048704308,71,1364048704388,80,297,312,232
9,72,1364048704420,72,1364048704484,64,112,96,32
9,84,1364048704564,84,1364048704644,80,144,160,80
9,76,1364048704955,76,1364048705036,81,391,392,311
9,89,1364048705156,89,1364048705228,72,201,192,120
9,32,1364048705324,32,1364048705451,127,168,223,96
9,66,1364048705659,66,1364048705747,88,335,296,208
9,85,1364048705766,85,1364048705819,53,107,72,19
9,84,1364048706237,84,1364048706332,95,471,513,418
9,32,1364048706493,32,1364048706612,119,256,280,161
9,70,1364048708468,70,1364048708532,64,1975,1920,1856
9,73,1364048709469,73,1364048709540,71,1001,1008,937
9,82,1364048709708,82,1364048709772,64,239,232,168
9,77,1364048709948,77,1364048710028,80,240,256,176
9,76,1364048710172,76,1364048710244,72,224,216,144
9,89,1364048710373,89,1364048710436,63,201,192,129
9,188,1364048710660,188,1364048710724,64,287,288,224
9,32,1364048710796,32,1364048710924,128,136,200,72
9,89,1364048711109,89,1364048711164,55,313,240,185
9,69,1364048711212,69,1364048711284,72,103,120,48
9,84,1364048712108,84,1364048712204,96,896,920,824
9,32,1364048712868,32,1364048712988,120,760,784,664
9,82,1364048713468,82,1364048713548,80,600,560,480
9,69,1364048713508,69,1364048713604,96,40,56,-40
9,77,1364048714172,77,1364048714252,80,664,648,568
9,79,1364048714380,79,1364048714460,80,208,208,128
9,86,1364048714604,86,1364048714668,64,224,208,144
9,69,1364048714772,69,1364048714860,88,168,192,104
9,83,1364048715004,83,1364048715068,64,232,208,144
9,32,1364048715164,32,1364048715276,112,160,208,96
9,69,1364048715492,69,1364048715572,80,328,296,216
9,65,1364048715780,65,1364048715844,64,288,272,208
9,83,1364048716396,83,1364048716476,80,616,632,552
9,73,1364048716508,73,1364048716556,48,112,80,32
9,76,1364048716740,76,1364048716812,72,232,256,184
9,89,1364048717036,89,1364048717116,80,296,304,224
9,32,1364048717972,32,1364048718108,136,936,992,856
9,87,1364048718308,87,1364048718380,72,336,272,200
9,72,1364048718540,72,1364048718596,56,232,216,160
9,69,1364048718732,69,1364048718820,88,192,224,136
9,78,1364048718852,78,1364048718924,72,120,104,32
9,32,1364048718980,32,1364048719092,112,128,168,56
9,87,1364048719212,87,1364048719292,80,232,200,120
9,79,1364048719364,79,1364048719428,64,152,136,72
9,82,1364048719476,82,1364048719556,80,112,128,48
9,75,1364048719636,75,1364048719708,72,160,152,80
9,32,1364048719836,32,1364048719964,128,200,256,128
9,73,1364048720421,73,1364048720469,48,585,505,457
9,83,1364048720501,83,1364048720573,72,80,104,32
9,32,1364048720589,32,1364048720725,136,88,152,16
9,67,1364048720957,67,1364048721013,56,368,288,232
9,79,1364048721013,79,1364048721053,40,56,40,0
9,77,1364048721157,77,1364048721229,72,144,176,104
9,80,1364048722164,80,1364048722228,64,1007,999,935
9,76,1364048722381,76,1364048722452,71,217,224,153
9,69,1364048722525,69,1364048722597,72,144,145,73
9,84,1364048722741,84,1364048722788,47,216,191,144
9,69,1364048722820,69,1364048722893,73,79,105,32
9,37,1364048727557,37,1364048727629,72,4737,4736,4664
9,68,1364048728173,68,1364048728253,80,616,624,544
9,39,1364048728437,39,1364048728533,96,264,280,184
9,8,1364048729101,8,1364048729141,40,664,608,568
9,40,1364048729581,40,1364048729677,96,480,536,440
9,190,1364048731333,190,1364048731405,72,1752,1728,1656
9,32,1364048731486,32,1364048731597,111,153,192,81
9,16,1364048731973,16,1364048732149,176,487,552,376
9,76,1364048732077,76,1364048732149,72,104,0,-72
9,69,1364048732293,69,1364048732365,72,216,216,144
9,65,1364048732429,65,1364048732517,88,136,152,64
9,86,1364048732765,86,1364048732845,80,336,328,248
9,69,1364048733021,69,1364048733093,72,256,248,176
9,83,1364048733213,83,1364048733285,72,192,192,120
9,32,1364048733333,32,1364048733469,136,120,184,48
9,78,1364048733637,78,1364048733733,96,304,264,168
9,79,1364048733837,79,1364048733933,96,200,200,104
9,32,1364048734053,32,1364048734173,120,216,240,120
9,65,1364048734405,65,1364048734469,64,352,296,232
9,68,1364048734573,68,1364048734653,80,168,184,104
9,72,1364048735157,72,1364048735205,48,584,552,504
9,69,1364048735293,69,1364048735365,72,136,160,88
9,83,1364048736029,83,1364048736101,72,736,736,664
9,73,1364048736133,73,1364048736189,56,104,88,32
9,86,1364048736621,86,1364048736693,72,488,504,432
9,69,1364048736821,69,1364048736917,96,200,224,128
9,32,1364048736989,32,1364048737133,144,168,216,72
9,82,1364048737389,82,1364048737493,104,400,360,256
9,69,1364048737461,69,1364048737549,88,72,56,-32
9,83,1364048737789,83,1364048737877,88,328,328,240
9,73,1364048737925,73,1364048737973,48,136,96,48
9,68,1364048739756,68,1364048739852,96,1831,1879,1783
9,85,1364048739989,85,1364048740044,55,233,192,137
9,69,1364048740421,69,1364048740500,79,432,456,377
9,190,1364048740941,190,1364048740997,56,520,497,441
9,84,1364574896320,84,1364574896432,112,312,56,-56
9,79,1364574896536,79,1364574896576,40,216,144,104
9,68,1364574896624,68,1364574896720,96,88,144,48
9,65,1364574897576,65,1364574897656,80,952,936,856
9,89,1364574897648,89,1364574897728,80,72,72,-8
9,32,1364574898280,32,1364574898384,104,632,656,552
9,73,1364574898424,73,1364574898504,80,144,120,40
9,83,1364574898504,83,1364574898576,72,80,72,0
9,32,1364574898576,32,1364574898696,120,72,120,0
9,82,1364574900153,82,1364574900241,88,1577,1545,1457
9,73,1364574900329,73,1364574900401,72,176,160,88
9,68,1364574900513,68,1364574900577,64,184,176,112
9,65,1364574900665,65,1364574900769,104,152,192,88
9,89,1364574900697,89,1364574900769,72,32,0,-72
9,188,1364574901057,188,1364574901129,72,360,360,288
9,32,1364574901449,32,1364574901601,152,392,472,320
9,65,1364574902329,65,1364574902392,63,880,791,728
9,78,1364574902433,78,1364574902504,71,104,112,41
9,68,1364574902481,68,1364574902593,112,48,89,-23
9,32,1364574902593,32,1364574902673,80,112,80,0
9,73,1364574902745,73,1364574902801,56,152,128,72
9,84,1364574902824,84,1364574902897,73,79,96,23
9,32,1364574902960,32,1364574903072,112,136,175,63
9,73,1364574903488,73,1364574903536,48,528,464,416
9,84,1364574903584,84,1364574903664,80,96,128,48
9,8,1364574904088,8,1364574904128,40,504,464,424
9,83,1364574904169,83,1364574904280,111,81,152,41
9,32,1364574904312,32,1364574904424,112,143,144,32
9,82,1364574905360,82,1364574905449,89,1048,1025,936
9,69,1364574905409,69,1364574905481,72,49,32,-40
9,65,1364574905552,65,1364574905656,104,143,175,71
9,76,1364574905728,76,1364574905777,49,176,121,72
9,76,1364574905840,76,1364574905936,96,112,159,63
9,89,1364574906040,89,1364574906112,72,200,176,104
9,32,1364574906168,32,1364574906256,88,128,144,56
9,65,1364574906368,65,1364574906432,64,200,176,112
9,32,1364574906480,32,1364574906584,104,112,152,48
9,83,1364574906920,83,1364574906984,64,440,400,336
9,85,1364574907104,85,1364574907160,56,184,176,120
9,78,1364574907312,78,1364574907392,80,208,232,152
9,78,1364574907432,78,1364574907520,88,120,128,40
9,89,1364574907648,89,1364574907704,56,216,184,128
9,32,1364574907808,32,1364574907920,112,160,216,104
9,68,1364574907992,68,1364574908056,64,184,136,72
9,65,1364574908104,65,1364574908192,88,112,136,48
9,89,1364574908240,89,1364574908312,72,136,120,48
9,190,1364574908480,190,1364574908544,64,240,232,168
9,32,1364574908888,32,1364574909008,120,408,464,344
9,16,1364574912584,16,1364574912736,152,3696,3728,3576
9,16,1364574913088,16,1364574913376,288,504,640,352
9,16,1364574913688,16,1364574913833,145,600,457,312
9,73,1364574913784,73,1364574913833,49,96,0,-49
9,32,1364574913912,32,1364574914048,136,128,215,79
9,8,1364574915456,8,1364574915496,40,1544,1448,1408
9,8,1364574915592,8,1364574915640,48,136,144,96
9,79,1364574916208,79,1364574916272,64,616,632,568
9,87,1364574916328,87,1364574916400,72,120,128,56
9,87,1364574916905,87,1364574916969,64,577,569,505
9,8,1364574917329,8,1364574917377,48,424,408,360
9,69,1364574917425,69,1364574917489,64,96,112,48
9,86,1364574917618,86,1364574917681,63,193,192,129
9,69,1364574917721,69,1364574917817,96,103,136,40
9,82,1364574917817,82,1364574917913,96,96,96,0
9,188,1364574918057,188,1364574918129,72,240,216,144
9,32,1364574918193,32,1364574918329,136,136,200,64
9,16,1364574918497,16,1364574918673,176,304,344,168
9,73,1364574918609,73,1364574918673,64,112,0,-64
9,32,1364574918785,32,1364574918897,112,176,224,112
9,79,1364574919113,79,1364574919177,64,328,280,216
9,78,1364574919529,78,1364574919592,63,416,415,352
9,76,1364574919736,76,1364574919785,49,207,193,144
9,71,1364574920169,71,1364574920241,72,433,456,384
9,32,1364574920416,32,1364574920512,96,247,271,175
9,8,1364574921056,8,1364574921096,40,640,584,544
9,8,1364574921184,8,1364574921240,56,128,144,88
9,89,1364574921576,89,1364574921640,64,392,400,336
9,32,1364574921704,32,1364574921800,96,128,160,64
9,71,1364574921888,71,1364574921952,64,184,152,88
9,69,1364574922000,69,1364574922072,72,112,120,48
9,84,1364574922169,84,1364574922241,72,169,169,97
9,32,1364574922792,32,1364574922912,120,623,671,551
9,85,1364574923033,85,1364574923184,151,241,272,121
9,80,1364574923185,80,1364574923288,103,152,104,1
9,32,1364574923840,32,1364574923944,104,655,656,552
9,84,1364574924088,84,1364574924160,72,248,216,144
9,73,1364574924184,73,1364574924232,48,96,72,24
9,76,1364574924360,76,1364574924416,56,176,184,128
9,76,1364574924504,76,1364574924560,56,144,144,88
9,32,1364574924648,32,1364574924792,144,144,232,88
9,56,1364574926720,56,1364574926776,56,2072,1984,1928
9,48,1364574929000,48,1364574929032,32,2280,2256,2224
9,48,1364574929113,48,1364574929160,47,113,128,81
9,32,1364574929264,32,1364574929408,144,151,248,104
9,8,1364574930472,8,1364574930520,48,1208,1112,1064
9,188,1364574930704,188,1364574930776,72,232,256,184
9,32,1364574930824,32,1364574930928,104,120,152,48
9,66,1364574931048,66,1364574931128,80,224,200,120
9,85,1364574931176,85,1364574931224,48,128,96,48
9,8,1364574933032,8,1364574933088,56,1856,1864,1808
9,69,1364574933160,69,1364574933232,72,128,144,72
9,67,1364574933432,67,1364574933512,80,272,280,200
9,65,1364574933688,65,1364574933768,80,256,256,176
9,85,1364574933848,85,1364574933904,56,160,136,80
9,83,1364574933984,83,1364574934040,56,136,136,80
9,69,1364574934040,69,1364574934152,112,56,112,0
9,32,1364574934192,32,1364574934321,129,152,169,40
9,65,1364574934449,65,1364574934497,48,257,176,128
9,8,1364574934921,8,1364574934969,48,472,472,424
9,32,1364574935361,32,1364574935489,128,440,520,392
9,83,1364574935585,83,1364574935649,64,224,160,96
9,84,1364574935785,84,1364574935841,56,200,192,136
9,65,1364574936417,65,1364574936473,56,632,632,576
9,84,1364574936609,84,1364574936673,64,192,200,136
9,32,1364574936809,32,1364574936897,88,200,224,136
9,84,1364574936985,84,1364574937057,72,176,160,88
9,79,1364574937121,79,1364574937169,48,136,112,64
9,79,1364574937257,79,1364574937320,63,136,151,88
9,32,1364574937688,32,1364574937817,129,431,497,368
9,76,1364574937921,76,1364574937984,63,233,167,104
9,65,1364574938081,65,1364574938144,63,160,160,97
9,71,1364574938416,71,1364574938488,72,335,344,272
9,69,1364574938648,69,1364574938768,120,232,280,160
9,32,1364574939057,32,1364574939185,128,409,417,289
9,8,1364574939704,8,1364574939744,40,647,559,519
9,8,1364574939840,8,1364574939888,48,136,144,96
9,8,1364574939960,8,1364574940032,72,120,144,72
9,84,1364574940136,84,1364574940201,65,176,169,104
9,69,1364574940201,69,1364574940288,87,65,87,0
9,32,1364574940344,32,1364574940448,104,143,160,56
9,76,1364574940592,76,1364574940648,56,248,200,144
9,65,1364574940704,65,1364574940768,64,112,120,56
9,83,1364574940896,83,1364574940984,88,192,216,128
9,84,1364574941048,84,1364574941112,64,152,128,64
9,32,1364574941176,32,1364574941264,88,128,152,64
9,78,1364574941640,78,1364574941696,56,464,432,376
9,73,1364574941801,73,1364574941880,79,161,184,105
9,71,1364574941960,71,1364574942032,72,159,152,80
9,72,1364574942080,72,1364574942152,72,120,120,48
9,84,1364574942200,84,1364574942272,72,120,120,48
9,190,1364574942616,190,1364574942688,72,416,416,344
9,32,1364574943464,32,1364574943608,144,848,920,776
9,8,1364574943952,8,1364574944016,64,488,408,344
9,32,1364574944064,32,1364574944200,136,112,184,48
9,32,1364574948712,32,1364574948840,128,4648,4640,4512
9,8,1364574949048,8,1364574949096,48,336,256,208
9,8,1364574949168,8,1364574949240,72,120,144,72
9,16,1364574949432,16,1364574949536,104,264,296,192
9,65,1364574949512,65,1364574949584,72,80,48,-24
9,32,1364574949632,32,1364574949752,120,120,168,48
9,87,1364574949912,87,1364574949976,64,280,224,160
9,69,1364574950112,69,1364574950160,48,200,184,136
9,69,1364574950208,69,1364574950328,120,96,168,48
9,75,1364574950416,75,1364574950472,56,208,144,88
9,69,1364574950944,69,1364574951000,56,528,528,472
9,78,1364574951352,78,1364574951408,56,408,408,352
9,68,1364574951448,68,1364574951568,120,96,160,40
9,32,1364574951568,32,1364574951680,112,120,112,0
9,73,1364574951793,73,1364574951841,48,225,161,113
9,83,1364574951889,83,1364574951953,64,96,112,48
9,32,1364574951985,32,1364574952097,112,96,144,32
9,67,1364574952257,67,1364574952345,88,272,248,160
9,79,1364574952369,79,1364574952417,48,112,72,24
9,77,1364574952553,77,1364574952625,72,184,208,136
9,73,1364574953161,73,1364574953209,48,608,584,536
9,78,1364574953273,78,1364574953361,88,112,152,64
9,71,1364574953361,71,1364574953425,64,88,64,0
9,190,1364574953737,190,1364574953793,56,376,368,312
9,32,1364574953921,32,1364574954057,136,184,264,128
9,65,1364653552732,65,1364653552836,104,144,168,64
9,67,1364653552964,67,1364653553052,88,232,216,128
9,69,1364653553180,69,1364653553252,72,216,200,128
9,32,1364653553716,32,1364653553860,144,536,608,464
9,8,1364653554076,8,1364653554108,32,360,248,216
9,8,1364653554220,8,1364653554252,32,144,144,112
9,8,1364653554356,8,1364653554380,24,136,128,104
9,8,1364653554476,8,1364653554508,32,120,128,96
9,8,1364653554580,8,1364653554651,71,104,143,72
9,16,1364653554803,16,1364653555164,361,223,513,152
9,70,1364653555140,70,1364653555244,104,337,80,-24
9,65,1364653555348,65,1364653555443,95,208,199,104
9,67,1364653555563,67,1364653555619,56,215,176,120
9,69,1364653555723,69,1364653555836,113,160,217,104
9,32,1364653555836,32,1364653555939,103,113,103,0
9,82,1364653556500,82,1364653556603,103,664,664,561
9,69,1364653556604,69,1364653556675,71,104,72,1
9,67,1364653556835,67,1364653556923,88,231,248,160
9,79,1364653557021,79,1364653557077,56,186,154,98
9,71,1364653557237,71,1364653557317,80,216,240,160
9,78,1364653557365,78,1364653557468,103,128,151,48
9,73,1364653557469,73,1364653557524,55,104,56,1
9,84,1364653557548,84,1364653557628,80,79,104,24
9,73,1364653557652,73,1364653557732,80,104,104,24
9,79,1364653557781,79,1364653557886,105,129,154,49
9,78,1364653557853,78,1364653557964,111,72,78,-33
9,32,1364653558052,32,1364653558173,121,199,209,88
9,72,1364653558317,72,1364653558365,48,265,192,144
9,65,1364653558405,65,1364653558485,80,88,120,40
9,83,1364653558605,83,1364653558732,127,200,247,120
9,32,1364653558732,32,1364653558860,128,127,128,0
9,66,1364653559029,66,1364653559100,71,297,240,169
9,69,1364653559220,69,1364653559268,48,191,168,120
9,69,1364653559340,69,1364653559428,88,120,160,72
9,78,1364653559540,78,1364653559620,80,200,192,112
9,32,1364653559716,32,1364653559828,112,176,208,96
9,87,1364653559924,87,1364653560012,88,208,184,96
9,73,1364653560068,73,1364653560132,64,144,120,56
9,68,1364653560277,68,1364653560324,47,209,192,145
9,69,1364653560437,69,1364653560492,55,160,168,113
9,76,1364653560556,76,1364653560636,80,119,144,64
9,89,1364653560764,89,1364653560836,72,208,200,128
9,32,1364653560940,32,1364653561044,104,176,208,104
9,85,1364653561284,85,1364653561348,64,344,304,240
9,83,1364653561460,83,1364653561532,72,176,184,112
9,69,1364653561612,69,1364653561660,48,152,128,80
9,68,1364653561788,68,1364653561868,80,176,208,128
9,32,1364653561924,32,1364653562060,136,136,192,56
9,73,1364653563004,73,1364653563052,48,1080,992,944
9,78,1364653563116,78,1364653563196,80,112,144,64
9,32,1364653563196,32,1364653563316,120,80,120,0
9,79,1364653564468,79,1364653564556,88,1272,1240,1152
9,85,1364653564596,85,1364653564660,64,128,104,40
9,82,1364653564748,82,1364653564836,88,152,176,88
9,32,1364653564932,32,1364653565052,120,184,216,96
9,82,1364653565124,82,1364653565212,88,192,160,72
9,69,1364653565180,69,1364653565260,80,56,48,-32
9,65,1364653565452,65,1364653565548,96,272,288,192
9,76,1364653565676,76,1364653565748,72,224,200,128
9,32,1364653566196,32,1364653566324,128,520,576,448
9,76,1364653566876,76,1364653566932,56,680,608,552
9,73,1364653567020,73,1364653567100,80,144,168,88
9,86,1364653567540,86,1364653567604,64,520,504,440
9,69,1364653567724,69,1364653567788,64,184,184,120
9,83,1364653567909,83,1364653567996,87,185,208,121
9,190,1364653568372,190,1364653568436,64,463,440,376
9,32,1364653568636,32,1364653568756,120,264,320,200
9,16,1364653570164,16,1364653570292,128,1528,1536,1408
9,70,1364653570260,70,1364653570364,104,96,72,-32
9,79,1364653570412,79,1364653570460,48,152,96,48
9,82,1364653570508,82,1364653570580,72,96,120,48
9,32,1364653570604,32,1364653570708,104,96,128,24
9,69,1364653570772,69,1364653570820,48,168,112,64
9,88,1364653570948,88,1364653571044,96,176,224,128
9,65,1364653571212,65,1364653571300,88,264,256,168
9,77,1364653571300,77,1364653571381,81,88,81,0
9,80,1364653571516,80,1364653571548,32,216,167,135
9,76,1364653571692,76,1364653571755,63,176,207,144
9,69,1364653571788,69,1364653571859,71,96,104,33
9,188,1364653571924,188,1364653571988,64,136,129,65
9,32,1364653572076,32,1364653572196,120,152,208,88
9,84,1364653575397,84,1364653575477,80,3321,3281,3201
9,72,1364653575533,72,1364653575580,47,136,103,56
9,8,1364653575956,8,1364653575996,40,423,416,376
9,8,1364653576084,8,1364653576140,56,128,144,88
9,32,1364653577532,32,1364653577636,104,1448,1496,1392
9,67,1364653577748,67,1364653577804,56,216,168,112
9,65,1364653577868,65,1364653577964,96,120,160,64
9,78,1364653577940,78,1364653578012,72,72,48,-24
9,32,1364653578052,32,1364653578180,128,112,168,40
9,66,1364653578388,66,1364653578452,64,336,272,208
9,69,1364653578524,69,1364653578644,120,136,192,72
9,32,1364653578645,32,1364653578732,87,121,88,1
9,85,1364653579060,85,1364653579108,48,415,376,328
9,83,1364653579149,83,1364653579212,63,89,104,41
9,69,1364653579300,69,1364653579348,48,151,136,88
9,68,1364653579468,68,1364653579540,72,168,192,120
9,32,1364653579588,32,1364653579716,128,120,176,48
9,70,1364653580444,70,1364653580508,64,856,792,728
9,79,1364653580564,79,1364653580620,56,120,112,56
9,82,1364653580621,82,1364653580692,71,57,72,1
9,32,1364653580740,32,1364653580836,96,119,144,48
9,65,1364653580948,65,1364653581028,80,208,192,112
9,67,1364653581188,67,1364653581244,56,240,216,160
9,67,1364653581316,67,1364653581388,72,128,144,72
9,69,1364653581532,69,1364653581604,72,216,216,144
9,83,1364653581796,83,1364653581868,72,264,264,192
9,83,1364653581948,83,1364653582036,88,152,168,80
9,32,1364653582196,32,1364653582340,144,248,304,160
9,67,1364653582604,67,1364653582676,72,408,336,264
9,79,1364653582716,79,1364653582772,56,112,96,40
9,78,1364653582804,78,1364653582892,88,88,120,32
9,84,1364653583036,84,1364653583092,56,232,200,144
9,82,1364653583204,82,1364653583292,88,168,200,112
9,79,1364653583412,79,1364653583468,56,208,176,120
9,76,1364653583684,76,1364653583740,56,272,272,216
9,188,1364653583916,188,1364653583972,56,232,232,176
9,32,1364653584012,32,1364653584132,120,96,160,40
9,73,1364653591828,73,1364653591900,72,7816,7768,7696
9,188,1364653592836,188,1364653592908,72,1008,1008,936
9,32,1364653593724,32,1364653593852,128,888,944,816
9,8,1364653594852,8,1364653594908,56,1128,1056,1000
9,32,1364653595052,32,1364653595180,128,200,272,144
9,86,1364653596940,86,1364653597028,88,1888,1848,1760
9,69,1364653597140,69,1364653597260,120,200,232,112
9,82,1364653597244,82,1364653597356,112,104,96,-16
9,68,1364653597924,68,1364653598020,96,680,664,568
9,73,1364653598084,73,1364653598148,64,160,128,64
9,78,1364653598204,78,1364653598284,80,120,136,56
9,71,1364653598388,71,1364653598492,104,184,208,104
9,32,1364653598692,32,1364653598804,112,304,312,200
9,8,1364653599428,8,1364653599476,48,736,672,624
9,8,1364653599572,8,1364653599612,40,144,136,96
9,8,1364653599700,8,1364653599764,64,128,152,88
9,8,1364653599860,8,1364653599908,48,160,144,96
9,69,1364653600204,69,1364653600276,72,344,368,296
9,82,1364653600276,82,1364653600412,136,72,136,0
9,8,1364653600796,8,1364653600836,40,520,424,384
9,8,1364653600900,8,1364653600972,72,104,136,64
9,79,1364653601140,79,1364653601228,88,240,256,168
9,82,1364653601228,82,1364653601284,56,88,56,0
9,32,1364653601300,32,1364653601428,128,72,144,16
9,77,1364653601596,77,1364653601660,64,296,232,168
9,65,1364653601724,65,1364653601804,80,128,144,64
9,67,1364653601988,67,1364653602068,80,264,264,184
9,72,1364653602068,72,1364653602124,56,80,56,0
9,73,1364653602228,73,1364653602332,104,160,208,104
9,78,1364653602332,78,1364653602420,88,104,88,0
9,71,1364653602524,71,1364653602596,72,192,176,104
9,8,1364653606660,8,1364653606700,40,4136,4104,4064
9,8,1364653606996,8,1364653607060,64,336,360,296
9,78,1364653607676,78,1364653607740,64,680,680,616
9,69,1364653607788,69,1364653607860,72,112,120,48
9,32,1364653609517,32,1364653609644,127,1729,1784,1657
9,69,1364653609836,69,1364653609916,80,319,272,192
9,84,1364653610101,84,1364653610172,71,265,256,185
9,67,1364653610388,67,1364653610476,88,287,304,216
9,190,1364653610621,190,1364653610692,71,233,216,145
9,32,1364653611564,32,1364653611684,120,943,992,872
10,65,1374092187990,65,1374092188142,152,95,96,-56
10,77,1374092188166,77,1374092188294,128,176,152,24
10,65,1374092188334,65,1374092188446,112,168,152,40
10,90,1374092188950,90,1374092189126,176,616,680,504
10,73,1374092189126,73,1374092189246,120,176,120,0
10,78,1374092189206,78,1374092189318,112,80,72,-40
10,71,1374092189318,71,1374092189398,80,112,80,0
10,32,1374092189374,32,1374092189510,136,56,112,-24
10,82,1374092190142,82,1374092190198,56,768,688,632
10,8,1374092190870,8,1374092190966,96,728,768,672
10,71,1374092191086,71,1374092191206,120,216,240,120
10,82,1374092191318,82,1374092191422,104,232,216,112
10,65,1374092191614,65,1374092191814,200,296,392,192
10,67,1374092191926,67,1374092192030,104,312,216,112
10,69,1374092192126,69,1374092192190,64,200,160,96
10,32,1374092192262,32,1374092192382,120,136,192,72
10,72,1374092192694,72,1374092192822,128,432,440,312
10,79,1374092192822,79,1374092192950,128,128,128,0
10,87,1374092192918,87,1374092193014,96,96,64,-32
10,32,1374092193014,32,1374092193126,112,96,112,0
10,83,1374092193438,83,1374092193518,80,424,392,312
10,87,1374092193662,87,1374092193782,120,224,264,144
10,69,1374092193926,69,1374092194078,152,264,296,144
10,69,1374092194318,69,1374092194382,64,392,304,240
10,84,1374092194558,84,1374092194638,80,240,256,176
10,32,1374092194670,32,1374092194798,128,112,160,32
10,84,1374092194878,84,1374092195054,176,208,256,80
10,72,1374092194974,72,1374092195086,112,96,32,-80
10,8,1374092195782,8,1374092195846,64,808,760,696
10,8,1374092195958,8,1374092196022,64,176,176,112
10,69,1374092196118,69,1374092196206,88,160,184,96
10,32,1374092196286,32,1374092196390,104,168,184,80
10,83,1374092196862,83,1374092196998,136,576,608,472
10,79,1374092196918,79,1374092197094,176,56,96,-80
10,85,1374092196998,85,1374092197134,136,80,40,-96
10,78,1374092197238,78,1374092197334,96,240,200,104
10,68,1374092197358,68,1374092197454,96,120,120,24
10,32,1374092197534,32,1374092197678,144,176,224,80
10,84,1374092197678,84,1374092197782,104,144,104,0
10,72,1374092197734,72,1374092197814,80,56,32,-48
10,65,1374092197782,65,1374092197910,128,48,96,-32
10,8,1374092198542,8,1374092198598,56,760,688,632
10,8,1374092198694,8,1374092198782,88,152,184,96
10,84,1374092198830,84,1374092198910,80,136,128,48
10,32,1374092198958,32,1374092199062,104,128,152,48
10,83,1374092199430,83,1374092199582,152,472,520,368
10,65,1374092199694,65,1374092199862,168,264,280,112
10,86,1374092199982,86,1374092200094,112,288,232,120
10,69,1374092200166,69,1374092200230,64,184,136,72
10,68,1374092200350,68,1374092200438,88,184,208,120
10,32,1374092200486,32,1374092200574,88,136,136,48
10,65,1374092200654,65,1374092200758,104,168,184,80
10,32,1374092200750,32,1374092200854,104,96,96,-8
10,87,1374092200935,87,1374092201127,192,185,273,81
10,82,1374092201087,82,1374092201207,120,152,80,-40
10,73,1374092201599,73,1374092201703,104,512,496,392
10,8,1374092201887,8,1374092201982,95,288,279,184
10,69,1374092201942,69,1374092202038,96,55,56,-40
10,84,1374092202095,84,1374092202182,87,153,144,57
10,67,1374092202639,67,1374092202799,160,544,617,457
10,72,1374092202663,72,1374092202799,136,24,0,-136
10,32,1374092202767,32,1374092202886,119,104,87,-32
10,76,1374092203078,76,1374092203166,88,311,280,192
10,73,1374092203254,73,1374092203310,56,176,144,88
10,75,1374092203406,75,1374092203511,105,152,201,96
10,69,1374092203511,69,1374092203582,71,105,71,0
10,32,1374092203583,32,1374092203678,95,72,96,1
10,77,1374092203855,77,1374092203998,143,272,320,177
10,69,1374092203999,69,1374092204086,87,144,88,1
10,190,1374092204214,190,1374092204351,137,215,265,128
10,32,1374092204351,32,1374092204454,103,137,103,0
10,16,1374092204558,16,1374092205038,480,207,584,104
10,73,1374092204934,73,1374092205062,128,376,24,-104
10,32,1374092205014,32,1374092205118,104,80,56,-48
10,79,1374092205334,79,1374092205462,128,320,344,216
10,78,1374092205422,78,1374092205551,129,88,89,-40
10,67,1374092205630,67,1374092205678,48,208,127,79
10,69,1374092205790,69,1374092205878,88,160,200,112
10,32,1374092205942,32,1374092206062,120,152,184,64
10,87,1374092206278,87,1374092206342,64,336,280,216
10,65,1374092206446,65,1374092206582,136,168,240,104
10,83,1374092206526,83,1374092206614,88,80,32,-56
10,32,1374092206630,32,1374092206767,137,104,153,16
10,76,1374092206886,76,1374092206958,72,256,191,119
10,79,1374092207071,79,1374092207190,119,185,232,113
10,83,1374092207238,83,1374092207438,200,167,248,48
10,84,1374092207423,84,1374092207550,127,185,112,-15
10,32,1374092207646,32,1374092207782,136,223,232,96
10,66,1374092208030,66,1374092208134,104,384,352,248
10,85,1374092208182,85,1374092208286,104,152,152,48
10,84,1374092208326,84,1374092208406,80,144,120,40
10,32,1374092208406,32,1374092208502,96,80,96,0
10,78,1374092208927,78,1374092209047,120,521,545,425
10,79,1374092208942,79,1374092209110,168,15,63,-105
10,87,1374092209086,87,1374092209230,144,144,120,-24
10,32,1374092209230,32,1374092209358,128,144,128,0
10,65,1374092209742,65,1374092209839,97,512,481,384
10,77,1374092209839,77,1374092209966,127,97,127,0
10,32,1374092209918,32,1374092210046,128,79,80,-48
10,70,1374092210182,70,1374092210302,120,264,256,136
10,79,1374092210278,79,1374092210454,176,96,152,-24
10,85,1374092210358,85,1374092210478,120,80,24,-96
10,78,1374092210582,78,1374092210686,104,224,208,104
10,68,1374092210686,68,1374092210798,112,104,112,0
10,32,1374092210822,32,1374092210910,88,136,112,24
10,188,1374092211566,188,1374092211686,120,744,776,656
10,32,1374092211654,32,1374092211766,112,88,80,-32
10,87,1374092212054,87,1374092212150,96,400,384,288
10,65,1374092212270,65,1374092212446,176,216,296,120
10,83,1374092212446,83,1374092212630,184,176,184,0
10,32,1374092212686,32,1374092212830,144,240,200,56
10,66,1374092213086,66,1374092213222,136,400,392,256
10,76,1374092213182,76,1374092213262,80,96,40,-40
10,73,1374092213366,73,1374092213494,128,184,232,104
10,78,1374092213462,78,1374092213614,152,96,120,-32
10,68,1374092213678,68,1374092213798,120,216,184,64
10,32,1374092213854,32,1374092213974,120,176,176,56
10,66,1374092214150,66,1374092214294,144,296,320,176
10,85,1374092214294,85,1374092214422,128,144,128,0
10,84,1374092214486,84,1374092214574,88,192,152,64
10,32,1374092214574,32,1374092214654,80,88,80,0
10,78,1374092214790,78,1374092214942,152,216,288,136
10,79,1374092214878,79,1374092215014,136,88,72,-64
10,87,1374092215038,87,1374092215214,176,160,200,24
10,32,1374092215326,32,1374092215462,136,288,248,112
10,16,1374092215790,16,1374092215958,168,464,496,328
10,73,1374092215886,73,1374092216006,120,96,48,-72
10,32,1374092215958,32,1374092216062,104,72,56,-48
10,83,1374092216454,83,1374092216550,96,496,488,392
10,69,1374092216638,69,1374092216694,56,184,144,88
10,69,1374092216798,69,1374092216862,64,160,168,104
10,190,1374092217038,190,1374092217166,128,240,304,176
10,32,1374092217118,32,1374092217222,104,80,56,-48
10,16,1374092217302,16,1374092217446,144,184,224,80
10,87,1374092217382,87,1374092217526,144,80,80,-64
10,72,1374092217574,72,1374092217670,96,192,144,48
10,69,1374092217670,69,1374092217790,120,96,120,0
10,78,1374092217790,78,1374092217902,112,120,112,0
10,32,1374092217846,32,1374092217942,96,56,40,-56
10,87,1374092218046,87,1374092218182,136,200,240,104
10,69,1374092218126,69,1374092218230,104,80,48,-56
10,222,1374092218711,222,1374092218831,120,585,601,481
10,66,1374092218847,66,1374092218943,96,136,112,16
10,69,1374092219135,69,1374092219303,168,288,360,192
10,8,1374092219527,8,1374092219599,72,392,296,224
10,8,1374092219695,8,1374092219838,143,168,239,96
10,66,1374092219959,66,1374092220078,119,264,240,121
10,69,1374092220198,69,1374092220294,96,239,216,120
10,32,1374092220390,32,1374092220438,48,192,144,96
10,8,1374092220615,8,1374092220678,63,225,240,177
10,8,1374092220791,8,1374092220926,135,176,248,113
10,8,1374092221046,8,1374092221110,64,255,184,120
10,86,1374092221198,86,1374092221302,104,152,192,88
10,69,1374092221414,69,1374092221542,128,216,240,112
10,32,1374092221590,32,1374092221726,136,176,184,48
10,66,1374092221942,66,1374092222078,136,352,352,216
10,69,1374092222142,69,1374092222222,80,200,144,64
10,69,1374092222326,69,1374092222414,88,184,192,104
10,78,1374092222470,78,1374092222582,112,144,168,56
10,32,1374092222566,32,1374092222678,112,96,96,-16
10,84,1374092222654,84,1374092222782,128,88,104,-24
10,72,1374092222734,72,1374092222822,88,80,40,-48
10,69,1374092222783,69,1374092222878,95,49,56,-39
10,82,1374092222879,82,1374092223046,167,96,168,1
10,69,1374092222975,69,1374092223086,111,96,40,-71
10,32,1374092223062,32,1374092223166,104,87,80,-24
10,49,1374092223910,49,1374092224046,136,848,880,744
10,48,1374092224454,48,1374092224550,96,544,504,408
10,188,1374092224798,188,1374092224942,144,344,392,248
10,48,1374092225670,48,1374092225742,72,872,800,728
10,48,1374092225854,48,1374092225918,64,184,176,112
10,48,1374092226030,48,1374092226142,112,176,224,112
10,32,1374092226254,32,1374092226374,120,224,232,112
10,89,1374092226782,89,1374092226934,152,528,560,408
10,69,1374092226910,69,1374092227070,160,128,136,-24
10,65,1374092227030,65,1374092227166,136,120,96,-40
10,82,1374092227142,82,1374092227214,72,112,48,-24
10,83,1374092227390,83,1374092227534,144,248,320,176
10,32,1374092228238,32,1374092228366,128,848,832,704
10,66,1374092228582,66,1374092228694,112,344,328,216
10,82,1374092228806,82,1374092228926,120,224,232,112
10,73,1374092228926,73,1374092229046,120,120,120,0
10,71,1374092229358,71,1374092229494,136,432,448,312
10,72,1374092229518,72,1374092229646,128,160,152,24
10,84,1374092229646,84,1374092229750,104,128,104,0
10,32,1374092229782,32,1374092229886,104,136,136,32
10,83,1374092230142,83,1374092230318,176,360,432,256
10,72,1374092230271,72,1374092230406,135,129,88,-47
10,73,1374092230438,73,1374092230550,112,167,144,32
10,78,1374092230534,78,1374092230646,112,96,96,-16
10,73,1374092231054,73,1374092231175,121,520,529,408
10,78,1374092231134,78,1374092231262,128,80,87,-41
10,71,1374092231262,71,1374092231366,104,128,104,0
10,32,1374092231390,32,1374092231502,112,128,136,24
10,65,1374092231654,65,1374092231806,152,264,304,152
10,83,1374092231758,83,1374092231862,104,104,56,-48
10,32,1374092231862,32,1374092231966,104,104,104,0
10,84,1374092231966,84,1374092232118,152,104,152,0
10,72,1374092232054,72,1374092232182,128,88,64,-64
10,69,1374092232070,69,1374092232182,112,16,0,-112
10,32,1374092232166,32,1374092232286,120,96,104,-16
10,83,1374092232566,83,1374092232734,168,400,448,280
10,85,1374092232646,85,1374092232734,88,80,0,-88
10,78,1374092232862,78,1374092232998,136,216,264,128
10,188,1374092233406,188,1374092233534,128,544,536,408
10,32,1374092233510,32,1374092233598,88,104,64,-24
10,87,1374092233806,87,1374092233958,152,296,360,208
10,69,1374092234102,69,1374092234238,136,296,280,144
10,222,1374092234526,222,1374092234646,120,424,408,288
10,86,1374092234798,86,1374092234942,144,272,296,152
10,69,1374092234998,69,1374092235062,64,200,120,56
10,32,1374092235110,32,1374092235190,80,112,128,48
10,78,1374092235326,78,1374092235510,184,216,320,136
10,79,1374092235798,79,1374092235903,105,472,393,288
10,32,1374092235951,32,1374092236055,104,153,152,48
10,76,1374092236191,76,1374092236287,96,240,232,136
10,69,1374092236340,69,1374092236431,91,149,144,53
10,83,1374092236847,83,1374092236903,56,507,472,416
10,83,1374092237015,83,1374092237094,79,168,191,112
10,32,1374092237143,32,1374092237230,87,128,136,49
10,68,1374092237318,68,1374092237470,152,175,240,88
10,65,1374092237439,65,1374092237535,96,121,65,-31
10,89,1374092237566,89,1374092237702,136,127,167,31
10,83,1374092237798,83,1374092237902,104,232,200,96
10,32,1374092237942,32,1374092238046,104,144,144,40
10,84,1374092238102,84,1374092238198,96,160,152,56
10,79,1374092238199,79,1374092238286,87,97,88,1
10,32,1374092238230,32,1374092238334,104,31,48,-56
10,83,1374092238606,83,1374092238710,104,376,376,272
10,73,1374092238711,73,1374092238822,111,105,112,1
10,78,1374092238766,78,1374092238918,152,55,96,-56
10,71,1374092238919,71,1374092238982,63,153,64,1
10,32,1374092239070,32,1374092239166,96,151,184,88
10,16,1374092239374,16,1374092239510,136,304,344,208
10,71,1374092239470,71,1374092239542,72,96,32,-40
10,79,1374092239710,79,1374092239854,144,240,312,168
10,68,1374092239990,68,1374092240119,129,280,265,136
10,222,1374092240286,222,1374092240406,120,296,287,167
10,83,1374092240446,83,1374092240518,72,160,112,40
10,32,1374092240566,32,1374092240654,88,120,136,48
10,80,1374092240790,80,1374092240902,112,224,248,136
10,82,1374092240919,82,1374092241054,135,129,152,17
10,65,1374092241094,65,1374092241174,80,175,120,40
10,73,1374092241518,73,1374092241638,120,424,464,344
10,83,1374092241662,83,1374092241814,152,144,176,24
10,32,1374092241830,32,1374092241974,144,168,160,16
10,8,1374092242382,8,1374092242470,88,552,496,408
10,69,1374092242470,69,1374092242526,56,88,56,0
10,32,1374092242598,32,1374092242702,104,128,176,72
10,84,1374092242774,84,1374092242878,104,176,176,72
10,72,1374092242878,72,1374092242974,96,104,96,0
10,69,1374092243046,69,1374092243166,120,168,192,72
10,78,1374092243166,78,1374092243278,112,120,112,0
10,32,1374092243254,32,1374092243358,104,88,80,-24
10,87,1374092243614,87,1374092243718,104,360,360,256
10,72,1374092243742,72,1374092243830,88,128,112,24
10,69,1374092243886,69,1374092243982,96,144,152,56
10,78,1374092243982,78,1374092244118,136,96,136,0
10,32,1374092244094,32,1374092244222,128,112,104,-24
10,87,1374092244318,87,1374092244478,160,224,256,96
10,69,1374092244430,69,1374092244526,96,112,48,-48
10,32,1374092244518,32,1374092244654,136,88,128,-8
10,70,1374092244766,70,1374092244870,104,248,216,112
10,73,1374092244902,73,1374092245030,128,136,160,32
10,82,1374092244982,82,1374092245078,96,80,48,-48
10,83,1374092245158,83,1374092245270,112,176,192,80
10,84,1374092245230,84,1374092245342,112,72,72,-40
10,32,1374092245342,32,1374092245470,128,112,128,0
10,66,1374092245798,66,1374092245862,64,456,392,328
10,69,1374092245958,69,1374092246046,88,160,184,96
10,71,1374092246166,71,1374092246262,96,208,216,120
10,65,1374092246694,65,1374092246790,96,528,528,432
10,78,1374092246966,78,1374092247102,136,272,312,176
10,190,1374092247382,190,1374092247502,120,416,400,280
10,32,1374092247486,32,1374092247582,96,104,80,-16
10,72,1374092294558,72,1374092294702,144,159,63,-81
10,65,1374092294750,65,1374092294878,128,192,176,48
10,76,1374092294926,76,1374092294974,48,176,96,48
10,76,1374092295078,76,1374092295190,112,152,216,104
10,69,1374092295486,69,1374092295599,113,408,409,296
10,76,1374092296038,76,1374092296166,128,552,567,439
10,85,1374092296446,85,1374092296558,112,408,392,280
10,74,1374092296750,74,1374092296870,120,304,312,192
10,65,1374092297070,65,1374092297214,144,320,344,200
10,72,1374092297214,72,1374092297326,112,144,112,0
10,32,1374092297294,32,1374092297422,128,80,96,-32
10,80,1374092297702,80,1374092297806,104,408,384,280
10,82,1374092297806,82,1374092297959,153,104,153,0
10,65,1374092297959,65,1374092298106,147,153,147,0
10,73,1374092298486,73,1374092298614,128,527,508,380
10,83,1374092298646,83,1374092298750,104,160,136,32
10,69,1374092299046,69,1374092299118,72,400,368,296
10,32,1374092299174,32,1374092299278,104,128,160,56
10,16,1374092299430,16,1374092299574,144,256,296,152
10,74,1374092299534,74,1374092299638,104,104,64,-40
10,69,1374092299894,69,1374092300014,120,360,376,256
10,72,1374092300142,72,1374092300286,144,248,272,128
10,79,1374092300310,79,1374092300454,144,168,168,24
10,86,1374092300519,86,1374092300654,135,209,200,65
10,65,1374092300654,65,1374092300782,128,135,128,0
10,72,1374092301222,72,1374092301358,136,568,576,440
10,32,1374092301350,32,1374092301478,128,128,120,-8
10,70,1374092301598,70,1374092301678,80,248,200,120
10,79,1374092301718,79,1374092301870,152,120,192,40
10,82,1374092301766,82,1374092301870,104,48,0,-104
10,77,1374092301798,77,1374092301966,168,32,96,-72
10,32,1374092301966,32,1374092302038,72,168,72,0
10,69,1374092302214,69,1374092302310,96,248,272,176
10,32,1374092302254,32,1374092302358,104,40,48,-56
10,72,1374092303302,72,1374092303422,120,1048,1064,944
10,69,1374092303422,69,1374092303526,104,120,104,0
10,65,1374092303558,65,1374092303662,104,136,136,32
10,86,1374092303950,86,1374092304038,88,392,376,288
10,69,1374092304070,69,1374092304174,104,120,136,32
10,78,1374092304214,78,1374092304342,128,144,168,40
10,83,1374092304438,83,1374092304510,72,224,168,96
10,32,1374092304566,32,1374092304670,104,128,160,56
10,80,1374092305022,80,1374092305134,112,456,464,352
10,82,1374092305102,82,1374092305254,152,80,120,-32
10,65,1374092305254,65,1374092305486,232,152,232,0
10,73,1374092305718,73,1374092305879,161,464,393,232
10,83,1374092306111,83,1374092306239,128,393,360,232
10,32,1374092306223,32,1374092306383,160,112,144,-16
10,8,1374092306663,8,1374092306751,88,440,368,280
10,69,1374092306751,69,1374092306807,56,88,56,0
10,32,1374092306863,32,1374092306967,104,112,160,56
10,72,1374092307182,72,1374092307351,169,319,384,215
10,73,1374092307294,73,1374092307438,144,112,87,-57
10,83,1374092307399,83,1374092307511,112,105,73,-39
10,32,1374092307486,32,1374092307599,113,87,88,-25
10,78,1374092307823,78,1374092307975,152,337,376,224
10,65,1374092307975,65,1374092308159,184,152,184,0
10,77,1374092308159,77,1374092308334,175,184,175,0
10,69,1374092308311,69,1374092308439,128,152,105,-23
10,190,1374092308887,190,1374092309015,128,576,576,448
10,32,1374092309038,32,1374092309135,97,151,120,23
10,16,1374092310006,16,1374092310655,649,968,1520,871
10,78,1374092310502,78,1374092310663,161,496,8,-153
10,79,1374092310663,79,1374092310790,127,161,127,0
10,87,1374092310814,87,1374092310926,112,151,136,24
10,32,1374092310927,32,1374092311070,143,113,144,1
10,16,1374092311230,16,1374092311374,144,303,304,160
10,73,1374092311294,73,1374092311422,128,64,48,-80
10,32,1374092311350,32,1374092311470,120,56,48,-72
10,76,1374092311590,76,1374092311742,152,240,272,120
10,65,1374092311742,65,1374092311870,128,152,128,0
10,89,1374092311918,89,1374092312062,144,176,192,48
10,32,1374092312038,32,1374092312158,120,120,96,-24
10,77,1374092312262,77,1374092312382,120,224,224,104
10,69,1374092312351,69,1374092312463,112,89,81,-31
10,32,1374092312463,32,1374092312574,111,112,111,0
10,68,1374092312694,68,1374092312854,160,231,280,120
10,79,1374092312790,79,1374092312942,152,96,88,-64
10,87,1374092312902,87,1374092312998,96,112,56,-40
10,78,1374092313038,78,1374092313206,168,136,208,40
10,32,1374092313150,32,1374092313278,128,112,72,-56
10,84,1374092313406,84,1374092313510,104,256,232,128
10,79,1374092313478,79,1374092313582,104,72,72,-32
10,32,1374092313526,32,1374092313646,120,48,64,-56
10,83,1374092313774,83,1374092313919,145,248,273,128
10,76,1374092313919,76,1374092314070,151,145,151,0
10,69,1374092314070,69,1374092314134,64,151,64,0
10,69,1374092314230,69,1374092314334,104,160,200,96
10,80,1374092314430,80,1374092314606,176,200,272,96
10,32,1374092314622,32,1374092314758,136,192,152,16
10,65,1374092314862,65,1374092315222,360,240,464,104
10,8,1374092315374,8,1374092315478,104,512,256,152
10,16,1374092315478,16,1374092315806,328,104,328,0
10,73,1374092315710,73,1374092315870,160,232,64,-96
10,32,1374092315870,32,1374092315983,113,160,113,0
10,80,1374092316206,80,1374092316326,120,336,343,223
10,82,1374092316334,82,1374092316526,192,128,200,8
10,65,1374092316470,65,1374092316630,160,136,104,-56
10,89,1374092316670,89,1374092316806,136,200,176,40
10,32,1374092316742,32,1374092316902,160,72,96,-64
10,84,1374092316902,84,1374092317078,176,160,176,0
10,72,1374092316982,72,1374092317110,128,80,32,-96
10,69,1374092317006,69,1374092317134,128,24,24,-104
10,32,1374092317062,32,1374092317206,144,56,72,-72
10,16,1374092317630,16,1374092317782,152,568,576,424
10,76,1374092317742,76,1374092317846,104,112,64,-40
10,79,1374092317958,79,1374092318094,136,216,248,112
10,82,1374092318062,82,1374092318190,128,104,96,-32
10,68,1374092318302,68,1374092318422,120,240,232,112
10,32,1374092318422,32,1374092318526,104,120,104,0
10,77,1374092318814,77,1374092318942,128,392,416,288
10,89,1374092319078,89,1374092319206,128,264,264,136
10,32,1374092319150,32,1374092319302,152,72,96,-56
10,83,1374092319422,83,1374092319614,192,272,312,120
10,79,1374092319526,79,1374092319694,168,104,80,-88
10,85,1374092319670,85,1374092319862,192,144,168,-24
10,76,1374092319966,76,1374092320126,160,296,264,104
10,84,1374092320126,84,1374092320214,88,160,88,0
10,32,1374092320182,32,1374092320294,112,56,80,-32
10,84,1374092320390,84,1374092320526,136,208,232,96
10,79,1374092320454,79,1374092320566,112,64,40,-72
10,32,1374092320518,32,1374092320638,120,64,72,-48
10,75,1374092321758,75,1374092321894,136,1240,1256,1120
10,69,1374092321822,69,1374092321894,72,64,0,-72
10,69,1374092321998,69,1374092322108,110,176,214,104
10,80,1374092322108,80,1374092322262,154,110,154,0
10,190,1374092322486,190,1374092322630,144,378,368,224
10,32,1374092322598,32,1374092322726,128,112,96,-32
10,16,1374092323359,16,1374092323591,232,761,865,633
10,73,1374092323479,73,1374092323615,136,120,24,-112
10,32,1374092323567,32,1374092323687,120,88,72,-48
10,80,1374092323807,80,1374092323903,96,240,216,120
10,76,1374092324007,76,1374092324111,104,200,208,104
10,69,1374092324071,69,1374092324159,88,64,48,-40
10,68,1374092324575,68,1374092324654,79,504,495,416
10,71,1374092324919,71,1374092325071,152,344,417,265
10,69,1374092325047,69,1374092325158,111,128,87,-24
10,32,1374092325215,32,1374092325327,112,168,169,57
10,65,1374092325423,65,1374092325607,184,208,280,96
10,76,1374092325607,76,1374092325670,63,184,63,0
10,76,1374092325750,76,1374092325846,96,143,176,80
10,73,1374092326126,73,1374092326254,128,376,408,280
10,71,1374092326270,71,1374092326374,104,144,120,16
10,73,1374092326519,73,1374092326646,127,249,272,145
10,8,1374092326814,8,1374092326879,65,295,233,168
10,8,1374092326974,8,1374092327046,72,160,167,95
10,8,1374092327142,8,1374092327246,104,168,200,96
10,69,1374092327246,69,1374092327326,80,104,80,0
10,71,1374092327526,71,1374092327640,114,280,314,200
10,73,1374092327710,73,1374092327854,144,184,214,70
10,78,1374092327831,78,1374092327982,151,121,128,-23
10,8,1374092328366,8,1374092328430,64,535,448,384
10,65,1374092328542,65,1374092328670,128,176,240,112
10,78,1374092328710,78,1374092328782,72,168,112,40
10,67,1374092328902,67,1374092329022,120,192,240,120
10,69,1374092329110,69,1374092329190,80,208,168,88
10,32,1374092329214,32,1374092329326,112,104,136,24
10,84,1374092329358,84,1374092329479,121,144,153,32
10,79,1374092329430,79,1374092329610,180,72,131,-49
10,32,1374092329611,32,1374092329758,147,181,148,1
10,84,1374092329686,84,1374092329886,200,75,128,-72
10,72,1374092329758,72,1374092329902,144,72,16,-128
10,69,1374092329846,69,1374092329982,136,88,80,-56
10,32,1374092330007,32,1374092330111,104,161,129,25
10,70,1374092330494,70,1374092330630,136,487,519,383
10,76,1374092330630,76,1374092330783,153,136,153,0
10,65,1374092330735,65,1374092330911,176,105,128,-48
10,70,1374092331286,70,1374092331382,96,551,471,375
10,32,1374092331398,32,1374092331534,136,112,152,16
10,32,1374092331695,32,1374092331774,79,297,240,161
10,8,1374092331990,8,1374092332062,72,295,288,216
10,8,1374092332150,8,1374092332230,80,160,168,88
10,8,1374092332318,8,1374092332406,88,168,176,88
10,8,1374092332502,8,1374092332598,96,184,192,96
10,8,1374092332702,8,1374092332814,112,200,216,104
10,71,1374092332830,71,1374092332950,120,128,136,16
10,32,1374092332950,32,1374092333078,128,120,128,0
10,79,1374092333462,79,1374092333582,120,512,504,384
10,84,1374092333550,84,1374092333614,64,88,32,-32
10,32,1374092333614,32,1374092333718,104,64,104,0
10,84,1374092333718,84,1374092333870,152,104,152,0
10,72,1374092333758,72,1374092333894,136,40,24,-112
10,69,1374092333838,69,1374092333935,97,80,41,-56
10,32,1374092333870,32,1374092334006,136,32,71,-65
10,8,1374092334398,8,1374092334454,56,528,448,392
10,8,1374092334558,8,1374092334622,64,160,168,104
10,8,1374092334727,8,1374092334798,71,169,176,105
10,8,1374092334895,8,1374092334974,79,168,176,97
10,8,1374092335070,8,1374092335158,88,175,184,96
10,8,1374092335254,8,1374092335374,120,184,216,96
10,70,1374092335502,70,1374092335582,80,248,208,128
10,32,1374092335606,32,1374092335742,136,104,160,24
10,84,1374092335742,84,1374092335902,160,136,160,0
10,72,1374092335806,72,1374092335942,136,64,40,-96
10,69,1374092335854,69,1374092335966,112,48,24,-88
10,32,1374092335942,32,1374092336078,136,88,112,-24
10,83,1374092337086,83,1374092337230,144,1144,1152,1008
10,32,1374092338022,32,1374092338174,152,936,944,792
10,65,1374092338654,65,1374092338790,136,632,616,480
10,78,1374092338790,78,1374092338942,152,136,152,0
10,68,1374092338902,68,1374092338990,88,112,48,-40
10,32,1374092339054,32,1374092339150,96,152,160,64
10,84,1374092339334,84,1374092339438,104,280,288,184
10,79,1374092339438,79,1374092339550,112,104,112,0
10,32,1374092339494,32,1374092339606,112,56,56,-56
10,84,1374092339582,84,1374092339766,184,88,160,-24
10,72,1374092339662,72,1374092339790,128,80,24,-104
10,69,1374092339710,69,1374092339814,104,48,24,-80
10,32,1374092339758,32,1374092339894,136,48,80,-56
10,82,1374092339958,82,1374092340142,184,200,248,64
10,69,1374092340070,69,1374092340174,104,112,32,-72
10,80,1374092340262,80,1374092340374,112,192,200,88
10,85,1374092340887,85,1374092340999,112,625,625,513
10,66,1374092341279,66,1374092341407,128,392,408,280
10,76,1374092341535,76,1374092341655,120,256,248,128
10,73,1374092341743,73,1374092341855,112,208,200,88
10,67,1374092341879,67,1374092342007,128,136,152,24
10,32,1374092342007,32,1374092342119,112,128,112,0
10,70,1374092342223,70,1374092342391,168,216,272,104
10,79,1374092342391,79,1374092342582,191,168,191,0
10,82,1374092342583,82,1374092342687,104,192,105,1
10,32,1374092342639,32,1374092342767,128,56,80,-48
10,87,1374092342919,87,1374092343047,128,280,280,152
10,72,1374092343047,72,1374092343230,183,128,183,0
10,73,1374092343391,73,1374092343678,287,344,448,161
10,72,1374092343623,72,1374092343799,176,232,121,-55
10,67,1374092343799,67,1374092343942,143,176,143,0
10,32,1374092343910,32,1374092344031,121,111,89,-32
10,8,1374092344686,8,1374092344750,64,776,719,655
10,8,1374092344854,8,1374092344918,64,168,168,104
10,8,1374092345031,8,1374092345126,95,177,208,113
10,67,1374092345174,67,1374092345310,136,143,184,48
10,72,1374092345270,72,1374092345366,96,96,56,-40
10,32,1374092345399,32,1374092345558,159,129,192,33
10,73,1374092345662,73,1374092345782,120,263,224,104
10,84,1374092345758,84,1374092345862,104,96,80,-24
10,32,1374092345863,32,1374092345974,111,105,112,1
10,83,1374092346094,83,1374092346255,161,231,281,120
10,84,1374092346438,84,1374092346598,160,344,343,183
10,65,1374092346599,65,1374092346750,151,161,152,1
10,78,1374092346806,78,1374092346934,128,207,184,56
10,68,1374092346998,68,1374092347078,80,192,144,64
10,83,1374092347238,83,1374092347310,72,240,232,160
10,188,1374092347966,188,1374092348118,152,728,808,656
10,32,1374092348102,32,1374092348238,136,136,120,-16
10,79,1374092348407,79,1374092348542,135,305,304,169
10,78,1374092348454,78,1374092348614,160,47,72,-88
10,69,1374092348574,69,1374092348670,96,120,56,-40
10,32,1374092348670,32,1374092348758,88,96,88,0
10,78,1374092348910,78,1374092349039,129,240,281,152
10,65,1374092348966,65,1374092349150,184,56,111,-73
10,84,1374092349118,84,1374092349230,112,152,80,-32
10,73,1374092349230,73,1374092349390,160,112,160,0
10,79,1374092349278,79,1374092349430,152,48,40,-112
10,78,1374092349350,78,1374092349518,168,72,88,-80
10,32,1374092349454,32,1374092349605,151,104,87,-64
10,85,1374092350038,85,1374092350126,88,584,521,433
10,78,1374092350230,78,1374092350326,96,192,200,104
10,68,1374092350334,68,1374092350414,80,104,88,8
10,69,1374092350518,69,1374092350646,128,184,232,104
10,82,1374092350598,82,1374092350726,128,80,80,-48
10,32,1374092350782,32,1374092350926,144,184,200,56
10,16,1374092351302,16,1374092351422,120,520,496,376
10,71,1374092351390,71,1374092351478,88,88,56,-32
10,79,1374092351566,79,1374092351678,112,176,200,88
10,68,1374092351702,68,1374092351798,96,136,120,24
10,32,1374092351870,32,1374092351982,112,168,184,72
10,87,1374092352062,87,1374092352158,96,192,176,80
10,73,1374092352110,73,1374092352270,160,48,112,-48
10,84,1374092352246,84,1374092352318,72,136,48,-24
10,72,1374092352318,72,1374092352446,128,72,128,0
10,78,1374092481815,78,1374092481983,168,120,112,-56
10,71,1374092482015,71,1374092482175,160,200,192,32
10,32,1374092482223,32,1374092482358,135,208,183,48
10,65,1374092482479,65,1374092482679,200,256,321,121
10,83,1374092482567,83,1374092482702,135,88,23,-112
10,32,1374092482695,32,1374092482807,112,128,105,-7
10,16,1374092482991,16,1374092483142,151,296,335,184
10,73,1374092483047,73,1374092483167,120,56,25,-95
10,32,1374092483111,32,1374092483238,127,64,71,-56
10,82,1374092483447,82,1374092483646,199,336,408,209
10,69,1374092483527,69,1374092483687,160,80,41,-119
10,77,1374092483687,77,1374092483774,87,160,87,0
10,77,1374092483887,77,1374092483990,103,200,216,113
10,8,1374092484574,8,1374092484742,168,687,752,584
10,69,1374092484974,69,1374092485166,192,400,424,232
10,77,1374092485510,77,1374092485702,192,536,536,344
10,66,1374092485982,66,1374092486126,144,472,424,280
10,69,1374092486198,69,1374092486350,152,216,224,72
10,82,1374092486278,82,1374092486423,145,80,73,-72
10,32,1374092486423,32,1374092486574,151,145,151,0
10,84,1374092486998,84,1374092487182,184,575,608,424
10,72,1374092487086,72,1374092487214,128,88,32,-96
10,69,1374092487183,69,1374092487334,151,97,120,-31
10,32,1374092487246,32,1374092487390,144,63,56,-88
10,82,1374092487622,82,1374092487862,240,376,472,232
10,65,1374092487790,65,1374092487934,144,168,72,-72
10,73,1374092487990,73,1374092488166,176,200,232,56
10,78,1374092488062,78,1374092488239,177,72,73,-104
10,83,1374092488726,83,1374092488918,192,664,679,487
10,32,1374092488950,32,1374092489118,168,224,200,32
10,66,1374092489558,66,1374092489678,120,608,560,440
10,69,1374092489774,69,1374092489838,64,216,160,96
10,69,1374092489942,69,1374092490022,80,168,184,104
10,78,1374092490230,78,1374092490374,144,288,352,208
10,32,1374092490302,32,1374092490438,136,72,64,-72
10,80,1374092490630,80,1374092490766,136,328,328,192
10,79,1374092491566,79,1374092491718,152,936,952,800
10,85,1374092492334,85,1374092492462,128,768,744,616
10,82,1374092492902,82,1374092493038,136,568,576,440
10,73,1374092493038,73,1374092493182,144,136,144,0
10,78,1374092493102,78,1374092493286,184,64,104,-80
10,71,1374092493542,71,1374092493702,160,440,416,256
10,32,1374092493702,32,1374092493846,144,160,144,0
10,68,1374092494086,68,1374092494262,176,384,416,240
10,79,1374092494190,79,1374092494366,176,104,104,-72
10,87,1374092494310,87,1374092494430,120,120,64,-56
10,78,1374092494694,78,1374092494878,184,384,448,264
10,190,1374092495006,190,1374092495174,168,312,296,128
10,32,1374092495158,32,1374092495278,120,152,104,-16
10,16,1374092496126,16,1374092496726,600,968,1448,848
10,76,1374092496622,76,1374092496758,136,496,32,-104
10,73,1374092497262,73,1374092497406,144,640,648,504
10,86,1374092497406,86,1374092497566,160,144,160,0
10,69,1374092497566,69,1374092497686,120,160,120,0
10,32,1374092497686,32,1374092497806,120,120,120,0
10,8,1374092498935,8,1374092498991,56,1249,1185,1129
10,8,1374092499087,8,1374092499159,72,152,168,96
10,8,1374092499263,8,1374092499335,72,176,176,104
10,8,1374092499439,8,1374092499543,104,176,208,104
10,79,1374092499695,79,1374092499823,128,256,280,152
10,84,1374092499823,84,1374092499935,112,128,112,0
10,32,1374092500031,32,1374092500175,144,208,240,96
10,8,1374092500336,8,1374092500431,95,305,256,161
10,83,1374092500431,83,1374092500535,104,95,104,0
10,32,1374092500535,32,1374092500647,112,104,112,0
10,70,1374092500695,70,1374092500783,88,160,136,48
10,73,1374092500831,73,1374092500983,152,136,200,48
10,70,1374092500943,70,1374092501079,136,112,96,-40
10,32,1374092501119,32,1374092501206,87,176,127,40
10,67,1374092502134,67,1374092502278,144,1015,1072,928
10,79,1374092502182,79,1374092502342,160,48,64,-96
10,85,1374092502279,85,1374092502454,175,97,112,-63
10,70,1374092502942,70,1374092503007,65,663,553,488
10,8,1374092503182,8,1374092503246,64,240,239,175
10,8,1374092503334,8,1374092503446,112,152,200,88
10,70,1374092503447,70,1374092503542,95,113,96,1
10,78,1374092503614,78,1374092503686,72,167,144,72
10,8,1374092504230,8,1374092504311,81,616,625,544
10,85,1374092504471,85,1374092504574,103,241,263,160
10,70,1374092504638,70,1374092504766,128,167,192,64
10,83,1374092504918,83,1374092505094,176,280,328,152
10,78,1374092505095,78,1374092505262,167,177,168,1
10,32,1374092505191,32,1374092505318,127,96,56,-71
10,65,1374092506158,65,1374092506318,160,967,1000,840
10,76,1374092506246,76,1374092506318,72,88,0,-72
10,76,1374092506398,76,1374092506518,120,152,200,80
10,32,1374092506454,32,1374092506590,136,56,72,-64
10,65,1374092506709,65,1374092506918,209,255,328,119
10,82,1374092506894,82,1374092507118,224,185,200,-24
10,69,1374092506990,69,1374092507158,168,96,40,-128
10,8,1374092507574,8,1374092507654,80,584,496,416
10,79,1374092507806,79,1374092507982,176,232,328,152
10,85,1374092507894,85,1374092508030,136,88,48,-88
10,78,1374092508143,78,1374092508254,111,249,224,113
10,68,1374092508254,68,1374092508406,152,111,152,0
10,188,1374092508902,188,1374092508974,72,648,568,496
10,32,1374092508934,32,1374092509094,160,32,120,-40
10,84,1374092509222,84,1374092509374,152,288,280,128
10,72,1374092509278,72,1374092509414,136,56,40,-96
10,69,1374092509374,69,1374092509479,105,96,65,-40
10,82,1374092509518,82,1374092509670,152,144,191,39
10,69,1374092509598,69,1374092509726,128,80,56,-72
10,222,1374092510294,222,1374092510422,128,696,696,568
10,83,1374092510422,83,1374092510550,128,128,128,0
10,32,1374092510550,32,1374092510638,88,128,88,0
10,78,1374092510774,78,1374092510918,144,224,280,136
10,79,1374092510838,79,1374092510999,161,64,81,-80
10,84,1374092511038,84,1374092511166,128,200,167,39
10,8,1374092511550,8,1374092511646,96,512,480,384
10,32,1374092511750,32,1374092511894,144,200,248,104
10,65,1374092511966,65,1374092512086,120,216,192,72
10,85,1374092512086,85,1374092512206,120,120,120,0
10,84,1374092512206,84,1374092512310,104,120,104,0
10,79,1374092513046,79,1374092513199,153,840,889,736
10,67,1374092513318,67,1374092513502,184,272,303,119
10,79,1374092513814,79,1374092513966,152,496,464,312
10,82,1374092513966,82,1374092514030,64,152,64,0
10,82,1374092514118,82,1374092514206,88,152,176,88
10,69,1374092514294,69,1374092514390,96,176,184,88
10,67,1374092514566,67,1374092514654,88,272,264,176
10,84,1374092514774,84,1374092514870,96,208,216,120
10,32,1374092514862,32,1374092515022,160,88,152,-8
10,79,1374092515406,79,1374092515558,152,544,536,384
10,78,1374092515462,78,1374092515599,137,56,41,-96
10,32,1374092515558,32,1374092515679,121,96,80,-41
10,84,1374092515655,84,1374092515775,120,97,96,-24
10,72,1374092515775,72,1374092515895,120,120,120,0
10,69,1374092515823,69,1374092515959,136,48,64,-72
10,8,1374092516751,8,1374092516839,88,928,880,792
10,73,1374092516991,73,1374092517071,80,240,232,152
10,83,1374092517071,83,1374092517175,104,80,104,0
10,32,1374092517151,32,1374092517255,104,80,80,-24
10,84,1374092517287,84,1374092517391,104,136,136,32
10,72,1374092517359,72,1374092517518,159,72,127,-32
10,73,1374092517479,73,1374092517670,191,120,152,-39
10,78,1374092517639,78,1374092517815,176,160,145,-31
10,71,1374092517910,71,1374092518118,208,271,303,95
10,32,1374092518158,32,1374092518286,128,248,168,40
10,68,1374092518687,68,1374092518871,184,529,585,401
10,65,1374092518806,65,1374092518919,113,119,48,-65
10,78,1374092518902,78,1374092519030,128,96,111,-17
10,71,1374092519070,71,1374092519206,136,168,176,40
10,73,1374092519582,73,1374092519742,160,512,536,376
10,84,1374092519774,84,1374092519894,120,192,152,32
10,49,1374092520454,49,1374092520670,216,680,776,560
10,49,1374092520622,49,1374092520831,209,168,161,-48
10,49,1374092520774,49,1374092520990,216,152,159,-57
10,32,1374092521622,32,1374092521774,152,848,784,632
10,16,1374092522086,16,1374092522294,208,464,520,312
10,74,1374092522190,74,1374092522374,184,104,80,-104
10,79,1374092522350,79,1374092522494,144,160,120,-24
10,83,1374092522495,83,1374092522646,151,145,152,1
10,69,1374092523030,69,1374092523174,144,535,528,384
10,80,1374092523518,80,1374092523686,168,488,512,344
10,72,1374092523686,72,1374092523854,168,168,168,0
10,32,1374092524238,32,1374092524390,152,552,536,384
10,68,1374092524478,68,1374092524654,176,240,264,88
10,69,1374092524958,69,1374092525070,112,480,416,304
10,70,1374092525150,70,1374092525254,104,192,184,80
10,73,1374092525326,73,1374092525454,128,176,200,72
10,78,1374092525454,78,1374092525566,112,128,112,0
10,69,1374092526207,69,1374092526302,95,753,736,641
10,84,1374092526454,84,1374092526590,136,247,288,152
10,73,1374092526590,73,1374092526742,152,136,152,0
10,8,1374092527062,8,1374092527118,56,472,376,320
10,8,1374092527222,8,1374092527286,64,160,168,104
10,8,1374092527374,8,1374092527438,64,152,152,88
10,73,1374092527566,73,1374092527678,112,192,240,128
10,84,1374092527654,84,1374092527750,96,88,72,-24
10,69,1374092527854,69,1374092527990,136,200,240,104
10,76,1374092527966,76,1374092528094,128,112,104,-24
10,89,1374092528142,89,1374092528310,168,176,216,48
10,32,1374092528286,32,1374092528414,128,144,104,-24
10,68,1374092528606,68,1374092528686,80,320,272,192
10,73,1374092528686,73,1374092528766,80,80,80,0
10,68,1374092528798,68,1374092528878,80,112,112,32
10,32,1374092528934,32,1374092529102,168,136,224,56
10,78,1374092529206,78,1374092529414,208,272,312,104
10,79,1374092529382,79,1374092529558,176,176,144,-32
10,84,1374092529662,84,1374092529766,104,280,208,104
10,32,1374092529766,32,1374092529886,120,104,120,0
10,68,1374092530014,68,1374092530126,112,248,240,128
10,82,1374092530182,82,1374092530342,160,168,216,56
10,69,1374092530278,69,1374092530430,152,96,88,-64
10,8,1374092530896,8,1374092530990,94,618,560,466
10,87,1374092530950,87,1374092531070,120,54,80,-40
10,65,1374092531166,65,1374092531294,128,216,224,96
10,32,1374092531294,32,1374092531406,112,128,112,0
10,84,1374092531430,84,1374092531600,170,136,194,24
10,69,1374092531566,69,1374092531686,120,136,86,-34
10,72,1374092531600,72,1374092531734,134,34,48,-86
10,32,1374092531686,32,1374092531822,136,86,88,-48
10,67,1374092532358,67,1374092532510,152,672,688,536
10,65,1374092532486,65,1374092532630,144,128,120,-24
10,78,1374092532662,78,1374092532830,168,176,200,32
10,32,1374092532862,32,1374092533014,152,200,184,32
10,8,1374092533391,8,1374092533463,72,529,449,377
10,8,1374092533559,8,1374092533663,104,168,200,96
10,84,1374092533663,84,1374092533783,120,104,120,0
10,32,1374092533775,32,1374092533919,144,112,136,-8
10,79,1374092533975,79,1374092534119,144,200,200,56
10,78,1374092534039,78,1374092534159,120,64,40,-80
10,32,1374092534119,32,1374092534231,112,80,72,-40
10,84,1374092534231,84,1374092534359,128,112,128,0
10,32,1374092534407,32,1374092534559,152,176,200,48
10,66,1374092534751,66,1374092534887,136,344,328,192
10,79,1374092534927,79,1374092535087,160,176,200,40
10,65,1374092535039,65,1374092535183,144,112,96,-48
10,82,1374092535183,82,1374092535279,96,144,96,0
10,68,1374092535439,68,1374092535551,112,256,272,160
10,188,1374092535943,188,1374092536071,128,504,520,392
10,32,1374092536039,32,1374092536166,127,96,95,-32
10,83,1374092536391,83,1374092536519,128,352,353,225
10,79,1374092536495,79,1374092536623,128,104,104,-24
10,32,1374092536543,32,1374092536695,152,48,72,-80
10,87,1374092536878,87,1374092537022,144,335,327,183
10,72,1374092537055,72,1374092537199,144,177,177,33
10,65,1374092537142,65,1374092537294,152,87,95,-57
10,84,1374092537262,84,1374092537390,128,120,96,-32
10,32,1374092537430,32,1374092537558,128,168,168,40
10,73,1374092537990,73,1374092538134,144,560,576,432
10,69,1374092538095,69,1374092538174,79,105,40,-39
10,83,1374092538310,83,1374092538430,120,215,256,136
10,8,1374092538702,8,1374092538758,56,392,328,272
10,8,1374092539326,8,1374092539374,48,624,616,568
10,8,1374092539494,8,1374092539558,64,168,184,120
10,69,1374092539590,69,1374092539694,104,96,136,32
10,76,1374092539742,76,1374092539871,129,152,177,48
10,83,1374092539871,83,1374092539958,87,129,87,0
10,69,1374092539990,69,1374092540118,128,119,160,32
10,32,1374092540150,32,1374092540270,120,160,152,32
10,73,1374092540334,73,1374092540438,104,184,168,64
10,83,1374092540422,83,1374092540534,112,88,96,-16
10,32,1374092540535,32,1374092540662,127,113,128,1
10,71,1374092540806,71,1374092540942,136,271,280,144
10,79,1374092540910,79,1374092541102,192,104,160,-32
10,73,1374092540966,73,1374092541214,248,56,112,-136
10,78,1374092541086,78,1374092541214,128,120,0,-128
10,71,1374092541214,71,1374092541295,81,128,81,0
10,32,1374092541295,32,1374092541430,135,81,135,0
10,79,1374092541550,79,1374092541734,184,255,304,120
10,78,1374092541646,78,1374092541806,160,96,72,-88
10,69,1374092541886,69,1374092541998,112,240,192,80
10,32,1374092542022,32,1374092542134,112,136,136,24
10,83,1374092542879,83,1374092542950,71,857,816,745
10,73,1374092542982,73,1374092543134,152,103,184,32
10,88,1374092543094,88,1374092543190,96,112,56,-40
10,84,1374092543254,84,1374092543374,120,160,184,64
10,32,1374092543414,32,1374092543590,176,160,216,40
10,8,1374092544342,8,1374092544438,96,928,848,752
10,89,1374092544542,89,1374092544670,128,200,232,104
10,32,1374092544662,32,1374092544806,144,120,136,-8
10,88,1374092544878,88,1374092545022,144,216,216,72
10,69,1374092545054,69,1374092545134,80,176,112,32
10,88,1374092545390,88,1374092545518,128,336,384,256
10,8,1374092545662,8,1374092545742,80,272,224,144
10,8,1374092545846,8,1374092545918,72,184,176,104
10,83,1374092545990,83,1374092546078,88,144,160,72
10,8,1374092546022,8,1374092546134,112,32,56,-56
10,83,1374092546190,83,1374092546302,112,168,168,56
10,8,1374092546670,8,1374092546718,48,480,416,368
10,8,1374092546838,8,1374092546910,72,168,192,120
10,83,1374092546910,83,1374092547094,184,72,184,0
10,69,1374092547030,69,1374092547118,88,120,24,-64
10,67,1374092547342,67,1374092547558,216,312,440,224
10,79,1374092548110,79,1374092548230,120,768,672,552
10,78,1374092548294,78,1374092548406,112,184,176,64
10,68,1374092548374,68,1374092548454,80,80,48,-32
10,83,1374092548678,83,1374092548878,200,304,424,224
10,32,1374092548966,32,1374092549110,144,288,232,88
10,73,1374092549142,73,1374092549294,152,176,184,32
10,83,1374092549270,83,1374092549390,120,128,96,-24
10,32,1374092549390,32,1374092549502,112,120,112,0
10,85,1374092549558,85,1374092549718,160,168,216,56
10,80,1374092549654,80,1374092549782,128,96,64,-64
10,190,1374092549926,190,1374092549982,56,272,200,144
10,68,1374092634638,68,1374092634814,176,160,0,-176
10,65,1374092634822,65,1374092634950,128,184,136,8
10,82,1374092634974,82,1374092635086,112,152,136,24
10,75,1374092635406,75,1374092635542,136,432,456,320
10,32,1374092635526,32,1374092635686,160,120,144,-16
10,79,1374092635662,79,1374092635774,112,136,88,-24
10,70,1374092635758,70,1374092635830,72,96,56,-16
10,32,1374092635814,32,1374092635910,96,56,80,-16
10,84,1374092635934,84,1374092636070,136,120,160,24
10,72,1374092635950,72,1374092636070,120,16,0,-120
10,69,1374092636022,69,1374092636126,104,72,56,-48
10,32,1374092636094,32,1374092636182,88,72,56,-32
10,77,1374092636278,77,1374092636406,128,184,224,96
10,79,1374092636406,79,1374092636590,184,128,184,0
10,78,1374092636542,78,1374092636718,176,136,128,-48
10,8,1374092636950,8,1374092637046,96,408,328,232
10,78,1374092637254,78,1374092637446,192,304,400,208
10,32,1374092637366,32,1374092637494,128,112,48,-80
10,8,1374092637910,8,1374092637983,73,544,489,416
10,8,1374092638071,8,1374092638143,72,161,160,88
10,79,1374092638295,79,1374092638519,224,224,376,152
10,78,1374092638439,78,1374092638575,136,144,56,-80
10,32,1374092638551,32,1374092638679,128,112,104,-24
10,79,1374092638759,79,1374092638887,128,208,208,80
10,78,1374092638855,78,1374092638943,88,96,56,-32
10,32,1374092638919,32,1374092639023,104,64,80,-24
10,84,1374092639311,84,1374092639479,168,392,456,288
10,72,1374092639407,72,1374092639503,96,96,24,-72
10,69,1374092639439,69,1374092639583,144,32,80,-64
10,32,1374092639479,32,1374092639647,168,40,64,-104
10,83,1374092640063,83,1374092640231,168,584,584,416
10,84,1374092640263,84,1374092640383,120,200,152,32
10,73,1374092640407,73,1374092640527,120,144,144,24
10,88,1374092640567,88,1374092640671,104,160,144,40
10,8,1374092641174,8,1374092641231,57,607,560,503
10,8,1374092641334,8,1374092641414,80,160,183,103
10,73,1374092641543,73,1374092641639,96,209,225,129
10,88,1374092641647,88,1374092641799,152,104,160,8
10,8,1374092641959,8,1374092642006,47,312,207,160
10,8,1374092642118,8,1374092642175,57,159,169,112
10,8,1374092642286,8,1374092642350,64,168,175,111
10,73,1374092642486,73,1374092642598,112,200,248,136
10,88,1374092642862,88,1374092642998,136,376,400,264
10,84,1374092643094,84,1374092643230,136,232,232,96
10,72,1374092643286,72,1374092643430,144,192,200,56
10,69,1374092643526,69,1374092643654,128,240,224,96
10,32,1374092643630,32,1374092643734,104,104,80,-24
10,79,1374092643790,79,1374092643910,120,160,176,56
10,70,1374092643942,70,1374092644054,112,152,144,32
10,32,1374092644102,32,1374092644198,96,160,144,48
10,16,1374092644286,16,1374092644558,272,184,360,88
10,74,1374092644446,74,1374092644590,144,160,32,-112
10,79,1374092644670,79,1374092644718,48,224,128,80
10,85,1374092644863,85,1374092644958,95,193,240,145
10,8,1374092645391,8,1374092645446,55,528,488,433
10,8,1374092645550,8,1374092645646,96,159,200,104
10,85,1374092645775,85,1374092645870,95,225,224,129
10,78,1374092645998,78,1374092646086,88,223,216,128
10,69,1374092646294,69,1374092646415,121,296,329,208
10,32,1374092646438,32,1374092646550,112,144,135,23
10,73,1374092646630,73,1374092646750,120,192,200,80
10,78,1374092646670,78,1374092646790,120,40,40,-80
10,32,1374092646750,32,1374092646854,104,80,64,-40
10,65,1374092646935,65,1374092647047,112,185,193,81
10,32,1374092647022,32,1374092647111,89,87,64,-25
10,16,1374092647390,16,1374092647502,112,368,391,279
10,75,1374092647438,75,1374092647574,136,48,72,-64
10,69,1374092647574,69,1374092647694,120,136,120,0
10,78,1374092647662,78,1374092647766,104,88,72,-32
10,87,1374092647886,87,1374092647990,104,224,224,120
10,79,1374092648006,79,1374092648094,88,120,104,16
10,82,1374092648102,82,1374092648190,88,96,96,8
10,75,1374092648254,75,1374092648366,112,152,176,64
10,8,1374092648574,8,1374092648686,112,320,320,208
10,84,1374092648702,84,1374092648814,112,128,128,16
10,72,1374092648814,72,1374092648942,128,112,128,0
10,32,1374092648910,32,1374092649054,144,96,112,-32
10,80,1374092649614,80,1374092649726,112,704,672,560
10,85,1374092649790,85,1374092649918,128,176,192,64
10,76,1374092650262,76,1374092650334,72,472,416,344
10,76,1374092650414,76,1374092650518,104,152,184,80
10,73,1374092650590,73,1374092650710,120,176,192,72
10,78,1374092650686,78,1374092650782,96,96,72,-24
10,71,1374092650822,71,1374092650910,88,136,128,40
10,32,1374092651030,32,1374092651126,96,208,216,120
10,76,1374092651382,76,1374092651454,72,352,328,256
10,79,1374092651550,79,1374092651678,128,168,224,96
10,71,1374092651678,71,1374092651782,104,128,104,0
10,83,1374092652142,83,1374092652238,96,464,456,360
10,188,1374092652342,188,1374092652478,136,200,240,104
10,32,1374092652430,32,1374092652582,152,88,104,-48
10,16,1374092652702,16,1374092652926,224,272,344,120
10,67,1374092652830,67,1374092652958,128,128,32,-96
10,65,1374092652982,65,1374092653070,88,152,112,24
10,66,1374092653646,66,1374092653766,120,664,696,576
10,8,1374092654367,8,1374092654446,79,721,680,601
10,8,1374092654534,8,1374092654630,96,167,184,88
10,32,1374092654694,32,1374092654878,184,160,248,64
10,86,1374092654902,86,1374092655022,120,208,144,24
10,69,1374092655046,69,1374092655174,128,144,152,24
10,82,1374092655134,82,1374092655246,112,88,72,-40
10,32,1374092655214,32,1374092655310,96,80,64,-32
10,8,1374092655454,8,1374092655519,65,240,209,144
10,8,1374092655623,8,1374092655679,56,169,160,104
10,8,1374092655775,8,1374092655847,72,152,168,96
10,8,1374092655943,8,1374092656015,72,168,168,96
10,8,1374092656127,8,1374092656231,104,184,216,112
10,86,1374092656231,86,1374092656343,112,104,112,0
10,69,1374092656343,69,1374092656551,208,112,208,0
10,82,1374092656511,82,1374092656663,152,168,112,-40
10,32,1374092656743,32,1374092656895,152,232,232,80
10,80,1374092657079,80,1374092657303,224,336,408,184
10,69,1374092657751,69,1374092657832,81,672,529,448
10,84,1374092657927,84,1374092658055,128,176,223,95
10,69,1374092658279,69,1374092658367,88,352,312,224
10,32,1374092658431,32,1374092658567,136,152,200,64
10,87,1374092658775,87,1374092658902,127,344,335,208
10,73,1374092658879,73,1374092659006,127,104,104,-23
10,32,1374092659134,32,1374092659222,88,255,216,128
10,65,1374092659535,65,1374092659670,135,401,448,313
10,32,1374092659639,32,1374092659758,119,104,88,-31
10,82,1374092659950,82,1374092660150,200,311,392,192
10,69,1374092660070,69,1374092660214,144,120,64,-80
10,70,1374092660439,70,1374092660598,159,369,384,225
10,69,1374092660599,69,1374092660743,144,160,145,1
10,82,1374092660702,82,1374092660814,112,103,71,-41
10,32,1374092660878,32,1374092661079,201,176,265,64
10,79,1374092661134,79,1374092661286,152,256,207,55
10,78,1374092661190,78,1374092661374,184,56,88,-96
10,32,1374092661287,32,1374092661446,159,97,72,-87
10,73,1374092661630,73,1374092661774,144,343,328,184
10,78,1374092661670,78,1374092661830,160,40,56,-104
10,32,1374092661766,32,1374092661886,120,96,56,-64
10,65,1374092661934,65,1374092662079,145,168,193,48
10,32,1374092662030,32,1374092662142,112,96,63,-49
10,73,1374092664238,73,1374092664366,128,2208,2224,2096
10,77,1374092664462,77,1374092664510,48,224,144,96
10,77,1374092664598,77,1374092664638,40,136,128,88
10,89,1374092664774,89,1374092664903,129,176,265,136
10,32,1374092664903,32,1374092665046,143,129,143,0
10,72,1374092665390,72,1374092665518,128,487,472,344
10,65,1374092665590,65,1374092665726,136,200,208,72
10,85,1374092665654,85,1374092665838,184,64,112,-72
10,76,1374092666238,76,1374092666366,128,584,528,400
10,73,1374092666366,73,1374092666502,136,128,136,0
10,78,1374092666422,78,1374092666542,120,56,40,-80
10,71,1374092666542,71,1374092666646,104,120,104,0
10,32,1374092666646,32,1374092666742,96,104,96,0
10,72,1374092667326,72,1374092667502,176,680,760,584
10,79,1374092667742,79,1374092667934,192,416,432,240
10,71,1374092667934,71,1374092668062,128,192,128,0
10,83,1374092668278,83,1374092668446,168,344,384,216
10,190,1374092668758,190,1374092668894,136,480,448,312
10,32,1374092668870,32,1374092668998,128,112,104,-24
10,16,1374092669070,16,1374092669214,144,200,216,72
10,87,1374092669134,87,1374092669286,152,64,72,-80
10,69,1374092669246,69,1374092669366,120,112,80,-40
10,32,1374092669390,32,1374092669534,144,144,168,24
10,87,1374092669606,87,1374092669742,136,216,208,72
10,65,1374092670054,65,1374092670350,296,448,608,312
10,83,1374092670254,83,1374092670414,160,200,64,-96
10,32,1374092670414,32,1374092670582,168,160,168,0
10,72,1374092670662,72,1374092670806,144,248,224,80
10,69,1374092670806,69,1374092670926,120,144,120,0
10,65,1374092671014,65,1374092671158,144,208,232,88
10,68,1374092671246,68,1374092671326,80,232,168,88
10,69,1374092671430,69,1374092671494,64,184,168,104
10,68,1374092671590,68,1374092671686,96,160,192,96
10,32,1374092671726,32,1374092671838,112,136,152,40
10,70,1374092671878,70,1374092671974,96,152,136,40
10,79,1374092671998,79,1374092672134,136,120,160,24
10,8,1374092672710,8,1374092672782,72,712,648,576
10,8,1374092672878,8,1374092672991,113,168,209,96
10,82,1374092672967,82,1374092673095,128,89,104,-24
10,32,1374092673095,32,1374092673207,112,128,112,0
10,66,1374092673343,66,1374092673431,88,248,224,136
10,69,1374092673503,69,1374092673615,112,160,184,72
10,65,1374092673647,65,1374092673743,96,144,128,32
10,82,1374092674408,82,1374092674527,119,761,784,665
10,32,1374092674575,32,1374092674751,176,167,224,48
10,79,1374092675303,79,1374092675447,144,728,696,552
10,78,1374092675375,78,1374092675503,128,72,56,-72
10,32,1374092675447,32,1374092675607,160,72,104,-56
10,16,1374092675863,16,1374092676183,320,416,576,256
10,73,1374092676031,73,1374092676183,152,168,0,-152
10,189,1374092676753,189,1374092676887,134,722,704,570
10,49,1374092677519,49,1374092677702,183,766,815,632
10,48,1374092677798,48,1374092677950,152,279,248,96
10,32,1374092677894,32,1374092678030,136,96,80,-56
10,66,1374092679022,66,1374092679158,136,1128,1128,992
10,79,1374092679159,79,1374092679303,144,137,145,1
10,85,1374092679230,85,1374092679343,113,71,40,-73
10,84,1374092679343,84,1374092679438,95,113,95,0
10,32,1374092679494,32,1374092679598,104,151,160,56
10,65,1374092679687,65,1374092679806,119,193,208,89
10,32,1374092679750,32,1374092679870,120,63,64,-56
10,77,1374092680126,77,1374092680278,152,376,408,256
10,73,1374092680302,73,1374092680422,120,176,144,24
10,76,1374092680574,76,1374092680734,160,272,312,152
10,69,1374092680958,69,1374092681038,80,384,304,224
10,32,1374092681086,32,1374092681214,128,128,176,48
10,79,1374092681263,79,1374092681406,143,177,192,49
10,85,1374092681366,85,1374092681486,120,103,80,-40
10,84,1374092681486,84,1374092681574,88,120,88,0
10,84,1374092681742,84,1374092681830,88,256,256,168
10,32,1374092682182,32,1374092682286,104,440,456,352
10,8,1374092682502,8,1374092682582,80,320,296,216
10,65,1374092682582,65,1374092682686,104,80,104,0
10,32,1374092682678,32,1374092682774,96,96,88,-8
10,83,1374092683070,83,1374092683182,112,392,408,296
10,72,1374092683174,72,1374092683302,128,104,120,-8
10,65,1374092683334,65,1374092683430,96,160,128,32
10,75,1374092683470,75,1374092683614,144,136,184,40
10,69,1374092683638,69,1374092683774,136,168,160,24
10,89,1374092683830,89,1374092683990,160,192,216,56
10,32,1374092683926,32,1374092684070,144,96,80,-64
10,84,1374092684974,84,1374092685094,120,1048,1024,904
10,79,1374092685118,79,1374092685294,176,144,200,24
10,87,1374092685278,87,1374092685438,160,160,144,-16
10,78,1374092685814,78,1374092685950,136,536,512,376
10,190,1374092686270,190,1374092686414,144,456,464,320
10,32,1374092686718,32,1374092686870,152,448,456,304
10,16,1374092687158,16,1374092687286,128,440,416,288
10,73,1374092687230,73,1374092687374,144,72,88,-56
10,32,1374092687310,32,1374092687414,104,80,40,-64
10,83,1374092687510,83,1374092687710,200,200,296,96
10,65,1374092687862,65,1374092688078,216,352,368,152
10,73,1374092688174,73,1374092688326,152,312,248,96
10,68,1374092688326,68,1374092688439,113,152,113,0
10,32,1374092688431,32,1374092688542,111,105,103,-8
10,80,1374092688678,80,1374092688814,136,247,272,136
10,73,1374092688902,73,1374092689054,152,224,240,88
10,71,1374092689318,71,1374092689454,136,416,400,264
10,32,1374092689590,32,1374092689758,168,272,304,136
10,80,1374092689894,80,1374092689998,104,304,240,136
10,69,1374092690006,69,1374092690134,128,112,136,8
10,78,1374092690206,78,1374092690382,176,200,248,72
10,32,1374092690350,32,1374092690487,137,144,105,-32
10,84,1374092690487,84,1374092690615,128,137,128,0
10,72,1374092690551,72,1374092690711,160,64,96,-64
10,73,1374092690687,73,1374092690847,160,136,136,-24
10,83,1374092690848,83,1374092690999,151,161,152,1
10,32,1374092690951,32,1374092691047,96,103,48,-48
10,72,1374092691407,72,1374092691559,152,456,512,360
10,69,1374092691511,69,1374092691647,136,104,88,-48
10,82,1374092692279,82,1374092692471,192,768,824,632
10,69,1374092692399,69,1374092692527,128,120,56,-72
10,32,1374092692615,32,1374092692727,112,216,200,88
10,8,1374092693151,8,1374092693239,88,536,512,424
10,83,1374092693239,83,1374092693351,112,88,112,0
10,32,1374092693327,32,1374092693455,128,88,104,-24
10,84,1374092694007,84,1374092694183,176,680,728,552
10,72,1374092694135,72,1374092694279,144,128,96,-48
10,69,1374092694183,69,1374092694302,119,48,23,-96
10,32,1374092694279,32,1374092694407,128,96,105,-23
10,82,1374092694791,82,1374092694910,119,512,503,384
10,85,1374092694927,85,1374092695030,103,136,120,17
10,66,1374092695159,66,1374092695230,71,232,200,129
10,69,1374092695526,69,1374092695727,201,367,497,296
10,82,1374092695679,82,1374092695798,119,153,71,-48
10,8,1374092696022,8,1374092696086,64,343,288,224
10,8,1374092696190,8,1374092696254,64,168,168,104
10,8,1374092696350,8,1374092696455,105,160,201,96
10,69,1374092696398,69,1374092696534,136,48,79,-57
10,82,1374092696471,82,1374092696558,87,73,24,-63
10,32,1374092696559,32,1374092696686,127,88,128,1
10,68,1374092696790,68,1374092696934,144,231,248,104
10,85,1374092696935,85,1374092697070,135,145,136,1
10,67,1374092697150,67,1374092697278,128,215,208,80
10,75,1374092697334,75,1374092697502,168,184,224,56
10,32,1374092697478,32,1374092697615,137,144,113,-24
10,65,1374092697654,65,1374092697751,97,176,136,39
10,78,1374092697751,78,1374092697902,151,97,151,0
10,68,1374092697830,68,1374092697950,120,79,48,-72
10,32,1374092697951,32,1374092698062,111,121,112,1
10,16,1374092698174,16,1374092698310,136,223,248,112
10,73,1374092698238,73,1374092698358,120,64,48,-72
10,32,1374092698310,32,1374092698430,120,72,72,-48
10,77,1374092831471,77,1374092831583,112,96,24,-88
10,89,1374092831847,89,1374092831983,136,376,400,264
10,32,1374092831983,32,1374092832127,144,136,144,0
10,78,1374092832495,78,1374092832615,120,512,488,368
10,65,1374092832615,65,1374092832791,176,120,176,0
10,77,1374092832927,77,1374092833087,160,312,296,136
10,69,1374092833023,69,1374092833135,112,96,48,-64
10,32,1374092833135,32,1374092833263,128,112,128,0
10,73,1374092833303,73,1374092833423,120,168,160,40
10,83,1374092833383,83,1374092833503,120,80,80,-40
10,32,1374092833423,32,1374092833551,128,40,48,-80
10,16,1374092833751,16,1374092833919,168,328,368,200
10,83,1374092833863,83,1374092833999,136,112,80,-56
10,72,1374092833999,72,1374092834079,80,136,80,0
10,65,1374092834079,65,1374092834167,88,80,88,0
10,78,1374092834199,78,1374092834255,56,120,88,32
10,78,1374092834359,78,1374092834423,64,160,168,104
10,79,1374092834455,79,1374092834567,112,96,144,32
10,78,1374092834551,78,1374092834662,111,96,95,-16
10,32,1374092834607,32,1374092834743,136,56,81,-55
10,16,1374092834807,16,1374092834974,167,200,231,64
10,72,1374092834894,72,1374092835015,121,87,41,-80
10,79,1374092835015,79,1374092835158,143,121,143,0
10,85,1374092835102,85,1374092835247,145,87,89,-56
10,84,1374092835159,84,1374092835247,88,57,0,-88
10,82,1374092835310,82,1374092835431,121,151,184,63
10,79,1374092835407,79,1374092835606,199,97,175,-24
10,85,1374092835486,85,1374092835666,180,79,60,-120
10,87,1374092835622,87,1374092835734,112,136,68,-44
10,190,1374092835830,190,1374092835983,153,208,249,96
10,32,1374092835950,32,1374092836062,112,120,79,-33
10,16,1374092836143,16,1374092836182,39,193,120,81
10,16,1374092836183,16,1374092836462,279,40,280,1
10,16,1374092836822,16,1374092837014,192,639,552,360
10,77,1374092836966,77,1374092837110,144,144,96,-48
10,65,1374092837150,65,1374092837286,136,184,176,40
10,89,1374092837318,89,1374092837446,128,168,160,32
10,32,1374092837406,32,1374092837566,160,88,120,-40
10,8,1374092838030,8,1374092838094,64,624,528,464
10,8,1374092838182,8,1374092838238,56,152,144,88
10,8,1374092838327,8,1374092838391,64,145,153,89
10,89,1374092838486,89,1374092838599,113,159,208,95
10,32,1374092838583,32,1374092838750,167,97,151,-16
10,87,1374092838950,87,1374092839102,152,367,352,200
10,73,1374092839079,73,1374092839230,151,129,128,-23
10,70,1374092839262,70,1374092839446,184,183,216,32
10,69,1374092839422,69,1374092839574,152,160,128,-24
10,222,1374092839822,222,1374092839934,112,400,360,248
10,83,1374092839998,83,1374092840175,177,176,241,64
10,32,1374092840175,32,1374092840294,119,177,119,0
10,78,1374092840398,78,1374092840510,112,223,216,104
10,65,1374092840510,65,1374092840662,152,112,152,0
10,77,1374092840638,77,1374092840766,128,128,104,-24
10,69,1374092840742,69,1374092840846,104,104,80,-24
10,32,1374092840862,32,1374092840974,112,120,128,16
10,73,1374092840998,73,1374092841102,104,136,128,24
10,83,1374092841110,83,1374092841198,88,112,96,8
10,32,1374092841150,32,1374092841254,104,40,56,-48
10,16,1374092841310,16,1374092841446,136,160,192,56
10,83,1374092841406,83,1374092841510,104,96,64,-40
10,85,1374092841542,85,1374092841670,128,136,160,32
10,68,1374092841671,68,1374092841854,183,129,184,1
10,65,1374092841822,65,1374092841950,128,151,96,-32
10,78,1374092841998,78,1374092842102,104,176,152,48
10,8,1374092842239,8,1374092842302,63,241,200,137
10,8,1374092842406,8,1374092842470,64,167,168,104
10,8,1374092842550,8,1374092842622,72,144,152,80
10,83,1374092842582,83,1374092842694,112,32,72,-40
10,65,1374092842742,65,1374092842822,80,160,128,48
10,78,1374092842822,78,1374092842959,137,80,137,0
10,32,1374092842918,32,1374092843054,136,96,95,-41
10,16,1374092843622,16,1374092843766,144,704,712,568
10,72,1374092843694,72,1374092843798,104,72,32,-72
10,79,1374092843822,79,1374092843966,144,128,168,24
10,85,1374092843902,85,1374092844030,128,80,64,-64
10,84,1374092843966,84,1374092844030,64,64,0,-64
10,82,1374092844102,82,1374092844206,104,136,176,72
10,79,1374092844182,79,1374092844334,152,80,128,-24
10,85,1374092844246,85,1374092844422,176,64,88,-88
10,87,1374092844334,87,1374092844446,112,88,24,-88
10,188,1374092844606,188,1374092844734,128,272,288,160
10,32,1374092844678,32,1374092844798,120,72,64,-56
10,89,1374092845294,89,1374092845446,152,616,648,496
10,32,1374092845366,32,1374092845526,160,72,80,-80
10,83,1374092846150,83,1374092846310,160,784,784,624
10,79,1374092846230,79,1374092846374,144,80,64,-80
10,78,1374092846310,78,1374092846446,136,80,72,-64
10,83,1374092846750,83,1374092846926,176,440,480,304
10,32,1374092847206,32,1374092847350,144,456,424,280
10,78,1374092847718,78,1374092847871,153,512,521,368
10,65,1374092847887,65,1374092848055,168,169,184,16
10,77,1374092848007,77,1374092848159,152,120,104,-48
10,69,1374092848135,69,1374092848319,184,128,160,-24
10,32,1374092848775,32,1374092848935,160,640,616,456
10,73,1374092848919,73,1374092849047,128,144,112,-16
10,83,1374092849048,83,1374092849183,135,129,136,1
10,32,1374092849103,32,1374092849247,144,55,64,-80
10,16,1374092849447,16,1374092849591,144,344,344,200
10,68,1374092849527,68,1374092849687,160,80,96,-64
10,65,1374092849647,65,1374092849831,184,120,144,-40
10,78,1374092849767,78,1374092849863,96,120,32,-64
10,73,1374092849999,73,1374092850143,144,232,280,136
10,69,1374092850143,69,1374092850295,152,144,152,0
10,76,1374092850279,76,1374092850399,120,136,104,-16
10,32,1374092850375,32,1374092850503,128,96,104,-24
10,16,1374092850671,16,1374092850815,144,296,312,168
10,72,1374092850743,72,1374092850871,128,72,56,-72
10,79,1374092850887,79,1374092851039,152,144,168,16
10,85,1374092850983,85,1374092851127,144,96,88,-56
10,84,1374092851039,84,1374092851127,88,56,0,-88
10,82,1374092851191,82,1374092851327,136,152,200,64
10,79,1374092851295,79,1374092851471,176,104,144,-32
10,85,1374092851359,85,1374092851535,176,64,64,-112
10,87,1374092851471,87,1374092851591,120,112,56,-64
10,190,1374092851943,190,1374092852071,128,472,480,352
10,32,1374092852023,32,1374092852167,144,80,96,-48
10,16,1374092852906,16,1374092853559,653,883,1392,739
10,16,1374092852972,16,1374092854175,1203,66,616,-587
10,32,1374092854790,32,1374092856854,2064,1818,2679,615
10,76,1374092855511,76,1374092858318,2807,721,1464,-1343
10,68,1374092855735,68,1374092858462,2727,224,144,-2583
10,69,1374092858558,69,1374092858654,96,2823,192,96
10,83,1374092858806,83,1374092858966,160,248,312,152
10,84,1374092858926,84,1374092859030,104,120,64,-40
10,32,1374092859054,32,1374092859150,96,128,120,24
10,68,1374092859510,68,1374092859614,104,456,464,360
10,65,1374092859670,65,1374092859830,160,160,216,56
10,85,1374092859806,85,1374092859950,144,136,120,-24
10,71,1374092860070,71,1374092860262,192,264,312,120
10,72,1374092860630,72,1374092860838,208,560,576,368
10,84,1374092861014,84,1374092861174,160,384,336,176
10,69,1374092861230,69,1374092861390,160,216,216,56
10,82,1374092861326,82,1374092861430,104,96,40,-64
10,32,1374092861430,32,1374092861638,208,104,208,0
10,73,1374092862046,73,1374092862174,128,616,536,408
10,83,1374092862142,83,1374092862262,120,96,88,-32
10,32,1374092862190,32,1374092862302,112,48,40,-72
10,82,1374092862574,82,1374092862694,120,384,392,272
10,65,1374092862694,65,1374092862806,112,120,112,0
10,67,1374092863270,67,1374092863366,96,576,560,464
10,69,1374092863472,69,1374092863550,78,202,184,106
10,32,1374092863606,32,1374092863742,136,134,192,56
10,16,1374092863742,16,1374092863846,104,136,104,0
10,77,1374092863846,77,1374092863990,144,104,144,0
10,65,1374092863958,65,1374092864126,168,112,136,-32
10,8,1374092864566,8,1374092864630,64,608,504,440
10,8,1374092864726,8,1374092864822,96,160,192,96
10,16,1374092864814,16,1374092864950,136,88,128,-8
10,77,1374092864951,77,1374092865054,103,137,104,1
10,65,1374092865078,65,1374092865198,120,127,144,24
10,8,1374092865543,8,1374092865599,56,465,401,345
10,8,1374092865695,8,1374092865783,88,152,184,96
10,16,1374092866159,16,1374092866519,360,464,736,376
10,77,1374092866407,77,1374092866543,136,248,24,-112
10,65,1374092866679,65,1374092866855,176,272,312,136
10,82,1374092866839,82,1374092866959,120,160,104,-16
10,73,1374092867095,73,1374092867223,128,256,264,136
10,69,1374092867263,69,1374092867415,152,168,192,40
10,32,1374092867431,32,1374092867567,136,168,152,16
10,16,1374092867735,16,1374092867879,144,304,312,168
10,72,1374092867791,72,1374092867911,120,56,32,-88
10,79,1374092867935,79,1374092868087,152,144,176,24
10,85,1374092868023,85,1374092868159,136,88,72,-64
10,84,1374092868087,84,1374092868175,88,64,16,-72
10,82,1374092868247,82,1374092868383,136,160,208,72
10,79,1374092868359,79,1374092868526,167,112,143,-24
10,85,1374092868447,85,1374092868607,160,88,81,-79
10,87,1374092868503,87,1374092868615,112,56,8,-104
10,188,1374092869503,188,1374092869646,143,1000,1031,888
10,32,1374092869615,32,1374092869758,143,112,112,-31
10,77,1374092870178,77,1374092870310,132,563,552,420
10,89,1374092871167,89,1374092871343,176,989,1033,857
10,32,1374092871343,32,1374092871486,143,176,143,0
10,72,1374092871735,72,1374092871790,55,392,304,249
10,89,1374092871736,89,1374092871831,95,1,41,-54
10,79,1374092871831,79,1374092871982,151,95,151,0
10,85,1374092871928,85,1374092872070,142,97,88,-54
10,8,1374092872334,8,1374092872398,64,406,328,264
10,8,1374092872494,8,1374092872558,64,160,160,96
10,8,1374092872670,8,1374092872718,48,176,160,112
10,8,1374092873366,8,1374092873446,80,696,728,648
10,89,1374092873614,89,1374092873758,144,248,312,168
10,79,1374092873759,79,1374092873934,175,145,176,1
10,85,1374092873871,85,1374092874022,151,112,88,-63
10,78,1374092874166,78,1374092874302,136,295,280,144
10,71,1374092874710,71,1374092874854,144,544,552,408
10,69,1374092874982,69,1374092875086,104,272,232,128
10,83,1374092875150,83,1374092875310,160,168,224,64
10,84,1374092875271,84,1374092875374,103,121,64,-39
10,32,1374092875334,32,1374092875462,128,63,88,-40
10,73,1374092875478,73,1374092875622,144,144,160,16
10,78,1374092875582,78,1374092875758,176,104,136,-40
10,8,1374092876174,8,1374092876238,64,592,480,416
10,8,1374092876358,8,1374092876414,56,184,176,120
10,8,1374092876511,8,1374092876582,71,153,168,97
10,83,1374092876638,83,1374092876774,136,127,192,56
10,32,1374092876718,32,1374092876774,56,80,0,-56
10,16,1374092877142,16,1374092877518,376,424,744,368
10,83,1374092877374,83,1374092877550,176,232,32,-144
10,8,1374092877942,8,1374092878030,88,568,480,392
10,16,1374092878150,16,1374092878294,144,208,264,120
10,65,1374092878222,65,1374092878318,96,72,24,-72
10,66,1374092878438,66,1374092878534,96,216,216,120
10,73,1374092878654,73,1374092878774,120,216,240,120
10,71,1374092879086,71,1374092879182,96,432,408,312
10,65,1374092879262,65,1374092879342,80,176,160,80
10,73,1374092879398,73,1374092879526,128,136,184,56
10,76,1374092879550,76,1374092879654,104,152,128,24
10,32,1374092879702,32,1374092879862,160,152,208,48
10,16,1374092880070,16,1374092880182,112,368,320,208
10,77,1374092880158,77,1374092880310,152,88,128,-24
10,65,1374092880318,65,1374092880454,136,160,144,8
10,82,1374092880430,82,1374092880542,112,112,88,-24
10,8,1374092881078,8,1374092881142,64,648,600,536
10,8,1374092881254,8,1374092881318,64,176,176,112
10,65,1374092882254,65,1374092882382,128,1000,1064,936
10,82,1374092882382,82,1374092882486,104,128,104,0
10,67,1374092882669,67,1374092882767,98,287,281,183
10,73,1374092882903,73,1374092883015,112,234,248,136
10,65,1374092883015,65,1374092883159,144,112,144,0
10,32,1374092883215,32,1374092883375,160,200,216,56
10,16,1374092883559,16,1374092883703,144,344,328,184
10,72,1374092883647,72,1374092883767,120,88,64,-56
10,79,1374092883767,79,1374092883935,168,120,168,0
10,85,1374092883871,85,1374092884007,136,104,72,-64
10,84,1374092883935,84,1374092884007,72,64,0,-72
10,82,1374092884079,82,1374092884207,128,144,200,72
10,79,1374092884183,79,1374092884327,144,104,120,-24
10,85,1374092884263,85,1374092884455,192,80,128,-64
10,87,1374092884367,87,1374092884479,112,104,24,-88
10,190,1374092884735,190,1374092884863,128,368,384,256
10,32,1374092884831,32,1374092884983,152,96,120,-32
10,16,1374092885183,16,1374092885343,160,352,360,200
10,87,1374092885255,87,1374092885383,128,72,40,-88
10,69,1374092885343,69,1374092885479,136,88,96,-40
10,32,1374092885751,32,1374092885903,152,408,424,272
10,72,1374092885983,72,1374092886111,128,232,208,80
10,65,1374092886087,65,1374092886191,104,104,80,-24
10,86,1374092886191,86,1374092886343,152,104,152,0
10,69,1374092886279,69,1374092886375,96,88,32,-64
10,32,1374092886375,32,1374092886495,120,96,120,0
10,65,1374092886503,65,1374092886631,128,128,136,8
10,32,1374092886631,32,1374092886727,96,128,96,0
10,67,1374092887287,67,1374092887439,152,656,712,560
10,65,1374092887439,65,1374092887559,120,152,120,0
10,84,1374092887966,84,1374092888047,81,527,488,407
10,32,1374092888127,32,1374092888238,111,161,191,80
10,65,1374092888246,65,1374092888358,112,119,120,8
10,78,1374092888359,78,1374092888486,127,113,128,1
10,68,1374092888422,68,1374092888502,80,63,16,-64
10,32,1374092888455,32,1374092888566,111,33,64,-47
10,65,1374092888750,65,1374092888862,112,295,296,184
10,32,1374092888886,32,1374092888974,88,136,112,24
10,71,1374092890014,71,1374092890166,152,1128,1192,1040
10,85,1374092890167,85,1374092890278,111,153,112,1
10,73,1374092890471,73,1374092890590,119,304,312,193
10,78,1374092890806,78,1374092890934,128,335,344,216
10,69,1374092890935,69,1374092891046,111,129,112,1
10,65,1374092891198,65,1374092891358,160,263,312,152
10,32,1374092891382,32,1374092891502,120,184,144,24
10,80,1374092891663,80,1374092891718,55,281,216,161
10,73,1374092891870,73,1374092892030,160,207,312,152
10,69,1374092892094,69,1374092892182,88,224,152,64
10,67,1374092892358,67,1374092892502,144,264,320,176
10,8,1374092892694,8,1374092892758,64,336,256,192
10,71,1374092892774,71,1374092892838,64,80,80,16
10,8,1374092892894,8,1374092892966,72,120,128,56
10,71,1374092893054,71,1374092893126,72,160,160,88
10,8,1374092893294,8,1374092893350,56,240,224,168
10,8,1374092893446,8,1374092893526,80,152,176,96
10,71,1374092893558,71,1374092893622,64,112,96,32
10,190,1374092893734,190,1374092893814,80,176,192,112
10,186,1374092893934,186,1374092893990,56,200,176,120
11,72,1363807017624,72,1363807017704,80,168,0,-80
11,69,1363807017824,69,1363807017912,88,200,208,120
11,76,1363807017944,76,1363807017992,48,120,80,32
11,76,1363807018064,76,1363807018144,80,120,152,72
11,79,1363807018216,79,1363807018312,96,152,168,72
11,32,1363807018328,32,1363807018392,64,112,80,16
11,72,1363807018448,72,1363807018512,64,120,120,56
11,79,1363807018592,79,1363807018672,80,144,160,80
11,87,1363807018624,87,1363807018696,72,32,24,-48
11,32,1363807018768,32,1363807018832,64,144,136,72
11,65,1363807018856,65,1363807018952,96,88,120,24
11,84,1363807018952,84,1363807019016,64,96,64,0
11,69,1363807019072,69,1363807019136,64,120,120,56
11,32,1363807019136,32,1363807019200,64,64,64,0
11,85,1363807019296,85,1363807019336,40,160,136,96
11,89,1363807019297,89,1363807019336,39,1,0,-39
11,8,1363807019616,8,1363807019680,64,319,344,280
11,8,1363807019768,8,1363807019832,64,152,152,88
11,8,1363807019912,8,1363807019968,56,144,136,80
11,8,1363807020048,8,1363807020112,64,136,144,80
11,8,1363807020200,8,1363807020296,96,152,184,88
11,82,1363807020680,82,1363807020760,80,480,464,384
11,69,1363807020800,69,1363807020864,64,120,104,40
11,32,1363807020864,32,1363807020944,80,64,80,0
11,89,1363807021048,89,1363807021128,80,184,184,104
11,79,1363807021208,79,1363807021320,112,160,192,80
11,85,1363807021280,85,1363807021368,88,72,48,-40
11,32,1363807021344,32,1363807021416,72,64,48,-24
11,68,1363807021432,68,1363807021520,88,88,104,16
11,79,1363807021520,79,1363807021616,96,88,96,0
11,73,1363807021576,73,1363807021680,104,56,64,-40
11,78,1363807021792,78,1363807021872,80,216,192,112
11,71,1363807021952,71,1363807022016,64,160,144,80
11,32,1363807023472,32,1363807023583,111,1520,1567,1456
11,32,1363807024008,32,1363807024111,103,536,528,425
11,72,1363807024640,72,1363807024663,23,632,552,529
11,8,1363807024919,8,1363807025015,96,279,352,256
11,74,1363807025199,74,1363807025271,72,280,256,184
11,85,1363807025351,85,1363807025423,72,152,152,80
11,83,1363807025487,83,1363807025567,80,136,144,64
11,84,1363807025599,84,1363807025679,80,112,112,32
11,32,1363807025727,32,1363807025808,81,128,129,48
11,70,1363807025871,70,1363807025952,81,144,144,63
11,73,1363807025952,73,1363807026015,63,81,63,0
11,78,1363807026087,78,1363807026184,97,135,169,72
11,73,1363807026184,73,1363807026295,111,97,111,0
11,83,1363807026327,83,1363807026407,80,143,112,32
11,72,1363807026399,72,1363807026503,104,72,96,-8
11,69,1363807026575,69,1363807026647,72,176,144,72
11,68,1363807026759,68,1363807026839,80,184,192,112
11,32,1363807026807,32,1363807026879,72,48,40,-32
11,77,1363807027000,77,1363807027087,87,193,208,121
11,89,1363807027223,89,1363807027279,56,223,192,136
11,32,1363807027311,32,1363807027392,81,88,113,32
11,80,1363807027895,80,1363807027991,96,584,599,503
11,82,1363807028031,82,1363807028127,96,136,136,40
11,69,1363807028239,69,1363807028319,80,208,192,112
11,83,1363807028439,83,1363807028503,64,200,184,120
11,69,1363807028592,69,1363807028671,79,153,168,89
11,78,1363807028672,78,1363807028744,72,80,73,1
11,84,1363807028855,84,1363807028919,64,183,175,111
11,65,1363807028952,65,1363807029047,95,97,128,33
11,84,1363807029023,84,1363807029095,72,71,48,-24
11,73,1363807029215,73,1363807029287,72,192,192,120
11,79,1363807029375,79,1363807029440,65,160,153,88
11,78,1363807029535,78,1363807029631,96,160,191,95
11,32,1363807029631,32,1363807029679,48,96,48,0
11,84,1363807029767,84,1363807029815,48,136,136,88
11,79,1363807029927,79,1363807030031,104,160,216,112
11,68,1363807029991,68,1363807030063,72,64,32,-40
11,65,1363807030215,65,1363807030303,88,224,240,152
11,89,1363807030327,89,1363807030407,80,112,104,24
11,190,1363807030671,190,1363807030759,88,344,352,264
11,32,1363807030911,32,1363807030999,88,240,240,152
11,84,1363807031383,84,1363807031479,96,472,480,384
11,32,1363807031471,32,1363807031552,81,88,73,-8
11,87,1363807031576,87,1363807031648,72,105,96,24
11,65,1363807031800,65,1363807031888,88,224,240,152
11,83,1363807031968,83,1363807032048,80,168,160,80
11,32,1363807032096,32,1363807032208,112,128,160,48
11,81,1363807032704,81,1363807032776,72,608,568,496
11,85,1363807032832,85,1363807032944,112,128,168,56
11,73,1363807032904,73,1363807033000,96,72,56,-40
11,84,1363807033104,84,1363807033184,80,200,184,104
11,69,1363807033224,69,1363807033296,72,120,112,40
11,32,1363807033336,32,1363807033440,104,112,144,40
11,65,1363807033472,65,1363807033552,80,136,112,32
11,32,1363807033528,32,1363807033648,120,56,96,-24
11,76,1363807033776,76,1363807033848,72,248,200,128
11,79,1363807033936,79,1363807034000,64,160,152,88
11,78,1363807034104,78,1363807034177,73,168,177,104
11,71,1363807034264,71,1363807034352,88,160,175,87
11,32,1363807034352,32,1363807034416,64,88,64,0
11,79,1363807034712,79,1363807034776,64,360,360,296
11,78,1363807034896,78,1363807034960,64,184,184,120
11,69,1363807035000,69,1363807035072,72,104,112,40
11,188,1363807035120,188,1363807035208,88,120,136,48
11,32,1363807035304,32,1363807035360,56,184,152,96
11,72,1363807035576,72,1363807035624,48,272,264,216
11,71,1363807035577,71,1363807035624,47,1,0,-47
11,8,1363807035992,8,1363807036080,88,415,456,368
11,8,1363807036144,8,1363807036240,96,152,160,64
11,71,1363807036432,71,1363807036504,72,288,264,192
11,73,1363807036600,73,1363807036648,48,168,144,96
11,86,1363807036744,86,1363807036808,64,144,160,96
11,69,1363807036848,69,1363807036912,64,104,104,40
11,77,1363807036968,77,1363807037016,48,120,104,56
11,32,1363807037080,32,1363807037136,56,112,120,64
11,84,1363807037192,84,1363807037256,64,112,120,56
11,8,1363807037536,8,1363807037608,72,344,352,280
11,8,1363807037672,8,1363807037744,72,136,136,64
11,8,1363807037824,8,1363807037896,72,152,152,80
11,78,1363807038320,78,1363807038416,96,496,520,424
11,32,1363807038504,32,1363807038576,72,184,160,88
11,84,1363807038640,84,1363807038704,64,136,128,64
11,72,1363807038792,72,1363807038888,96,152,184,88
11,65,1363807038904,65,1363807038992,88,112,104,16
11,84,1363807038992,84,1363807039056,64,88,64,0
11,32,1363807039056,32,1363807039128,72,64,72,0
11,32,1363807039368,32,1363807039424,56,312,296,240
11,87,1363807039479,87,1363807039559,80,111,135,55
11,65,1363807039728,65,1363807039824,96,249,265,169
11,83,1363807039968,83,1363807040032,64,240,208,144
11,32,1363807040120,32,1363807040232,112,152,200,88
11,88,1363807040592,88,1363807040695,103,472,463,360
11,80,1363807040736,80,1363807040824,88,144,129,41
11,69,1363807040880,69,1363807040952,72,144,128,56
11,67,1363807041079,67,1363807041143,64,199,191,127
11,84,1363807041168,84,1363807041240,72,89,97,25
11,73,1363807041343,73,1363807041487,144,175,247,103
11,78,1363807041488,78,1363807041543,55,145,56,1
11,71,1363807041656,71,1363807041727,71,168,184,113
11,32,1363807041743,32,1363807041856,113,87,129,16
11,8,1363807042152,8,1363807042895,743,409,1039,296
11,8,1363807042651,8,1363807043104,453,499,209,-244
11,32,1363807043471,32,1363807043559,88,820,455,367
11,69,1363807043663,69,1363807043759,96,192,200,104
11,88,1363807043911,88,1363807043991,80,248,232,152
11,80,1363807044119,80,1363807044215,96,208,224,128
11,69,1363807044287,69,1363807044375,88,168,160,72
11,67,1363807044519,67,1363807044607,88,232,232,144
11,84,1363807044608,84,1363807044679,71,89,72,1
11,73,1363807044799,73,1363807044911,112,191,232,120
11,78,1363807044879,78,1363807044983,104,80,72,-32
11,71,1363807045063,71,1363807045143,80,184,160,80
11,32,1363807045143,32,1363807045223,80,80,80,0
11,73,1363807045327,73,1363807045431,104,184,208,104
11,84,1363807045487,84,1363807045559,72,160,128,56
11,32,1363807045607,32,1363807045695,88,120,136,48
11,84,1363807045711,84,1363807045775,64,104,80,16
11,79,1363807045895,79,1363807045983,88,184,208,120
11,32,1363807046015,32,1363807046079,64,120,96,32
11,66,1363807046167,66,1363807046279,112,152,200,88
11,69,1363807046375,69,1363807046471,96,208,192,96
11,32,1363807046719,32,1363807046823,104,344,352,248
11,74,1363807047079,74,1363807047151,72,360,328,256
11,85,1363807047247,85,1363807047327,80,168,176,96
11,83,1363807047423,83,1363807047495,72,176,168,96
11,84,1363807047535,84,1363807047615,80,112,120,40
11,32,1363807047631,32,1363807047711,80,96,96,16
11,50,1363807047943,50,1363807048015,72,312,304,232
11,48,1363807048143,48,1363807048215,72,200,200,128
11,32,1363807048287,32,1363807048375,88,144,160,72
11,77,1363807048487,77,1363807048607,120,200,232,112
11,73,1363807048575,73,1363807048687,112,88,80,-32
11,78,1363807048743,78,1363807048847,104,168,160,56
11,83,1363807048992,83,1363807049048,56,249,201,145
11,32,1363807049144,32,1363807049208,64,152,160,96
11,8,1363807049760,8,1363807049840,80,616,632,552
11,8,1363807049912,8,1363807049984,72,152,144,72
11,85,1363807050424,85,1363807050504,80,512,520,440
11,84,1363807050656,84,1363807050736,80,232,232,152
11,69,1363807050792,69,1363807050856,64,136,120,56
11,83,1363807050992,83,1363807051080,88,200,224,136
11,32,1363807051056,32,1363807051168,112,64,88,-24
11,80,1363807051400,80,1363807051440,40,344,272,232
11,79,1363807051402,79,1363807051456,54,2,16,-38
11,82,1363807051568,82,1363807051672,104,166,216,112
11,8,1363807051912,8,1363807051976,64,344,304,240
11,8,1363807052056,8,1363807052112,56,144,136,80
11,8,1363807052202,8,1363807052280,78,146,168,90
11,79,1363807052448,79,1363807052536,88,246,256,168
11,82,1363807052560,82,1363807052641,81,112,105,24
11,32,1363807052688,32,1363807052744,56,128,103,47
11,76,1363807052816,76,1363807052928,112,128,184,72
11,69,1363807052928,69,1363807053008,80,112,80,0
11,83,1363807053200,83,1363807053240,40,272,232,192
11,83,1363807053328,83,1363807053408,80,128,168,88
11,190,1363807053824,190,1363807053928,104,496,520,416
11,32,1363807054160,32,1363807054272,112,336,344,232
11,32,1363807054968,32,1363807055072,104,808,800,696
11,8,1363807057816,8,1363807057887,71,2848,2815,2744
11,8,1363807058176,8,1363807058272,96,360,385,289
11,13,1363807058535,13,1363807058687,152,359,415,263
11,13,1363807059727,13,1363807059823,96,1192,1136,1040
11,16,1363807060192,16,1363807060479,287,465,656,369
11,84,1363807060399,84,1363807060480,81,207,1,-80
11,72,1363807060600,72,1363807060719,119,201,239,120
11,73,1363807060679,73,1363807060792,113,79,73,-40
11,83,1363807060719,83,1363807060792,73,40,0,-73
11,32,1363807060855,32,1363807060959,104,136,167,63
11,73,1363807060959,73,1363807061071,112,104,112,0
11,83,1363807061087,83,1363807061151,64,128,80,16
11,32,1363807061175,32,1363807061247,72,88,96,24
11,73,1363807061383,73,1363807061471,88,208,224,136
11,78,1363807061495,78,1363807061599,104,112,128,24
11,84,1363807061751,84,1363807061815,64,256,216,152
11,69,1363807061895,69,1363807061975,80,144,160,80
11,82,1363807062015,82,1363807062111,96,120,136,40
11,69,1363807062143,69,1363807062215,72,128,104,32
11,83,1363807062343,83,1363807062415,72,200,200,128
11,84,1363807062456,84,1363807062527,71,113,112,41
11,73,1363807062696,73,1363807062735,39,240,208,169
11,78,1363807062839,78,1363807062911,72,143,176,104
11,71,1363807063271,71,1363807063439,168,432,528,360
11,32,1363807063583,32,1363807063727,144,312,288,144
11,84,1363807063911,84,1363807064023,112,328,296,184
11,65,1363807064111,65,1363807064191,80,200,168,88
11,83,1363807064303,83,1363807064383,80,192,192,112
11,75,1363807064415,75,1363807064495,80,112,112,32
11,32,1363807064591,32,1363807064687,96,176,192,96
11,84,1363807064791,84,1363807064863,72,200,176,104
11,72,1363807064967,72,1363807065047,80,176,184,104
11,8,1363807065223,8,1363807065319,96,256,272,176
11,8,1363807065391,8,1363807065439,48,168,120,72
11,8,1363807065663,8,1363807065783,120,272,344,224
11,8,1363807065863,8,1363807066824,961,200,1041,80
11,8,1363807066363,8,1363807067032,669,500,208,-461
11,65,1363807067320,65,1363807067400,80,957,368,288
11,78,1363807067480,78,1363807067552,72,160,152,80
11,32,1363807067592,32,1363807067672,80,112,120,40
11,73,1363807067704,73,1363807067832,128,112,160,32
11,78,1363807067816,78,1363807067912,96,112,80,-16
11,84,1363807068032,84,1363807068112,80,216,200,120
11,69,1363807068152,69,1363807068229,77,120,117,40
11,82,1363807068256,82,1363807068312,56,104,83,27
11,83,1363807068568,83,1363807068664,96,312,352,256
11,8,1363807069064,8,1363807069184,120,496,520,400
11,69,1363807069184,69,1363807069280,96,120,96,0
11,83,1363807069416,83,1363807069496,80,232,216,136
11,84,1363807069528,84,1363807069584,56,112,88,32
11,73,1363807069712,73,1363807069864,152,184,280,128
11,78,1363807069832,78,1363807069928,96,120,64,-32
11,71,1363807070048,71,1363807070120,72,216,192,120
11,32,1363807070120,32,1363807070200,80,72,80,0
11,84,1363807070256,84,1363807070344,88,136,144,56
11,65,1363807070408,65,1363807070480,72,152,136,64
11,83,1363807070584,83,1363807070672,88,176,192,104
11,75,1363807070712,75,1363807070808,96,128,136,40
11,32,1363807070928,32,1363807071048,120,216,240,120
11,8,1363807071368,8,1363807071568,200,440,520,320
11,190,1363807072176,190,1363807072272,96,808,704,608
11,32,1363807072432,32,1363807072560,128,256,288,160
11,72,1363807072992,72,1363807073096,104,560,536,432
11,65,1363807073096,65,1363807073176,80,104,80,0
11,84,1363807073256,84,1363807073360,104,160,184,80
11,32,1363807073520,32,1363807073576,56,264,216,160
11,73,1363807073656,73,1363807073768,112,136,192,80
11,83,1363807073768,83,1363807073848,80,112,80,0
11,32,1363807073848,32,1363807073920,72,80,72,0
11,66,1363807074008,66,1363807074104,96,160,184,88
11,69,1363807074064,69,1363807074144,80,56,40,-40
11,67,1363807074232,67,1363807074280,48,168,136,88
11,65,1363807074320,65,1363807074416,96,88,136,40
11,85,1363807074544,85,1363807074592,48,224,176,128
11,83,1363807074832,83,1363807074904,72,288,312,240
11,8,1363807075272,8,1363807075312,40,440,408,368
11,83,1363807075600,83,1363807075711,111,328,399,288
11,69,1363807076007,69,1363807076095,88,407,384,296
11,32,1363807076312,32,1363807076407,95,305,312,217
11,87,1363807076455,87,1363807076551,96,143,144,48
11,72,1363807076575,72,1363807076655,80,120,104,24
11,69,1363807076711,69,1363807076791,80,136,136,56
11,78,1363807076824,78,1363807076903,79,113,112,33
11,69,1363807076975,69,1363807077055,80,151,152,72
11,86,1363807077095,86,1363807077160,65,120,105,40
11,69,1363807077215,69,1363807077311,96,120,151,55
11,82,1363807077416,82,1363807077511,95,201,200,105
11,32,1363807077599,32,1363807077719,120,183,208,88
11,8,1363807078767,8,1363807078967,200,1168,1248,1048
11,65,1364257038913,65,1364257039057,144,216,0,-144
11,77,1364257039225,77,1364257039329,104,312,272,168
11,69,1364257039425,69,1364257039529,104,200,200,96
11,82,1364257039673,82,1364257039746,73,248,217,144
11,73,1364257039874,73,1364257039959,85,201,213,128
11,67,1364257040018,67,1364257040074,56,144,115,59
11,65,1364257040266,65,1364257040338,72,248,264,192
11,32,1364257040314,32,1364257040417,103,48,79,-24
11,73,1364257040497,73,1364257040585,88,183,168,80
11,83,1364257040649,83,1364257040770,121,152,185,64
11,32,1364257040770,32,1364257040897,127,121,127,0
11,65,1364257040969,65,1364257041089,120,199,192,72
11,32,1364257041145,32,1364257041281,136,176,192,56
11,66,1364257041657,66,1364257041729,72,512,448,376
11,73,1364257041882,73,1364257041946,64,225,217,153
11,71,1364257042274,71,1364257042338,64,392,392,328
11,32,1364257042490,32,1364257042602,112,216,264,152
11,67,1364257042817,67,1364257042922,105,327,320,215
11,79,1364257042922,79,1364257043073,151,105,151,0
11,85,1364257043033,85,1364257043113,80,111,40,-40
11,78,1364257043266,78,1364257043362,96,233,249,153
11,84,1364257043514,84,1364257043570,56,248,208,152
11,82,1364257043665,82,1364257043729,64,151,159,95
11,89,1364257043857,89,1364257043921,64,192,192,128
11,190,1364257044210,190,1364257044297,87,353,376,289
11,32,1364257044505,32,1364257044649,144,295,352,208
11,72,1364257045217,72,1364257045289,72,712,640,568
11,69,1364257045313,69,1364257045385,72,96,96,24
11,82,1364257045433,82,1364257045505,72,120,120,48
11,69,1364257045489,69,1364257045561,72,56,56,-16
11,32,1364257045657,32,1364257045729,72,168,168,96
11,65,1364257045729,65,1364257045801,72,72,72,0
11,82,1364257045817,82,1364257045889,72,88,88,16
11,69,1364257045961,69,1364257046025,64,144,136,72
11,32,1364257046065,32,1364257046145,80,104,120,40
11,53,1364257046601,53,1364257046689,88,536,544,456
11,48,1364257046801,48,1364257046857,56,200,168,112
11,32,1364257046921,32,1364257047009,88,120,152,64
11,83,1364257047081,83,1364257047153,72,160,144,72
11,84,1364257047185,84,1364257047249,64,104,96,32
11,65,1364257047321,65,1364257047377,56,136,128,72
11,84,1364257047425,84,1364257047481,56,104,104,48
11,69,1364257047545,69,1364257047609,64,120,128,64
11,83,1364257047721,83,1364257047801,80,176,192,112
11,32,1364257047857,32,1364257047929,72,136,128,56
11,73,1364257048017,73,1364257048153,136,160,224,88
11,78,1364257048113,78,1364257048249,136,96,96,-40
11,32,1364257048225,32,1364257048321,96,112,72,-24
11,84,1364257048465,84,1364257048553,88,240,232,144
11,8,1364257048881,8,1364257048985,104,416,432,328
11,73,1364257049545,73,1364257049625,80,664,640,560
11,84,1364257049761,84,1364257049817,56,216,192,136
11,190,1364257050137,190,1364257050185,48,376,368,320
11,32,1364257050409,32,1364257050529,120,272,344,224
11,72,1364257051321,72,1364257051417,96,912,888,792
11,69,1364257051633,69,1364257051785,152,312,368,216
11,32,1364257052025,32,1364257052169,144,392,384,240
11,8,1364257052561,8,1364257052625,64,536,456,392
11,8,1364257052730,8,1364257052785,55,169,160,105
11,8,1364257052881,8,1364257052946,65,151,161,96
11,8,1364257053049,8,1364257053121,72,168,175,103
11,16,1364257053729,16,1364257054025,296,680,904,608
11,84,1364257053961,84,1364257054033,72,232,8,-64
11,69,1364257054201,69,1364257054273,72,240,240,168
11,88,1364257054497,88,1364257054561,64,296,288,224
11,65,1364257054793,65,1364257054857,64,296,296,232
11,83,1364257054993,83,1364257055049,56,200,192,136
11,188,1364257055201,188,1364257055297,96,208,248,152
11,32,1364257055417,32,1364257055529,112,216,232,120
11,16,1364257055529,16,1364257055761,232,112,232,0
11,78,1364257055681,78,1364257055761,80,152,0,-80
11,69,1364257055897,69,1364257055993,96,216,232,136
11,87,1364257056129,87,1364257056209,80,232,216,136
11,32,1364257056265,32,1364257056377,112,136,168,56
11,79,1364257056689,79,1364257056785,96,424,408,312
11,82,1364257056825,82,1364257056913,88,136,128,40
11,75,1364257057008,75,1364257057065,57,183,152,95
11,188,1364257057338,188,1364257057410,72,330,345,273
11,32,1364257057578,32,1364257057690,112,240,280,168
11,65,1364257059738,65,1364257059802,64,2160,2112,2048
11,83,1364257059921,83,1364257059993,72,183,191,119
11,72,1364257060025,72,1364257060129,104,104,136,32
11,73,1364257060129,73,1364257060273,144,104,144,0
11,78,1364257060250,78,1364257060353,103,121,80,-23
11,71,1364257060481,71,1364257060521,40,231,168,128
11,84,1364257060641,84,1364257060697,56,160,176,120
11,79,1364257060873,79,1364257060929,56,232,232,176
11,78,1364257061089,78,1364257061137,48,216,208,160
11,188,1364257061401,188,1364257061465,64,312,328,264
11,32,1364257061569,32,1364257061641,72,168,176,104
11,65,1364257062025,65,1364257062089,64,456,448,384
11,76,1364257062169,76,1364257062233,64,144,144,80
11,73,1364257062369,73,1364257062425,56,200,192,136
11,70,1364257062530,70,1364257062609,79,161,184,105
11,79,1364257062657,79,1364257062737,80,127,128,48
11,82,1364257062801,82,1364257062881,80,144,144,64
11,78,1364257062993,78,1364257063129,136,192,248,112
11,73,1364257063097,73,1364257063233,136,104,104,-32
11,90,1364257063305,90,1364257063377,72,208,144,72
11,8,1364257063689,8,1364257063761,72,384,384,312
11,65,1364257063849,65,1364257063905,56,160,144,88
11,188,1364257064905,188,1364257064993,88,1056,1088,1000
11,32,1364257065129,32,1364257065249,120,224,256,136
11,8,1364257065953,8,1364257066073,120,824,824,704
11,8,1364257066937,8,1364257067009,72,984,936,864
11,8,1364257067121,8,1364257067177,56,184,168,112
11,36,1364257069585,36,1364257069777,192,2464,2600,2408
11,65,1364257071649,65,1364257071713,64,2064,1936,1872
11,82,1364257071857,82,1364257071913,56,208,200,144
11,8,1364257072401,8,1364257072465,64,544,552,488
11,78,1364257072721,78,1364257072793,72,320,328,256
11,68,1364257072833,68,1364257072921,88,112,128,40
11,32,1364257073025,32,1364257073097,72,192,176,104
11,35,1364257073737,35,1364257073857,120,712,760,640
11,32,1364257074201,32,1364257074329,128,464,472,344
11,65,1364257074393,65,1364257074449,56,192,120,64
11,82,1364257074505,82,1364257074585,80,112,136,56
11,69,1364257074641,69,1364257074705,64,136,120,56
11,32,1364257074730,32,1364257074826,96,89,121,25
11,83,1364257074906,83,1364257074954,48,176,128,80
11,79,1364257074970,79,1364257075097,127,64,143,16
11,77,1364257075082,77,1364257075162,80,112,65,-15
11,69,1364257075186,69,1364257075274,88,104,112,24
11,32,1364257075466,32,1364257075593,127,280,319,192
11,86,1364257076353,86,1364257076433,80,887,840,760
11,69,1364257076481,69,1364257076585,104,128,152,48
11,82,1364257076705,82,1364257076801,96,224,216,120
11,89,1364257076802,89,1364257076865,63,97,64,1
11,32,1364257076889,32,1364257076969,80,87,104,24
11,87,1364257076993,87,1364257077073,80,104,104,24
11,69,1364257077178,69,1364257077266,88,185,193,105
11,76,1364257077281,76,1364257077338,57,103,72,15
11,76,1364257077426,76,1364257077537,111,145,199,88
11,32,1364257077569,32,1364257077705,136,143,168,32
11,75,1364257077706,75,1364257077825,119,137,120,1
11,78,1364257077826,78,1364257077897,71,120,72,1
11,79,1364257078001,79,1364257078065,64,175,168,104
11,87,1364257078097,87,1364257078161,64,96,96,32
11,78,1364257078233,78,1364257078337,104,136,176,72
11,32,1364257078361,32,1364257078473,112,128,136,24
11,83,1364257078697,83,1364257078761,64,336,288,224
11,84,1364257078849,84,1364257078929,80,152,168,88
11,65,1364257078961,65,1364257079025,64,112,96,32
11,84,1364257079097,84,1364257079169,72,136,144,72
11,69,1364257079209,69,1364257079265,56,112,96,40
11,83,1364257079433,83,1364257079497,64,224,232,168
11,190,1364257079753,190,1364257079825,72,320,328,256
11,32,1364257080097,32,1364257080233,136,344,408,272
11,16,1364257080473,16,1364257081001,528,376,768,240
11,87,1364257080873,87,1364257081001,128,400,0,-128
11,69,1364257081153,69,1364257081225,72,280,224,152
11,32,1364257081297,32,1364257081393,96,144,168,72
11,76,1364257081530,76,1364257081657,127,233,264,137
11,73,1364257081609,73,1364257081705,96,79,48,-48
11,86,1364257081841,86,1364257081929,88,232,224,136
11,69,1364257081929,69,1364257082017,88,88,88,0
11,32,1364257082057,32,1364257082121,64,128,104,40
11,73,1364257082161,73,1364257082289,128,104,168,40
11,78,1364257082265,78,1364257082378,113,104,89,-24
11,32,1364257082353,32,1364257082441,88,88,63,-25
11,16,1364257082425,16,1364257082633,208,72,192,-16
11,77,1364257082563,77,1364257082633,70,138,0,-70
11,73,1364257082809,73,1364257082921,112,246,288,176
11,67,1364257083243,67,1364257083329,86,434,408,322
11,72,1364257083929,72,1364257084057,128,686,728,600
11,73,1364257084057,73,1364257084129,72,128,72,0
11,71,1364257084249,71,1364257084313,64,192,184,120
11,65,1364257084385,65,1364257084441,56,136,128,72
11,78,1364257084521,78,1364257084577,56,136,136,80
11,190,1364257084777,190,1364257084841,64,256,264,200
11,32,1364257084977,32,1364257085057,80,200,216,136
11,16,1364257087457,16,1364257089641,2184,2480,4584,2400
11,65,1364257089497,65,1364257089641,144,2040,0,-144
11,76,1364257089809,76,1364257089881,72,312,240,168
11,84,1364257090233,84,1364257090329,96,424,448,352
11,72,1364257090473,72,1364257090553,80,240,224,144
11,79,1364257090713,79,1364257090817,104,240,264,160
11,85,1364257090785,85,1364257090873,88,72,56,-32
11,71,1364257091057,71,1364257091121,64,272,248,184
11,72,1364257091241,72,1364257091345,104,184,224,120
11,32,1364257091345,32,1364257091425,80,104,80,0
11,73,1364257091537,73,1364257091616,79,192,191,112
11,84,1364257091705,84,1364257091745,40,168,129,89
11,32,1364257092025,32,1364257092089,64,320,344,280
11,73,1364257092161,73,1364257092242,81,136,153,72
11,83,1364257092306,83,1364257092370,64,145,128,64
11,32,1364257092394,32,1364257092481,87,88,111,24
11,83,1364257092570,83,1364257092626,56,176,145,89
11,80,1364257092682,80,1364257092753,71,112,127,56
11,69,1364257092793,69,1364257092857,64,111,104,40
11,76,1364257092938,76,1364257092993,55,145,136,81
11,76,1364257093082,76,1364257093185,103,144,192,89
11,69,1364257093225,69,1364257093314,89,143,129,40
11,68,1364257093497,68,1364257093577,80,272,263,183
11,32,1364257094097,32,1364257094177,80,600,600,520
11,73,1364257094281,73,1364257094417,136,184,240,104
11,78,1364257094393,78,1364257094537,144,112,120,-24
11,32,1364257094505,32,1364257094633,128,112,96,-32
11,65,1364257094673,65,1364257094753,80,168,120,40
11,8,1364257095177,8,1364257096448,1271,504,1695,424
11,8,1364257095677,8,1364257096616,939,500,168,-771
11,8,1364257095710,8,1364257096784,1074,33,168,-906
11,8,1364257095742,8,1364257096960,1218,32,176,-1042
11,8,1364257095775,8,1364257097104,1329,33,144,-1185
11,188,1364257097504,188,1364257097560,56,1729,456,400
11,32,1364257097912,32,1364257098016,104,408,456,352
11,83,1364257098136,83,1364257098200,64,224,184,120
11,80,1364257098304,80,1364257098392,88,168,192,104
11,69,1364257098464,69,1364257098520,56,160,128,72
11,76,1364257098688,76,1364257098712,24,224,192,168
11,8,1364257099128,8,1364257099192,64,440,480,416
11,8,1364257099280,8,1364257099344,64,152,152,88
11,8,1364257099432,8,1364257099496,64,152,152,88
11,8,1364257099592,8,1364257099672,80,160,176,96
11,80,1364257099888,80,1364257099952,64,296,280,216
11,82,1364257100008,82,1364257100072,64,120,120,56
11,79,1364257100568,79,1364257100624,56,560,552,496
11,78,1364257100816,78,1364257100840,24,248,216,192
11,79,1364257101024,79,1364257101176,152,208,336,184
11,85,1364257101136,85,1364257101216,80,112,40,-40
11,78,1364257101360,78,1364257101416,56,224,200,144
11,67,1364257101640,67,1364257101696,56,280,280,224
11,69,1364257101856,69,1364257101928,72,216,232,160
11,68,1364257102048,68,1364257102136,88,192,208,120
11,32,1364257102152,32,1364257102248,96,104,112,16
11,65,1364257102320,65,1364257102392,72,168,144,72
11,83,1364257102488,83,1364257102568,80,168,176,96
11,32,1364257102616,32,1364257102696,80,128,128,48
11,77,1364257103312,77,1364257103416,104,696,720,616
11,69,1364257103496,69,1364257103576,80,184,160,80
11,69,1364257104536,69,1364257104616,80,1040,1040,960
11,189,1364257104824,189,1364257104944,120,288,328,208
11,83,1364257105160,83,1364257105248,88,336,304,216
11,72,1364257105416,72,1364257105520,104,256,272,168
11,69,1364257105616,69,1364257105688,72,200,168,96
11,69,1364257105784,69,1364257105904,120,168,216,96
11,189,1364257106960,189,1364257107056,96,1176,1152,1056
11,8,1364257108528,8,1364257108648,120,1568,1592,1472
11,8,1364257108728,8,1364257108808,80,200,160,80
11,8,1364257108912,8,1364257108976,64,184,168,104
11,8,1364257109080,8,1364257109144,64,168,168,104
11,8,1364257109240,8,1364257109312,72,160,168,96
11,8,1364257109400,8,1364257109472,72,160,160,88
11,8,1364257109576,8,1364257109640,64,176,168,104
11,8,1364257109745,8,1364257109825,80,169,185,105
11,73,1364257110529,73,1364257110592,63,784,767,704
11,189,1364257110856,189,1364257110968,112,327,376,264
11,8,1364257111208,8,1364257111280,72,352,312,240
11,8,1364257111352,8,1364257111416,64,144,136,72
11,69,1364257111496,69,1364257111584,88,144,168,80
11,189,1364257112032,189,1364257112096,64,536,512,448
11,83,1364257112257,83,1364257112328,71,225,232,161
11,72,1364257112409,72,1364257112480,71,152,152,81
11,69,1364257112520,69,1364257112576,56,111,96,40
11,69,1364257112657,69,1364257112736,79,137,160,81
11,189,1364257113241,189,1364257113336,95,584,600,505
11,71,1364257113672,71,1364257113801,129,431,465,336
11,85,1364257114528,85,1364257114704,176,856,903,727
11,78,1364257114657,78,1364257114784,127,129,80,-47
11,190,1364257115712,190,1364257115792,80,1055,1008,928
11,67,1365107819574,67,1365107819654,80,184,184,104
11,65,1365107819830,65,1365107819902,72,256,248,176
11,78,1365107819902,78,1365107819958,56,72,56,0
11,78,1365107820046,78,1365107820118,72,144,160,88
11,79,1365107820222,79,1365107820318,96,176,200,104
11,84,1365107820462,84,1365107820542,80,240,224,144
11,66,1365107820734,66,1365107820806,72,272,264,192
11,8,1365107821110,8,1365107821197,87,376,391,304
11,32,1365107821494,32,1365107821565,71,384,368,297
11,66,1365107821974,66,1365107822037,63,480,472,409
11,69,1365107822166,69,1365107822237,71,192,200,129
11,76,1365107822293,76,1365107822365,72,127,128,56
11,73,1365107822493,73,1365107822573,80,200,208,128
11,69,1365107822637,69,1365107822709,72,144,136,64
11,86,1365107822781,86,1365107822853,72,144,144,72
11,69,1365107822942,69,1365107823029,87,161,176,89
11,32,1365107823070,32,1365107823141,71,128,112,41
11,72,1365107823253,72,1365107823310,57,183,169,112
11,79,1365107823430,79,1365107823525,95,177,215,120
11,87,1365107823549,87,1365107823630,81,119,105,24
11,32,1365107823685,32,1365107823773,88,136,143,55
11,67,1365107824062,67,1365107824150,88,377,377,289
11,79,1365107824150,79,1365107824205,55,88,55,0
11,76,1365107824341,76,1365107824421,80,191,216,136
11,68,1365107824606,68,1365107824686,80,265,265,185
11,32,1365107824726,32,1365107824797,71,120,111,40
11,73,1365107824901,73,1365107824989,88,175,192,104
11,84,1365107825117,84,1365107825141,24,216,152,128
11,32,1365107825182,32,1365107825245,63,65,104,41
11,73,1365107825766,73,1365107825829,63,584,584,521
11,83,1365107826061,83,1365107826165,104,295,336,232
11,32,1365107826245,32,1365107826373,128,184,208,80
11,72,1365107826605,72,1365107826701,96,360,328,232
11,69,1365107826757,69,1365107826845,88,152,144,56
11,82,1365107826901,82,1365107826965,64,144,120,56
11,69,1365107826998,69,1365107827077,79,97,112,33
11,188,1365107828078,188,1365107828173,95,1080,1096,1001
11,32,1365107828237,32,1365107828349,112,159,176,64
11,69,1365107828413,69,1365107828526,113,176,177,64
11,86,1365107828526,86,1365107828589,63,113,63,0
11,69,1365107828645,69,1365107828733,88,119,144,56
11,78,1365107828733,78,1365107828821,88,88,88,0
11,32,1365107828821,32,1365107828917,96,88,96,0
11,65,1365107829013,65,1365107829109,96,192,192,96
11,70,1365107829141,70,1365107829261,120,128,152,32
11,84,1365107829213,84,1365107829325,112,72,64,-48
11,69,1365107829365,69,1365107829469,104,152,144,40
11,82,1365107829485,82,1365107829549,64,120,80,16
11,32,1365107829685,32,1365107829789,104,200,240,136
11,87,1365107829949,87,1365107830053,104,264,264,160
11,8,1365107830445,8,1365107830621,176,496,568,392
11,84,1365107831141,84,1365107831197,56,696,576,520
11,72,1365107831302,72,1365107831390,88,161,193,105
11,69,1365107831390,69,1365107831470,80,88,80,0
11,32,1365107831446,32,1365107831550,104,56,80,-24
11,69,1365107831614,69,1365107831678,64,168,128,64
11,78,1365107831710,78,1365107831782,72,96,104,32
11,68,1365107831838,68,1365107831910,72,128,128,56
11,32,1365107831926,32,1365107832014,88,88,104,16
11,79,1365107832078,79,1365107832190,112,152,176,64
11,70,1365107832151,70,1365107832222,71,73,32,-39
11,32,1365107832262,32,1365107832342,80,111,120,40
11,65,1365107832790,65,1365107832862,72,528,520,448
11,82,1365107832982,82,1365107833022,40,192,160,120
11,67,1365107833118,67,1365107833198,80,136,176,96
11,72,1365107833246,72,1365107833310,64,128,112,48
11,190,1365107834926,190,1365107834982,56,1680,1672,1616
11,32,1365107835174,32,1365107835254,80,248,272,192
11,75,1365107836062,75,1365107836150,88,888,896,808
11,65,1365107836214,65,1365107836302,88,152,152,64
11,89,1365107836350,89,1365107836406,56,136,104,48
11,188,1365107836606,188,1365107836694,88,256,288,200
11,32,1365107836766,32,1365107836846,80,160,152,72
11,84,1365107836926,84,1365107836998,72,160,152,80
11,72,1365107837086,72,1365107837174,88,160,176,88
11,65,1365107837174,65,1365107837270,96,88,96,0
11,84,1365107837270,84,1365107837334,64,96,64,0
11,32,1365107837334,32,1365107837406,72,64,72,0
11,87,1365107837454,87,1365107837518,64,120,112,48
11,65,1365107837662,65,1365107837750,88,208,232,144
11,83,1365107837830,83,1365107837926,96,168,176,80
11,32,1365107837926,32,1365107838022,96,96,96,0
11,8,1365107838230,8,1365107838286,56,304,264,208
11,8,1365107838382,8,1365107838446,64,152,160,96
11,8,1365107838534,8,1365107838598,64,152,152,88
11,8,1365107838702,8,1365107838766,64,168,168,104
11,83,1365107838910,83,1365107838982,72,208,216,144
11,79,1365107838998,79,1365107839118,120,88,136,16
11,85,1365107839094,85,1365107839174,80,96,56,-24
11,78,1365107839286,78,1365107839374,88,192,200,112
11,68,1365107839358,68,1365107839430,72,72,56,-16
11,83,1365107839582,83,1365107839661,79,224,231,152
11,32,1365107839894,32,1365107839989,95,312,328,233
11,65,1365107840038,65,1365107840094,56,144,105,49
11,32,1365107840174,32,1365107840261,87,136,167,80
11,76,1365107840557,76,1365107840701,144,383,440,296
11,73,1365107840661,73,1365107840749,88,104,48,-40
11,84,1365107840909,84,1365107840966,57,248,217,160
11,84,1365107841037,84,1365107841093,56,128,127,71
11,76,1365107841238,76,1365107841310,72,201,217,145
11,69,1365107841333,69,1365107841413,80,95,103,23
11,32,1365107841389,32,1365107841445,56,56,32,-24
11,66,1365107841549,66,1365107841621,72,160,176,104
11,73,1365107841733,73,1365107841797,64,184,176,112
11,84,1365107841933,84,1365107842021,88,200,224,136
11,32,1365107842093,32,1365107842157,64,160,136,72
11,69,1365107842365,69,1365107842445,80,272,288,208
11,88,1365107842893,88,1365107842941,48,528,496,448
11,88,1365107843029,88,1365107843085,56,136,144,88
11,65,1365107843269,65,1365107843326,57,240,241,184
11,71,1365107843445,71,1365107843533,88,176,207,119
11,69,1365107843589,69,1365107843670,81,144,137,56
11,82,1365107843733,82,1365107843789,56,144,119,63
11,84,1365107843917,84,1365107843997,80,184,208,128
11,65,1365107844061,65,1365107844109,48,144,112,64
11,8,1365107844373,8,1365107844429,56,312,320,264
11,8,1365107844518,8,1365107844613,95,145,184,89
11,65,1365107845070,65,1365107845141,71,552,528,457
11,84,1365107845236,84,1365107845309,73,166,168,95
11,69,1365107845374,69,1365107845453,79,138,144,65
11,68,1365107845581,68,1365107845669,88,207,216,128
11,32,1365107845670,32,1365107845741,71,89,72,1
11,37,1365107846229,37,1365107847094,865,559,1353,488
11,39,1365107847365,39,1365107847445,80,1136,351,271
11,39,1365107847525,39,1365107847637,112,160,192,80
11,46,1365107847789,46,1365107847853,64,264,216,152
11,35,1365107848061,35,1365107848165,104,272,312,208
11,8,1365107852598,8,1365107852662,64,4537,4497,4433
11,190,1365107852918,190,1365107853014,96,320,352,256
11,8,1365107853286,8,1365107853406,120,368,392,272
11,188,1365107853574,188,1365107853662,88,288,256,168
11,32,1365107853718,32,1365107853782,64,144,120,56
11,78,1365107853902,78,1365107853934,32,184,152,120
11,8,1365107854294,8,1365107854366,72,392,432,360
11,66,1365107854566,66,1365107854630,64,272,264,200
11,85,1365107854734,85,1365107854806,72,168,176,104
11,84,1365107854870,84,1365107854950,80,136,144,64
11,32,1365107854950,32,1365107855014,64,80,64,0
11,83,1365107855054,83,1365107855118,64,104,104,40
11,84,1365107855094,84,1365107855166,72,40,48,-24
11,73,1365107855278,73,1365107855366,88,184,200,112
11,76,1365107855486,76,1365107855542,56,208,176,120
11,76,1365107855614,76,1365107855710,96,128,168,72
11,188,1365107855814,188,1365107855894,80,200,184,104
11,32,1365107855950,32,1365107856054,104,136,160,56
11,87,1365107856174,87,1365107856270,96,224,216,120
11,72,1365107856270,72,1365107856341,71,96,71,0
11,69,1365107856406,69,1365107856478,72,136,137,65
11,82,1365107856510,82,1365107856566,56,104,88,32
11,69,1365107856606,69,1365107856694,88,96,128,40
11,32,1365107856694,32,1365107856773,79,88,79,0
11,73,1365107856845,73,1365107856934,89,151,161,72
11,83,1365107856982,83,1365107857062,80,137,128,48
11,32,1365107857014,32,1365107857094,80,32,32,-48
11,84,1365107857214,84,1365107857278,64,200,184,120
11,72,1365107857390,72,1365107857510,120,176,232,112
11,69,1365107857478,69,1365107857582,104,88,72,-32
11,32,1365107857542,32,1365107857645,103,64,63,-40
11,83,1365107857757,83,1365107857853,96,215,208,112
11,85,1365107857837,85,1365107858021,184,80,168,-16
11,78,1365107857957,78,1365107858117,160,120,96,-64
11,37,1365107861909,37,1365107862573,664,3952,4456,3792
11,35,1365107862925,35,1365107863005,80,1016,432,352
11,32,1365107863581,32,1365107863685,104,656,680,576
11,32,1365107864165,32,1365107864293,128,584,608,480
11,87,1365107864365,87,1365107864477,112,200,184,72
11,79,1365107864478,79,1365107864629,151,113,152,1
11,85,1365107864581,85,1365107864661,80,103,32,-48
11,76,1365107864765,76,1365107864853,88,184,192,104
11,68,1365107864853,68,1365107864941,88,88,88,0
11,32,1365107864918,32,1365107864973,55,65,32,-23
11,76,1365107865061,76,1365107865237,176,143,264,88
11,73,1365107865189,73,1365107865269,80,128,32,-48
11,85,1365107865213,85,1365107865269,56,24,0,-56
11,8,1365107865766,8,1365107865877,111,553,608,497
11,8,1365107866053,8,1365107866149,96,287,272,176
11,79,1365107866519,79,1365107866594,75,466,445,370
11,86,1365107866758,86,1365107866838,80,239,244,164
11,69,1365107866878,69,1365107866966,88,120,128,40
11,32,1365107866966,32,1365107867038,72,88,72,0
11,84,1365107867118,84,1365107867174,56,152,136,80
11,79,1365107867319,79,1365107867406,87,201,232,145
11,32,1365107867407,32,1365107867494,87,88,88,1
11,83,1365107867550,83,1365107867622,72,143,128,56
11,69,1365107867766,69,1365107867806,40,216,184,144
11,69,1365107867902,69,1365107867982,80,136,176,96
11,8,1365107868406,8,1365107868470,64,504,488,424
11,8,1365107868558,8,1365107868622,64,152,152,88
11,8,1365107868710,8,1365107868774,64,152,152,88
11,69,1365107868822,69,1365107868918,96,112,144,48
11,78,1365107868982,78,1365107869054,72,160,136,64
11,74,1365107869199,74,1365107869278,79,217,224,145
11,79,1365107869358,79,1365107869446,88,159,168,80
11,89,1365107869534,89,1365107869614,80,176,168,88
11,32,1365107869638,32,1365107869742,104,104,128,24
11,65,1365107869838,65,1365107869918,80,200,176,96
11,32,1365107869942,32,1365107870030,88,104,112,24
11,78,1365107870710,78,1365107870846,136,768,816,680
11,73,1365107870822,73,1365107870942,120,112,96,-24
11,67,1365107870974,67,1365107871110,136,152,168,32
11,69,1365107871062,69,1365107871206,144,88,96,-48
11,32,1365107871270,32,1365107871374,104,208,168,64
11,67,1365107871518,67,1365107871590,72,248,216,144
11,79,1365107871630,79,1365107871694,64,112,104,40
11,76,1365107871846,76,1365107871926,80,216,232,152
11,68,1365107872054,68,1365107872150,96,208,224,128
11,188,1365107872334,188,1365107872398,64,280,248,184
11,8,1365107872734,8,1365107872798,64,400,400,336
11,32,1365107872942,32,1365107873022,80,208,224,144
11,8,1365107873350,8,1365107873422,72,408,400,328
11,8,1365107873526,8,1365107873582,56,176,160,104
11,8,1365107873678,8,1365107873742,64,152,160,96
11,8,1365107873838,8,1365107873901,63,160,159,96
11,8,1365107873998,8,1365107874062,64,160,161,97
11,8,1365107874157,8,1365107874213,56,159,151,95
11,8,1365107874766,8,1365107874813,47,609,600,553
11,8,1365107874934,8,1365107874997,63,168,184,121
11,8,1365107875102,8,1365107875166,64,168,169,105
11,8,1365107875278,8,1365107875358,80,176,192,112
11,8,1365107875966,8,1365107876037,71,688,679,608
11,78,1365107876261,78,1365107876358,97,295,321,224
11,32,1365107876358,32,1365107876437,79,97,79,0
11,73,1365107876533,73,1365107876605,72,175,168,96
11,67,1365107876709,67,1365107876830,121,176,225,104
11,69,1365107876797,69,1365107876918,121,88,88,-33
11,32,1365107876893,32,1365107876981,88,96,63,-25
11,67,1365107877077,67,1365107877181,104,184,200,96
11,79,1365107877157,79,1365107877221,64,80,40,-24
11,76,1365107877341,76,1365107877429,88,184,208,120
11,68,1365107877430,68,1365107877533,103,89,104,1
11,32,1365107877534,32,1365107877589,55,104,56,1
11,70,1365107877821,70,1365107877853,32,287,264,232
11,68,1365107877823,68,1365107877877,54,2,24,-30
11,82,1365107878118,82,1365107878165,47,295,288,241
11,8,1365107878805,8,1365107878861,56,687,696,640
11,8,1365107878950,8,1365107879037,87,145,176,89
11,8,1365107879125,8,1365107879229,104,175,192,88
11,68,1365107879245,68,1365107879333,88,120,104,16
11,82,1365107879446,82,1365107879549,103,201,216,113
11,73,1365107879550,73,1365107879613,63,104,64,1
11,78,1365107879661,78,1365107879821,160,111,208,48
11,75,1365107879797,75,1365107879901,104,136,80,-24
11,32,1365107879933,32,1365107880013,80,136,112,32
11,79,1365107880085,79,1365107880197,112,152,184,72
11,78,1365107880237,78,1365107880365,128,152,168,40
11,32,1365107880365,32,1365107880485,120,128,120,0
11,65,1365107880558,65,1365107880645,87,193,160,73
11,32,1365107880677,32,1365107880773,96,119,128,32
11,72,1365107880869,72,1365107880965,96,192,192,96
11,79,1365107881109,79,1365107881197,88,240,232,144
11,84,1365107881397,84,1365107881485,88,288,288,200
11,32,1365107881517,32,1365107881605,88,120,120,32
11,83,1365107881661,83,1365107881749,88,144,144,56
11,77,1365107882013,77,1365107882053,40,352,304,264
11,77,1365107882165,77,1365107882189,24,152,136,112
11,8,1365107882421,8,1365107882485,64,256,296,232
11,8,1365107882550,8,1365107882638,88,129,153,65
11,85,1365107882805,85,1365107882861,56,255,223,167
11,77,1365107883005,77,1365107883045,40,200,184,144
11,77,1365107883149,77,1365107883213,64,144,168,104
11,69,1365107883253,69,1365107883349,96,104,136,40
11,82,1365107883445,82,1365107883533,88,192,184,96
11,32,1365107883557,32,1365107883662,105,112,129,24
11,68,1365107884190,68,1365107884262,72,633,600,528
11,65,1365107884430,65,1365107884534,104,240,272,168
11,89,1365107884534,89,1365107884622,88,104,88,0
11,188,1365107884854,188,1365107884950,96,320,328,232
11,32,1365107885038,32,1365107885134,96,184,184,88
11,67,1365107885198,67,1365107885270,72,160,136,64
11,79,1365107885286,79,1365107885390,104,88,120,16
11,77,1365107885414,77,1365107885510,96,128,120,24
11,80,1365107885614,80,1365107885702,88,200,192,104
11,65,1365107885702,65,1365107885782,80,88,80,0
11,82,1365107885894,82,1365107885950,56,192,168,112
11,69,1365107885998,69,1365107886078,80,104,128,48
11,68,1365107886190,68,1365107886278,88,192,200,112
11,32,1365107886254,32,1365107886318,64,64,40,-24
11,84,1365107886374,84,1365107886438,64,120,120,56
11,79,1365107886606,79,1365107886686,80,232,248,168
11,32,1365107886766,32,1365107886846,80,160,160,80
11,65,1365107887446,65,1365107887526,80,680,680,600
11,32,1365107888078,32,1365107888174,96,632,648,552
11,72,1365107888318,72,1365107888390,72,240,216,144
11,79,1365107888502,79,1365107888582,80,184,192,112
11,84,1365107888726,84,1365107888798,72,224,216,144
11,32,1365107888798,32,1365107888878,80,72,80,0
11,67,1365107888942,67,1365107889046,104,144,168,64
11,72,1365107889070,72,1365107889126,56,128,80,24
11,79,1365107889254,79,1365107889326,72,184,200,128
11,67,1365107889758,67,1365107889846,88,504,520,432
11,79,1365107890142,79,1365107890222,80,384,376,296
11,76,1365107890534,76,1365107890646,112,392,424,312
11,65,1365107890766,65,1365107890838,72,232,192,120
11,84,1365107890910,84,1365107890990,80,144,152,72
11,69,1365107891038,69,1365107891126,88,128,136,48
11,32,1365107891150,32,1365107891230,80,112,104,24
11,79,1365107891310,79,1365107891382,72,160,152,80
11,78,1365107891470,78,1365107891582,112,160,200,88
11,32,1365107891550,32,1365107891678,128,80,96,-32
11,65,1365107891718,65,1365107891806,88,168,128,40
11,32,1365107891846,32,1365107891950,104,128,144,40
11,72,1365107892733,72,1365107892790,57,887,840,783
11,79,1365107892910,79,1365107892997,87,177,207,120
11,84,1365107893190,84,1365107893277,87,280,280,193
11,8,1365107893565,8,1365107893629,64,375,352,288
11,8,1365107893710,8,1365107893781,71,145,152,81
11,8,1365107893869,8,1365107893949,80,159,168,88
11,67,1365107894342,67,1365107894438,96,473,489,393
11,79,1365107894430,79,1365107894493,63,88,55,-8
11,76,1365107894629,76,1365107894717,88,199,224,136
11,68,1365107894749,68,1365107894830,81,120,113,32
11,188,1365107896573,188,1365107896653,80,1824,1823,1743
11,32,1365107896749,32,1365107896821,72,176,168,96
11,68,1365107896901,68,1365107896997,96,152,176,80
11,82,1365107897150,82,1365107897213,63,249,216,153
11,69,1365107897293,69,1365107897365,72,143,152,80
11,69,1365107897437,69,1365107897541,104,144,176,72
11,8,1365107900053,8,1365107900125,72,2616,2584,2512
11,8,1365107900213,8,1365107900293,80,160,168,88
11,8,1365107900389,8,1365107900461,72,176,168,96
11,8,1365107900829,8,1365107900925,96,440,464,368
11,70,1365107901414,70,1365107901574,160,585,649,489
11,82,1365107901502,82,1365107901646,144,88,72,-72
11,69,1365107901830,69,1365107901918,88,328,272,184
11,69,1365107902006,69,1365107902086,80,176,168,88
11,90,1365107902510,90,1365107902598,88,504,512,424
11,73,1365107902718,73,1365107902782,64,208,184,120
11,78,1365107902878,78,1365107902958,80,160,176,96
11,71,1365107903070,71,1365107903142,72,192,184,112
11,32,1365107903142,32,1365107903254,112,72,112,0
11,68,1365107904438,68,1365107904526,88,1296,1272,1184
11,65,1365107904710,65,1365107904782,72,272,256,184
11,89,1365107904926,89,1365107905046,120,216,264,144
11,32,1365107905734,32,1365107905838,104,808,792,688
11,70,1365107905902,70,1365107905990,88,168,152,64
11,73,1365107906022,73,1365107906078,56,120,88,32
11,76,1365107906230,76,1365107906302,72,208,224,152
11,76,1365107906350,76,1365107906454,104,120,152,48
11,69,1365107906694,69,1365107906766,72,344,312,240
11,68,1365107906878,68,1365107906998,120,184,232,112
11,32,1365107906990,32,1365107907062,72,112,64,-8
11,87,1365107907134,87,1365107907206,72,144,144,72
11,73,1365107907206,73,1365107907263,57,72,57,0
11,84,1365107907334,84,1365107907398,64,128,135,71
11,72,1365107907494,72,1365107907582,88,160,184,96
11,32,1365107907558,32,1365107907646,88,64,64,-24
11,83,1365107907686,83,1365107907758,72,128,112,40
11,78,1365107907822,78,1365107907878,56,136,120,64
11,79,1365107908014,79,1365107908094,80,192,216,136
11,87,1365107908150,87,1365107908206,56,136,112,56
11,190,1365107908310,190,1365107908374,64,160,168,104
12,32,1363373301877,32,1363373301964,87,161,160,73
12,87,1363373302012,87,1363373302092,80,135,128,48
12,65,1363373302172,65,1363373302293,121,160,201,80
12,83,1363373302316,83,1363373302413,97,144,120,23
12,32,1363373302413,32,1363373302492,79,97,79,0
12,84,1363373302524,84,1363373302596,72,111,104,32
12,72,1363373302597,72,1363373302677,80,73,81,1
12,69,1363373302677,69,1363373302732,55,80,55,0
12,32,1363373302756,32,1363373302847,91,79,115,24
12,66,1363373302892,66,1363373302996,104,136,149,45
12,69,1363373302972,69,1363373303052,80,80,56,-24
12,83,1363373303132,83,1363373303196,64,160,144,80
12,84,1363373303276,84,1363373303332,56,144,136,80
12,32,1363373303372,32,1363373303460,88,96,128,40
12,79,1363373303620,79,1363373303741,121,248,281,160
12,70,1363373303780,70,1363373303847,67,160,106,39
12,32,1363373303869,32,1363373303948,79,89,101,22
12,84,1363373304084,84,1363373304156,72,215,208,136
12,73,1363373304356,73,1363373304460,104,272,304,200
12,77,1363373304460,77,1363373304574,114,104,114,0
12,69,1363373304574,69,1363373304644,70,114,70,0
12,83,1363373304724,83,1363373304812,88,150,168,80
12,188,1363373304837,188,1363373304943,106,113,131,25
12,32,1363373304980,32,1363373305068,88,143,125,37
12,73,1363373305092,73,1363373305204,112,112,136,24
12,84,1363373305244,84,1363373305324,80,152,120,40
12,32,1363373305349,32,1363373305420,71,105,96,25
12,87,1363373305468,87,1363373305540,72,119,120,48
12,65,1363373305591,65,1363373305708,117,123,168,51
12,83,1363373305732,83,1363373305828,96,141,120,24
12,32,1363373305829,32,1363373305908,79,97,80,1
12,84,1363373305956,84,1363373306012,56,127,104,48
12,72,1363373306044,72,1363373306121,77,88,109,32
12,69,1363373306121,69,1363373306172,51,77,51,0
12,32,1363373306196,32,1363373306276,80,75,104,24
12,87,1363373306412,87,1363373306484,72,216,208,136
12,79,1363373306500,79,1363373306574,74,88,90,16
12,82,1363373306596,82,1363373306677,81,96,103,22
12,83,1363373306756,83,1363373306804,48,160,127,79
12,84,1363373306884,84,1363373306940,56,128,136,80
12,32,1363373306972,32,1363373307052,80,88,112,32
12,84,1363373307084,84,1363373307132,48,112,80,32
12,8,1363373307396,8,1363373307464,68,312,332,264
12,79,1363373307532,79,1363373307612,80,136,148,68
12,70,1363373307668,70,1363373307739,71,136,127,56
12,32,1363373307772,32,1363373307884,112,104,145,33
12,84,1363373308156,84,1363373308244,88,384,360,272
12,73,1363373308284,73,1363373308388,104,128,144,40
12,77,1363373308508,77,1363373308620,112,224,232,120
12,69,1363373308660,69,1363373308726,66,152,106,40
12,83,1363373308828,83,1363373308899,71,168,173,102
12,188,1363373308940,188,1363373309052,112,112,153,41
12,32,1363373309099,32,1363373309164,65,159,112,47
12,73,1363373309220,73,1363373309300,80,121,136,56
12,84,1363373309361,84,1363373309420,59,141,120,61
12,32,1363373309452,32,1363373309516,64,91,96,32
12,87,1363373309564,87,1363373309626,62,112,110,48
12,65,1363373309684,65,1363373309788,104,120,162,58
12,83,1363373309820,83,1363373309916,96,136,128,32
12,32,1363373309909,32,1363373309981,72,89,65,-7
12,84,1363373310020,84,1363373310101,81,111,120,39
12,72,1363373310101,72,1363373310170,69,81,69,0
12,69,1363373310188,69,1363373310254,66,87,84,18
12,32,1363373310276,32,1363373310356,80,88,102,22
12,65,1363373310412,65,1363373310476,64,136,120,56
12,71,1363373310548,71,1363373310636,88,136,160,72
12,69,1363373310724,69,1363373310820,96,176,184,88
12,32,1363373310852,32,1363373310940,88,128,120,32
12,79,1363373310970,79,1363373311068,98,118,128,30
12,70,1363373311092,70,1363373311162,70,122,94,24
12,32,1363373311196,32,1363373311276,80,104,114,34
12,87,1363373311324,87,1363373311404,80,128,128,48
12,73,1363373311430,73,1363373311532,102,106,128,26
12,83,1363373311580,83,1363373311684,104,150,152,48
12,68,1363373311844,68,1363373311916,72,264,232,160
12,79,1363373311916,79,1363373312012,96,72,96,0
12,77,1363373312012,77,1363373312084,72,96,72,0
12,188,1363373312204,188,1363373312292,88,192,208,120
12,32,1363373312335,32,1363373312420,85,131,128,43
12,73,1363373312620,73,1363373312748,128,285,328,200
12,84,1363373312786,84,1363373312867,81,166,119,38
12,32,1363373312884,32,1363373312967,83,98,100,17
12,87,1363373313004,87,1363373313084,80,120,117,37
12,65,1363373313148,65,1363373313252,104,144,168,64
12,83,1363373313292,83,1363373313356,64,144,104,40
12,32,1363373313356,32,1363373313428,72,64,72,0
12,84,1363373313468,84,1363373313532,64,112,104,40
12,72,1363373313548,72,1363373313612,64,80,80,16
12,69,1363373313612,69,1363373313684,72,64,72,0
12,32,1363373313684,32,1363373313768,84,72,84,0
12,65,1363373314220,65,1363373314292,72,536,524,452
12,71,1363373314404,71,1363373314488,84,184,196,112
12,69,1363373314556,69,1363373314612,56,152,124,68
12,32,1363373314636,32,1363373314724,88,80,112,24
12,79,1363373314732,79,1363373314804,72,96,80,8
12,70,1363373314836,70,1363373314900,64,104,96,32
12,32,1363373314936,32,1363373315024,88,100,124,36
12,70,1363373315132,70,1363373315212,80,196,188,108
12,79,1363373315212,79,1363373315284,72,80,72,0
12,76,1363373315476,76,1363373315524,48,264,240,192
12,76,1363373315604,76,1363373315684,80,128,160,80
12,8,1363373316348,8,1363373316404,56,744,720,664
12,8,1363373316476,8,1363373316580,104,128,176,72
12,79,1363373316612,79,1363373316684,72,136,104,32
12,76,1363373316812,76,1363373316868,56,200,184,128
12,73,1363373317172,73,1363373317244,72,360,376,304
12,83,1363373317308,83,1363373317380,72,136,136,64
12,72,1363373317412,72,1363373317476,64,104,96,32
12,78,1363373317652,78,1363373317726,74,240,250,176
12,69,1363373317796,69,1363373317859,63,144,133,70
12,83,1363373317956,83,1363373318016,60,160,157,97
12,83,1363373318077,83,1363373318140,63,121,124,61
12,188,1363373318197,188,1363373318285,88,120,145,57
12,32,1363373318349,32,1363373318452,103,152,167,64
12,73,1363373318492,73,1363373318588,96,143,136,40
12,84,1363373318621,84,1363373318692,71,129,104,33
12,32,1363373318708,32,1363373318780,72,87,88,16
12,87,1363373318821,87,1363373318876,55,113,96,41
12,65,1363373318925,65,1363373319045,120,104,169,49
12,83,1363373319045,83,1363373319133,88,120,88,0
12,32,1363373319133,32,1363373319205,72,88,72,0
12,84,1363373319244,84,1363373319308,64,111,103,39
12,72,1363373319309,72,1363373319381,72,65,73,1
12,69,1363373319381,69,1363373319461,80,72,80,0
12,32,1363373319461,32,1363373319533,72,80,72,0
12,69,1363373319610,69,1363373319684,74,149,151,77
12,80,1363373319708,80,1363373319796,88,98,112,24
12,79,1363373319892,79,1363373319965,73,184,169,96
12,67,1363373320021,67,1363373320084,63,129,119,56
12,72,1363373320160,72,1363373320276,116,139,192,76
12,32,1363373320364,32,1363373320445,81,204,169,88
12,79,1363373320452,79,1363373320532,80,88,87,7
12,70,1363373320852,70,1363373320932,80,400,400,320
12,32,1363373321028,32,1363373321142,114,176,210,96
12,66,1363373321444,66,1363373321503,59,416,361,302
12,69,1363373321636,69,1363373321716,80,192,213,133
12,76,1363373321740,76,1363373321865,125,104,149,24
12,73,1363373321956,73,1363373322037,81,216,172,91
12,70,1363373322164,70,1363373322237,73,208,200,127
12,8,1363373322708,8,1363373322828,120,544,591,471
12,69,1363373322828,69,1363373322900,72,120,72,0
12,70,1363373322940,70,1363373323004,64,112,104,40
12,188,1363373323284,188,1363373323388,104,344,384,280
12,32,1363373323468,32,1363373323556,88,184,168,80
12,73,1363373323580,73,1363373323668,88,112,112,24
12,84,1363373323692,84,1363373323752,60,112,84,24
12,32,1363373323780,32,1363373323852,72,88,100,28
12,87,1363373323884,87,1363373323988,104,104,136,32
12,65,1363373324044,65,1363373324140,96,160,152,56
12,83,1363373324140,83,1363373324236,96,96,96,0
12,32,1363373324236,32,1363373324300,64,96,64,0
12,84,1363373324348,84,1363373324404,56,112,104,48
12,72,1363373324404,72,1363373324476,72,56,72,0
12,69,1363373324476,69,1363373324548,72,72,72,0
12,32,1363373324549,32,1363373324620,71,73,72,1
12,69,1363373324660,69,1363373324732,72,111,112,40
12,80,1363373324732,80,1363373324843,111,72,111,0
12,79,1363373324892,79,1363373324964,72,160,121,49
12,67,1363373325012,67,1363373325092,80,120,128,48
12,72,1363373325244,72,1363373325340,96,232,248,152
12,32,1363373325620,32,1363373325732,112,376,392,280
12,79,1363373325852,79,1363373325932,80,232,200,120
12,70,1363373325964,70,1363373326052,88,112,120,32
12,32,1363373326141,32,1363373326252,111,177,200,89
12,69,1363373326580,69,1363373326648,68,439,396,328
12,78,1363373326684,78,1363373326756,72,104,108,36
12,8,1363373326924,8,1363373326989,65,240,233,168
12,8,1363373327044,8,1363373327092,48,120,103,55
12,73,1363373327228,73,1363373327292,64,184,200,136
12,78,1363373327292,78,1363373327380,88,64,88,0
12,67,1363373327964,67,1363373328036,72,672,656,584
12,82,1363373328156,82,1363373328212,56,192,176,120
12,69,1363373328260,69,1363373328332,72,104,120,48
12,68,1363373328420,68,1363373328530,110,160,198,88
12,85,1363373328516,85,1363373328580,64,96,50,-14
12,76,1363373328707,76,1363373328772,65,191,192,127
12,73,1363373328892,73,1363373328981,89,185,209,120
12,84,1363373329020,84,1363373329068,48,128,87,39
12,89,1363373329244,89,1363373329292,48,224,224,176
12,188,1363373329428,188,1363373329532,104,184,240,136
12,32,1363373330318,32,1363373330436,118,890,904,786
12,73,1363373330748,73,1363373330820,72,430,384,312
12,84,1363373330844,84,1363373330908,64,96,88,24
12,32,1363373330957,32,1363373331050,93,113,142,49
12,87,1363373331068,87,1363373331172,104,111,122,18
12,65,1363373331204,65,1363373331340,136,136,168,32
12,83,1363373331340,83,1363373331428,88,136,88,0
12,32,1363373331407,32,1363373331495,88,67,67,-21
12,84,1363373331532,84,1363373331596,64,125,101,37
12,72,1363373331598,72,1363373331676,78,66,80,2
12,69,1363373331676,69,1363373331748,72,78,72,0
12,32,1363373331748,32,1363373331830,82,72,82,0
12,83,1363373332012,83,1363373332076,64,264,246,182
12,69,1363373332313,69,1363373332380,67,301,304,237
12,65,1363373332476,65,1363373332540,64,163,160,96
12,83,1363373332620,83,1363373332716,96,144,176,80
12,79,1363373332716,79,1363373332772,56,96,56,0
12,78,1363373332820,78,1363373332916,96,104,144,48
12,32,1363373332916,32,1363373333004,88,96,88,0
12,79,1363373333028,79,1363373333068,40,112,64,24
12,70,1363373333437,70,1363373333508,71,409,440,369
12,32,1363373333612,32,1363373333732,120,175,224,104
12,73,1363373334132,73,1363373334220,88,520,488,400
12,71,1363373334236,71,1363373334316,80,104,96,16
12,72,1363373334348,72,1363373334428,80,112,112,32
12,84,1363373334468,84,1363373334524,56,120,96,40
12,188,1363373334836,188,1363373334955,119,368,431,312
12,32,1363373335116,32,1363373335235,119,280,280,161
12,73,1363373335316,73,1363373335412,96,200,177,81
12,84,1363373335437,84,1363373335509,72,121,97,25
12,32,1363373335524,32,1363373335596,72,87,87,15
12,87,1363373335628,87,1363373335692,64,104,96,32
12,65,1363373335740,65,1363373335877,137,112,185,48
12,83,1363373335878,83,1363373335974,96,138,97,1
12,32,1363373335952,32,1363373336029,77,74,55,-22
12,84,1363373336084,84,1363373336148,64,132,119,55
12,72,1363373336181,72,1363373336252,71,97,104,33
12,69,1363373336229,69,1363373336300,71,48,48,-23
12,32,1363373336324,32,1363373336412,88,95,112,24
12,68,1363373336549,68,1363373336628,79,225,216,137
12,8,1363373337052,8,1363373337172,120,503,544,424
12,83,1363373337173,83,1363373337260,87,121,88,1
12,69,1363373337340,69,1363373337428,88,167,168,80
12,65,1363373337500,65,1363373337588,88,160,160,72
12,83,1363373337703,83,1363373337780,77,203,192,115
12,79,1363373337852,79,1363373337932,80,149,152,72
12,78,1363373337978,78,1363373338076,98,126,144,46
12,32,1363373338092,32,1363373338180,88,114,104,16
12,79,1363373338196,79,1363373338278,82,104,98,16
12,70,1363373338279,70,1363373338340,61,83,62,1
12,32,1363373338412,32,1363373338533,121,133,193,72
12,65,1363373338925,65,1363373339021,96,513,488,392
12,82,1363373339108,82,1363373339189,81,183,168,87
12,75,1363373339255,75,1363373339337,82,147,148,66
12,78,1363373339500,78,1363373339580,80,245,243,163
12,69,1363373339580,69,1363373339636,56,80,56,0
12,83,1363373339732,83,1363373339772,40,152,136,96
12,83,1363373339844,83,1363373339900,56,112,128,72
12,188,1363373339980,188,1363373340054,74,136,154,80
12,32,1363373340100,32,1363373340205,105,120,151,46
12,73,1363373340228,73,1363373340326,98,128,121,23
12,84,1363373340326,84,1363373340388,62,98,62,0
12,32,1363373340420,32,1363373340501,81,94,113,32
12,87,1363373340532,87,1363373340620,88,112,119,31
12,65,1363373340644,65,1363373340740,96,112,120,24
12,83,1363373340740,83,1363373340860,120,96,120,0
12,32,1363373340884,32,1363373340964,80,144,104,24
12,84,1363373341004,84,1363373341084,80,120,120,40
12,72,1363373341084,72,1363373341172,88,80,88,0
12,69,1363373341172,69,1363373341252,80,88,80,0
12,32,1363373341252,32,1363373341324,72,80,72,0
12,83,1363373341388,83,1363373341468,80,136,144,64
12,82,1363373341575,82,1363373341636,61,187,168,107
12,80,1363373341636,80,1363373341708,72,61,72,0
12,73,1363373341804,73,1363373341916,112,168,208,96
12,78,1363373341884,78,1363373342004,120,80,88,-32
12,71,1363373341948,71,1363373342004,56,64,0,-56
12,32,1363373342060,32,1363373342148,88,112,144,56
12,79,1363373342148,79,1363373342228,80,88,80,0
12,70,1363373342252,70,1363373342316,64,104,88,24
12,32,1363373342372,32,1363373342444,72,120,128,56
12,72,1363373342596,72,1363373342669,73,224,225,152
12,79,1363373342804,79,1363373342860,56,208,191,135
12,80,1363373343092,80,1363373343172,80,288,312,232
12,69,1363373343220,69,1363373343276,56,128,104,48
12,188,1363373343348,188,1363373343444,96,128,168,72
12,32,1363373343508,32,1363373343596,88,160,152,64
12,73,1363373343654,73,1363373343748,94,146,152,58
12,84,1363373343748,84,1363373343804,56,94,56,0
12,32,1363373343844,32,1363373343932,88,96,128,40
12,87,1363373343988,87,1363373344060,72,144,128,56
12,65,1363373344124,65,1363373344228,104,136,168,64
12,83,1363373344277,83,1363373344372,95,153,144,49
12,32,1363373344372,32,1363373344436,64,95,64,0
12,84,1363373344476,84,1363373344532,56,104,96,40
12,72,1363373344532,72,1363373344612,80,56,80,0
12,69,1363373344612,69,1363373344692,80,80,80,0
12,32,1363373344692,32,1363373344764,72,80,72,0
12,87,1363373344828,87,1363373344908,80,136,144,64
12,73,1363373344933,73,1363373344996,63,105,88,25
12,78,1363373344996,78,1363373345100,104,63,104,0
12,68,1363373345076,68,1363373345124,48,80,24,-24
12,8,1363373345412,8,1363373345516,104,336,392,288
12,84,1363373345516,84,1363373345556,40,104,40,0
12,69,1363373345620,69,1363373345684,64,104,128,64
12,82,1363373345732,82,1363373345812,80,112,128,48
12,32,1363373345837,32,1363373345908,71,105,96,25
12,79,1363373345940,79,1363373346030,90,103,122,32
12,70,1363373346030,70,1363373346100,70,90,70,0
12,32,1363373346124,32,1363373346209,85,94,109,24
12,68,1363373346356,68,1363373346420,64,232,211,147
12,69,1363373346524,69,1363373346596,72,168,176,104
12,83,1363373346733,83,1363373346804,71,209,208,137
12,80,1363373346839,80,1363373346924,85,106,120,35
12,69,1363373346972,69,1363373347028,56,133,104,48
12,65,1363373347103,65,1363373347188,85,131,160,75
12,82,1363373347288,82,1363373347356,68,185,168,100
12,8,1363373347668,8,1363373347716,48,380,360,312
12,8,1363373347804,8,1363373347844,40,136,128,88
12,8,1363373347924,8,1363373348012,88,120,168,80
12,65,1363373348117,65,1363373348228,111,193,216,105
12,73,1363373348228,73,1363373348284,56,111,56,0
12,82,1363373348348,82,1363373348420,72,120,136,64
12,188,1363373348676,188,1363373348772,96,328,352,256
12,32,1363373349444,32,1363373349540,96,768,768,672
12,73,1363373349588,73,1363373349660,72,144,120,48
12,84,1363373349660,84,1363373349732,72,72,72,0
12,32,1363373349756,32,1363373349877,121,96,145,24
12,8,1363373349924,8,1363373349988,64,168,111,47
12,8,1363373350061,8,1363373350148,87,137,160,73
12,87,1363373350188,87,1363373350307,119,127,159,40
12,8,1363373350500,8,1363373350564,64,312,257,193
12,8,1363373350700,8,1363373350740,40,200,176,136
12,87,1363373351100,87,1363373351180,80,400,440,360
12,69,1363373351356,69,1363373351436,80,256,256,176
12,32,1363373351493,32,1363373351628,135,137,192,57
12,72,1363373351716,72,1363373351820,104,223,192,88
12,65,1363373351820,65,1363373351892,72,104,72,0
12,68,1363373352020,68,1363373352084,64,200,192,128
12,32,1363373352116,32,1363373352204,88,96,120,32
12,69,1363373352237,69,1363373352319,82,121,115,33
12,86,1363373352348,86,1363373352467,119,111,148,29
12,69,1363373352484,69,1363373352572,88,136,105,17
12,82,1363373352620,82,1363373352700,80,136,128,48
12,89,1363373352804,89,1363373352845,41,184,145,104
12,84,1363373352805,84,1363373352869,64,1,24,-40
12,72,1363373353108,72,1363373353215,107,303,346,239
12,73,1363373353216,73,1363373353309,93,108,94,1
12,78,1363373353309,78,1363373353405,96,93,96,0
12,71,1363373353429,71,1363373353493,64,120,88,24
12,32,1363373353541,32,1363373353620,79,112,127,48
12,66,1363373353732,66,1363373353829,97,191,209,112
12,69,1363373353829,69,1363373353900,71,97,71,0
12,79,1363373354092,79,1363373354164,72,263,264,192
12,8,1363373354444,8,1363373354524,80,352,360,280
12,70,1363373354572,70,1363373354628,56,128,104,48
12,79,1363373354652,79,1363373354741,89,80,113,24
12,82,1363373354761,82,1363373354812,51,109,71,20
12,69,1363373354853,69,1363373354934,81,92,122,41
12,32,1363373354973,32,1363373355060,87,120,126,39
12,73,1363373355110,73,1363373355164,54,137,104,50
12,8,1363373355412,8,1363373355500,88,302,336,248
12,85,1363373355596,85,1363373355644,48,184,144,96
12,83,1363373355676,83,1363373355748,72,80,104,32
12,188,1363373355988,188,1363373356091,103,312,343,240
12,32,1363373356396,32,1363373356500,104,408,409,305
12,87,1363373356740,87,1363373356828,88,344,328,240
12,69,1363373357020,69,1363373357116,96,280,288,192
12,32,1363373357180,32,1363373357273,93,160,157,64
12,72,1363373357548,72,1363373357660,112,368,387,275
12,65,1363373357700,65,1363373357772,72,152,112,40
12,68,1363373357876,68,1363373357940,64,176,168,104
12,32,1363373357964,32,1363373358060,96,88,120,24
12,78,1363373358044,78,1363373358108,64,80,48,-16
12,79,1363373358176,79,1363373358244,68,132,136,68
12,84,1363373358244,84,1363373358316,72,68,72,0
12,72,1363373358332,72,1363373358372,40,88,56,16
12,73,1363373358428,73,1363373358516,88,96,144,56
12,78,1363373358500,78,1363373358604,104,72,88,-16
12,71,1363373358604,71,1363373358676,72,104,72,0
12,32,1363373358700,32,1363373358804,104,96,128,24
12,66,1363373358780,66,1363373358875,95,80,71,-24
12,69,1363373358875,69,1363373358947,72,95,72,0
12,70,1363373359011,70,1363373359067,56,136,120,64
12,79,1363373359099,79,1363373359195,96,88,128,32
12,82,1363373359195,82,1363373359259,64,96,64,0
12,69,1363373359299,69,1363373359371,72,104,112,40
12,32,1363373359387,32,1363373359483,96,88,112,16
12,85,1363373359699,85,1363373359763,64,312,280,216
12,83,1363373359795,83,1363373359868,73,96,105,32
12,188,1363373359949,188,1363373360067,118,154,199,81
12,32,1363373360140,32,1363373360228,88,191,161,73
12,69,1363373360503,69,1363373360563,60,363,335,275
12,8,1363373360835,8,1363373360948,113,332,385,272
12,87,1363373360948,87,1363373361011,63,113,63,0
12,69,1363373361116,69,1363373361203,87,168,192,105
12,32,1363373361303,32,1363373361401,98,187,198,100
12,87,1363373361467,87,1363373361539,72,164,138,66
12,69,1363373361635,69,1363373361723,88,168,184,96
12,82,1363373362283,82,1363373362379,96,648,656,560
12,69,1363373362435,69,1363373362515,80,152,136,56
12,32,1363373362547,32,1363373362643,96,112,128,32
12,65,1363373362747,65,1363373362852,105,200,209,104
12,76,1363373362875,76,1363373362940,65,128,88,23
12,76,1363373363027,76,1363373363123,96,152,183,87
12,32,1363373363163,32,1363373363259,96,136,136,40
12,71,1363373363743,71,1363373363831,88,580,572,484
12,79,1363373363836,79,1363373363932,96,93,101,5
12,73,1363373364005,73,1363373364107,102,169,175,73
12,78,1363373364067,78,1363373364203,136,62,96,-40
12,71,1363373364203,71,1363373364279,76,136,76,0
12,32,1363373364348,32,1363373364465,117,145,186,69
12,68,1363373364843,68,1363373364921,78,495,456,378
12,73,1363373365116,73,1363373365184,68,273,263,195
12,82,1363373365211,82,1363373365283,72,95,99,27
12,69,1363373365347,69,1363373365419,72,136,136,64
12,67,1363373365499,67,1363373365547,48,152,128,80
12,84,1363373365667,84,1363373365731,64,168,184,120
12,32,1363373365787,32,1363373365867,80,120,136,56
12,84,1363373365947,84,1363373366027,80,160,160,80
12,79,1363373365971,79,1363373366059,88,24,32,-56
12,32,1363373366139,32,1363373366235,96,168,176,80
12,72,1363373366275,72,1363373366364,89,136,129,40
12,69,1363373366364,69,1363373366440,76,89,76,0
12,65,1363373366515,65,1363373366603,88,151,163,75
12,86,1363373366667,86,1363373366763,96,152,160,64
12,69,1363373366747,69,1363373366875,128,80,112,-16
12,78,1363373366939,78,1363373367003,64,192,128,64
12,8,1363373367291,8,1363373367363,72,352,360,288
12,8,1363373367411,8,1363373367491,80,120,128,48
12,8,1363373367563,8,1363373367652,89,152,161,72
12,8,1363373367747,8,1363373367803,56,184,151,95
12,8,1363373367892,8,1363373367947,55,145,144,89
12,8,1363373368043,8,1363373368099,56,151,152,96
12,69,1363373368790,69,1363373368891,101,747,792,691
12,65,1363373369019,65,1363373369099,80,229,208,128
12,86,1363373369187,86,1363373369291,104,168,192,88
12,69,1363373369267,69,1363373369347,80,80,56,-24
12,78,1363373369387,78,1363373369467,80,120,120,40
12,188,1363373369635,188,1363373369763,128,248,296,168
12,32,1363373370291,32,1363373370387,96,656,624,528
12,69,1363373370484,69,1363373370524,40,193,137,97
12,8,1363373370788,8,1363373370900,112,304,376,264
12,87,1363373370875,87,1363373370924,49,87,24,-25
12,69,1363373371051,69,1363373371107,56,176,183,127
12,32,1363373371219,32,1363373371307,88,168,200,112
12,87,1363373371403,87,1363373371483,80,184,176,96
12,69,1363373371620,69,1363373371707,87,217,224,137
12,82,1363373371804,82,1363373371915,111,184,208,97
12,69,1363373371964,69,1363373372019,55,160,104,49
12,32,1363373372339,32,1363373372475,136,375,456,320
12,65,1363373372599,65,1363373372688,89,260,213,124
12,76,1363373372851,76,1363373372923,72,252,235,163
12,76,1363373373003,76,1363373373083,80,152,160,80
12,32,1363373373084,32,1363373373171,87,81,88,1
12,71,1363373373283,71,1363373373401,118,199,230,112
12,79,1363373373419,79,1363373373500,81,136,99,18
12,73,1363373373611,73,1363373373739,128,192,239,111
12,78,1363373373715,78,1363373373827,112,104,88,-24
12,71,1363373373851,71,1363373373923,72,136,96,24
12,32,1363373373963,32,1363373374075,112,112,152,40
12,68,1363373374627,68,1363373374707,80,664,632,552
12,82,1363373374875,82,1363373374963,88,248,256,168
12,73,1363373375019,73,1363373375122,103,144,159,56
12,8,1363373375355,8,1363373375411,56,336,289,233
12,8,1363373375478,8,1363373375539,61,123,128,67
12,73,1363373375566,73,1363373375661,95,88,122,27
12,82,1363373375661,82,1363373375707,46,95,46,0
12,69,1363373375739,69,1363373375827,88,78,120,32
12,67,1363373375915,67,1363373375963,48,176,136,88
12,84,1363373376083,84,1363373376139,56,168,176,120
12,32,1363373376198,32,1363373376267,69,115,128,59
12,84,1363373376307,84,1363373376363,56,109,96,40
12,72,1363373376363,72,1363373376435,72,56,72,0
12,69,1363373376435,69,1363373376499,64,72,64,0
12,32,1363373376523,32,1363373376603,80,88,104,24
12,79,1363373376579,79,1363373376649,70,56,46,-24
12,84,1363373376699,84,1363373376748,49,120,99,50
12,72,1363373376787,72,1363373376851,64,88,103,39
12,69,1363373376811,69,1363373376899,88,24,48,-40
12,82,1363373376947,82,1363373377035,88,136,136,48
12,32,1363373377035,32,1363373377123,88,88,88,0
12,87,1363373377251,87,1363373377347,96,216,224,128
12,65,1363373377403,65,1363373377499,96,152,152,56
12,89,1363373377603,89,1363373377723,120,200,224,104
12,190,1363373377723,190,1363373377843,120,120,120,0
12,76,1363810461241,76,1363810461313,72,88,96,24
12,76,1363810461353,76,1363810461449,96,112,136,40
12,79,1363810461521,79,1363810461593,72,168,144,72
12,188,1363810461985,188,1363810462057,72,464,464,392
12,32,1363810462121,32,1363810462225,104,136,168,64
12,79,1363810462713,79,1363810462793,80,592,568,488
12,83,1363810462889,83,1363810462953,64,176,160,96
12,80,1363810463001,80,1363810463073,72,112,120,48
12,69,1363810463113,69,1363810463209,96,112,136,40
12,8,1363810463721,8,1363810463777,56,608,568,512
12,8,1363810463841,8,1363810463937,96,120,160,64
12,69,1363810463977,69,1363810464049,72,136,112,40
12,80,1363810464025,80,1363810464121,96,48,72,-24
12,72,1363810464265,72,1363810464336,71,240,215,144
12,190,1363810464520,190,1363810464608,88,255,272,184
12,32,1363810464681,32,1363810464745,64,161,137,73
12,32,1363810464817,32,1363810464912,95,136,167,72
12,16,1363810464961,16,1363810465208,247,144,296,49
12,72,1363810465121,72,1363810465209,88,160,1,-87
12,69,1363810465233,69,1363810465272,39,112,63,24
12,82,1363810465337,82,1363810465408,71,104,136,65
12,69,1363810465560,69,1363810465664,104,223,256,152
12,32,1363810465720,32,1363810465840,120,160,176,56
12,73,1363810465896,73,1363810465984,88,176,144,56
12,83,1363810466016,83,1363810466080,64,120,96,32
12,32,1363810466096,32,1363810466200,104,80,120,16
12,77,1363810466425,77,1363810466513,88,329,313,225
12,89,1363810466609,89,1363810466680,71,184,167,96
12,32,1363810466713,32,1363810466808,95,104,128,33
12,83,1363810467224,83,1363810467296,72,511,488,416
12,84,1363810467393,84,1363810467448,55,169,152,97
12,79,1363810467480,79,1363810467544,64,87,96,32
12,82,1363810467576,82,1363810467624,48,96,80,32
12,89,1363810467760,89,1363810467832,72,184,208,136
12,32,1363810467880,32,1363810467952,72,120,120,48
12,84,1363810467984,84,1363810468064,80,104,112,32
12,72,1363810468064,72,1363810468152,88,80,88,0
12,65,1363810468136,65,1363810468192,56,72,40,-16
12,84,1363810468256,84,1363810468344,88,120,152,64
12,32,1363810468328,32,1363810468416,88,72,72,-16
12,16,1363810468648,16,1363810468856,208,320,440,232
12,73,1363810468768,73,1363810468864,96,120,8,-88
12,32,1363810468888,32,1363810468960,72,120,96,24
12,65,1363810469048,65,1363810469144,96,160,184,88
12,77,1363810469136,77,1363810469216,80,88,72,-8
12,32,1363810469272,32,1363810469368,96,136,152,56
12,66,1363810469440,66,1363810469528,88,168,160,72
12,69,1363810469688,69,1363810469752,64,248,224,160
12,71,1363810470120,71,1363810470168,48,432,416,368
12,73,1363810470169,73,1363810470240,71,49,72,1
12,78,1363810470272,78,1363810470336,64,103,96,32
12,78,1363810470408,78,1363810470496,88,136,160,72
12,73,1363810470520,73,1363810470616,96,112,120,24
12,78,1363810470600,78,1363810470704,104,80,88,-16
12,71,1363810470688,71,1363810470752,64,88,48,-16
12,32,1363810470800,32,1363810470872,72,112,120,48
12,84,1363810470928,84,1363810471024,96,128,152,56
12,79,1363810471024,79,1363810471112,88,96,88,0
12,32,1363810471136,32,1363810471216,80,112,104,24
12,83,1363810471352,83,1363810471400,48,216,184,136
12,69,1363810471521,69,1363810471576,55,169,176,121
12,78,1363810471577,78,1363810471648,71,56,72,1
12,68,1363810471696,68,1363810471760,64,119,112,48
12,32,1363810471784,32,1363810471856,72,88,96,24
12,84,1363810472128,84,1363810472192,64,344,336,272
12,79,1363810472216,79,1363810472264,48,88,72,24
12,32,1363810472320,32,1363810472456,136,104,192,56
12,89,1363810472624,89,1363810472712,88,304,256,168
12,79,1363810472648,79,1363810472712,64,24,0,-64
12,85,1363810472744,85,1363810472800,56,96,88,32
12,190,1363810472976,190,1363810473072,96,232,272,176
12,32,1363810473112,32,1363810473184,72,136,112,40
12,32,1363810473248,32,1363810473352,104,136,168,64
12,79,1363810474168,79,1363810474248,80,920,896,816
12,68,1363810474296,68,1363810474376,80,128,128,48
12,65,1363810474440,65,1363810474536,96,144,160,64
12,89,1363810474537,89,1363810474648,111,97,112,1
12,32,1363810474704,32,1363810474800,96,167,152,56
12,73,1363810474856,73,1363810474936,80,152,136,56
12,83,1363810474960,83,1363810475040,80,104,104,24
12,32,1363810475040,32,1363810475144,104,80,104,0
12,65,1363810475312,65,1363810475400,88,272,256,168
12,78,1363810475400,78,1363810475448,48,88,48,0
12,79,1363810475544,79,1363810475608,64,144,160,96
12,84,1363810475640,84,1363810475704,64,96,96,32
12,72,1363810475728,72,1363810475817,89,88,113,24
12,69,1363810475817,69,1363810475897,80,89,80,0
12,82,1363810475961,82,1363810476041,80,144,144,64
12,32,1363810476041,32,1363810476129,88,80,88,0
12,68,1363810476593,68,1363810476649,56,552,520,464
12,65,1363810476801,65,1363810476881,80,208,232,152
12,89,1363810476881,89,1363810476953,72,80,72,0
12,32,1363810477033,32,1363810477121,88,152,168,80
12,73,1363810477185,73,1363810477297,112,152,176,64
12,78,1363810477265,78,1363810477377,112,80,80,-32
12,32,1363810477377,32,1363810477433,56,112,56,0
12,84,1363810477497,84,1363810477561,64,120,128,64
12,72,1363810477561,72,1363810477633,72,64,72,0
12,69,1363810477633,69,1363810477729,96,72,96,0
12,32,1363810477721,32,1363810477809,88,88,80,-8
12,70,1363810478033,70,1363810478105,72,312,296,224
12,82,1363810478225,82,1363810478281,56,192,176,120
12,73,1363810478281,73,1363810478353,72,56,72,0
12,71,1363810478553,71,1363810478633,80,272,280,200
12,73,1363810478705,73,1363810478793,88,152,160,72
12,68,1363810478833,68,1363810478905,72,128,112,40
12,32,1363810478905,32,1363810479033,128,72,128,0
12,69,1363810479377,69,1363810479457,80,472,424,344
12,88,1363810479593,88,1363810479649,56,216,192,136
12,80,1363810479673,80,1363810479745,72,80,96,24
12,65,1363810479833,65,1363810479905,72,160,160,88
12,78,1363810479929,78,1363810480017,88,96,112,24
12,83,1363810480057,83,1363810480113,56,128,96,40
12,69,1363810480185,69,1363810480273,88,128,160,72
12,32,1363810480289,32,1363810480361,72,104,88,16
12,84,1363810480409,84,1363810480481,72,120,120,48
12,72,1363810480481,72,1363810480561,80,72,80,0
12,65,1363810480561,65,1363810480608,47,80,47,0
12,84,1363810480665,84,1363810480752,87,104,144,57
12,32,1363810480793,32,1363810480888,95,128,136,41
12,73,1363810480969,73,1363810481049,80,176,161,81
12,83,1363810481080,83,1363810481161,81,111,112,31
12,32,1363810481137,32,1363810481257,120,57,96,-24
12,75,1363810481329,75,1363810481433,104,192,176,72
12,78,1363810481434,78,1363810481505,71,105,72,1
12,79,1363810481585,79,1363810481729,144,151,224,80
12,87,1363810481737,87,1363810481849,112,152,120,8
12,78,1363810481881,78,1363810482000,119,144,151,32
12,32,1363810481992,32,1363810482096,104,111,96,-8
12,65,1363810482217,65,1363810482304,87,225,208,121
12,83,1363810482369,83,1363810482449,80,152,145,65
12,32,1363810482449,32,1363810482560,111,80,111,0
12,65,1363810483432,65,1363810483544,112,983,984,872
12,83,1363810483616,83,1363810483688,72,184,144,72
12,84,1363810483784,84,1363810483872,88,168,184,96
12,32,1363810483873,32,1363810483984,111,89,112,1
12,16,1363810483968,16,1363810484193,225,95,209,-16
12,76,1363810484064,76,1363810484201,137,96,8,-129
12,65,1363810484225,65,1363810484304,79,161,103,24
12,78,1363810484336,78,1363810484416,80,111,112,32
12,83,1363810484448,83,1363810484529,81,112,113,32
12,73,1363810484529,73,1363810484600,71,81,71,0
12,78,1363810484584,78,1363810484680,96,55,80,-16
12,71,1363810484680,71,1363810484760,80,96,80,0
12,190,1363810484848,190,1363810484936,88,168,176,88
12,32,1363810484960,32,1363810485032,72,112,96,24
12,32,1363810485104,32,1363810485216,112,144,184,72
12,32,1363810485816,32,1363810485928,112,712,712,600
12,65,1363810487960,65,1363810488064,104,2144,2136,2032
12,77,1363810488056,77,1363810488160,104,96,96,-8
12,32,1363810488160,32,1363810488248,88,104,88,0
12,67,1363810488504,67,1363810488568,64,344,320,256
12,79,1363810488544,79,1363810488648,104,40,80,-24
12,77,1363810488624,77,1363810488728,104,80,80,-24
12,65,1363810488968,65,1363810489088,120,344,360,240
12,8,1363810489328,8,1363810489408,80,360,320,240
12,78,1363810489656,78,1363810489752,96,328,344,248
12,8,1363810490104,8,1363810490160,56,448,408,352
12,8,1363810490240,8,1363810490304,64,136,144,80
12,78,1363810490408,78,1363810490480,72,168,176,104
12,83,1363810490576,83,1363810490640,64,168,160,96
12,84,1363810490744,84,1363810490816,72,168,176,104
12,65,1363810491320,65,1363810491408,88,576,592,504
12,78,1363810491504,78,1363810491616,112,184,208,96
12,84,1363810491680,84,1363810491752,72,176,136,64
12,76,1363810491848,76,1363810491960,112,168,208,96
12,89,1363810491960,89,1363810492024,64,112,64,0
12,32,1363810492072,32,1363810492160,88,112,136,48
12,80,1363810492416,80,1363810492488,72,344,328,256
12,76,1363810492488,76,1363810492608,120,72,120,0
12,65,1363810492640,65,1363810492720,80,152,112,32
12,71,1363810492960,71,1363810493040,80,320,320,240
12,85,1363810493041,85,1363810493136,95,81,96,1
12,69,1363810493168,69,1363810493216,48,127,80,32
12,68,1363810493329,68,1363810493377,48,161,161,113
12,32,1363810493457,32,1363810493569,112,128,192,80
12,66,1363810493721,66,1363810493793,72,264,224,152
12,89,1363810493889,89,1363810493961,72,168,168,96
12,32,1363810494009,32,1363810494097,88,120,136,48
12,65,1363810494161,65,1363810494233,72,152,136,64
12,32,1363810494265,32,1363810494353,88,104,120,32
12,83,1363810494497,83,1363810494553,56,232,200,144
12,69,1363810494673,69,1363810494738,65,176,185,120
12,78,1363810494738,78,1363810494833,95,65,95,0
12,83,1363810494857,83,1363810494929,72,119,96,24
12,69,1363810494989,69,1363810495089,100,132,160,60
12,32,1363810495089,32,1363810495177,88,100,88,0
12,79,1363810495385,79,1363810495505,120,296,328,208
12,70,1363810495617,70,1363810495689,72,232,184,112
12,32,1363810495729,32,1363810495833,104,112,144,40
12,66,1363810496017,66,1363810496097,80,288,264,184
12,69,1363810496169,69,1363810496241,72,152,144,72
12,73,1363810496257,73,1363810496353,96,88,112,16
12,78,1363810496329,78,1363810496457,128,72,104,-24
12,71,1363810496457,71,1363810496513,56,128,56,0
12,32,1363810496553,32,1363810496641,88,96,128,40
12,79,1363810496641,79,1363810496737,96,88,96,0
12,86,1363810496737,86,1363810496785,48,96,48,0
12,69,1363810496849,69,1363810496929,80,112,144,64
12,82,1363810497001,82,1363810497073,72,152,144,72
12,76,1363810497105,76,1363810497217,112,104,144,32
12,89,1363810497361,89,1363810497441,80,256,224,144
12,32,1363810497497,32,1363810497585,88,136,144,56
12,67,1363810498681,67,1363810498737,56,1184,1152,1096
12,79,1363810498761,79,1363810498809,48,80,72,24
12,76,1363810498929,76,1363810499057,128,168,248,120
12,68,1363810499137,68,1363810499200,63,208,143,80
12,32,1363810499713,32,1363810499784,71,576,584,513
12,65,1363810499825,65,1363810499913,88,112,129,41
12,83,1363810499993,83,1363810500072,79,168,159,80
12,32,1363810500104,32,1363810500168,64,111,96,32
12,84,1363810500200,84,1363810500280,80,96,112,32
12,72,1363810500282,72,1363810500352,70,82,72,2
12,69,1363810500353,69,1363810500416,63,71,64,1
12,32,1363810500417,32,1363810500520,103,64,104,1
12,66,1363810500673,66,1363810500760,87,256,240,153
12,73,1363810500833,73,1363810500953,120,160,193,73
12,84,1363810500953,84,1363810501017,64,120,64,0
12,73,1363810501040,73,1363810501136,96,87,119,23
12,78,1363810501104,78,1363810501224,120,64,88,-32
12,71,1363810501184,71,1363810501256,72,80,32,-40
12,32,1363810501280,32,1363810501377,97,96,121,24
12,87,1363810501960,87,1363810502032,72,680,655,583
12,73,1363810502033,73,1363810502128,95,73,96,1
12,78,1363810502088,78,1363810502201,113,55,73,-40
12,68,1363810502216,68,1363810502280,64,128,79,15
12,83,1363810502384,83,1363810502440,56,168,160,104
12,32,1363810502472,32,1363810502576,104,88,136,32
12,80,1363810503288,80,1363810503392,104,816,816,712
12,73,1363810503480,73,1363810503576,96,192,184,88
12,69,1363810503576,69,1363810503664,88,96,88,0
12,82,1363810503785,82,1363810503856,71,209,192,121
12,67,1363810504104,67,1363810504184,80,319,328,248
12,69,1363810504232,69,1363810504320,88,128,136,48
12,32,1363810504336,32,1363810504424,88,104,104,16
12,69,1363810504488,69,1363810504560,72,152,136,64
12,86,1363810504632,86,1363810504736,104,144,176,72
12,69,1363810504736,69,1363810504840,104,104,104,0
12,78,1363810504825,78,1363810504920,95,89,80,-15
12,32,1363810504976,32,1363810505088,112,151,168,56
12,77,1363810505160,77,1363810505264,104,184,176,72
12,89,1363810505336,89,1363810505424,88,176,160,72
12,32,1363810505464,32,1363810505568,104,128,144,40
12,84,1363810505720,84,1363810505800,80,256,232,152
12,72,1363810505864,72,1363810505944,80,144,144,64
12,73,1363810505984,73,1363810506056,72,120,112,40
12,67,1363810506096,67,1363810506200,104,112,144,40
12,75,1363810506200,75,1363810506296,96,104,96,0
12,69,1363810506336,69,1363810506432,96,136,136,40
12,83,1363810507096,83,1363810507152,56,760,720,664
12,84,1363810507232,84,1363810507312,80,136,160,80
12,32,1363810507328,32,1363810507416,88,96,104,16
12,79,1363810507416,79,1363810507512,96,88,96,0
12,70,1363810507528,70,1363810507576,48,112,64,16
12,32,1363810507616,32,1363810507704,88,88,128,40
12,67,1363810508056,67,1363810508128,72,440,424,352
12,79,1363810508129,79,1363810508224,95,73,96,1
12,65,1363810508224,65,1363810508304,80,95,80,0
12,84,1363810508392,84,1363810508456,64,168,152,88
12,83,1363810508544,83,1363810508608,64,152,152,88
12,190,1363810508672,190,1363810508760,88,128,152,64
12,32,1363810508792,32,1363810508856,64,120,96,32
12,32,1363810508928,32,1363810509040,112,136,184,72
12,84,1363810509992,84,1363810510064,72,1064,1024,952
12,32,1363810510160,32,1363810510296,136,168,232,96
12,67,1363810511489,67,1363810511569,80,1329,1273,1193
12,85,1363810511657,85,1363810511753,96,168,184,88
12,84,1363810511793,84,1363810511865,72,136,112,40
12,83,1363810511953,83,1363810512025,72,160,160,88
12,32,1363810512065,32,1363810512161,96,112,136,40
12,83,1363810512713,83,1363810512769,56,648,608,552
12,84,1363810512881,84,1363810512913,32,168,144,112
12,82,1363810513057,82,1363810513121,64,176,208,144
12,65,1363810513241,65,1363810513313,72,184,192,120
12,84,1363810513401,84,1363810513481,80,160,168,88
12,8,1363810514017,8,1363810514081,64,616,600,536
12,73,1363810514161,73,1363810514265,104,144,184,80
12,71,1363810514321,71,1363810514401,80,160,136,56
12,72,1363810515017,72,1363810515097,80,696,696,616
12,84,1363810515145,84,1363810515217,72,128,120,48
12,32,1363810515273,32,1363810515337,64,128,120,56
12,84,1363810515369,84,1363810515449,80,96,112,32
12,79,1363810515425,79,1363810515505,80,56,56,-24
12,32,1363810515521,32,1363810515601,80,96,96,16
12,84,1363810515689,84,1363810515753,64,168,152,88
12,72,1363810515753,72,1363810515833,80,64,80,0
12,69,1363810515833,69,1363810515905,72,80,72,0
12,32,1363810515921,32,1363810516025,104,88,120,16
12,66,1363810516297,66,1363810516361,64,376,336,272
12,79,1363810516409,79,1363810516465,56,112,104,48
12,78,1363810516553,78,1363810516657,104,144,192,88
12,69,1363810516641,69,1363810516697,56,88,40,-16
12,188,1363810516817,188,1363810516937,120,176,240,120
12,32,1363810516937,32,1363810517000,63,120,63,0
12,65,1363810517025,65,1363810517105,80,88,105,25
12,78,1363810517105,78,1363810517184,79,80,79,0
12,68,1363810517200,68,1363810517273,73,95,89,16
12,32,1363810517273,32,1363810517393,120,73,120,0
12,16,1363810517320,16,1363810517512,192,47,119,-73
12,73,1363810517393,73,1363810517513,120,73,1,-119
12,32,1363810517528,32,1363810517616,88,135,103,15
12,68,1363810517688,68,1363810517784,96,160,168,72
12,79,1363810518153,79,1363810518225,72,465,441,369
12,32,1363810518313,32,1363810518416,103,160,191,88
12,78,1363810518424,78,1363810518480,56,111,64,8
12,79,1363810518544,79,1363810518640,96,120,160,64
12,84,1363810518641,84,1363810518704,63,97,64,1
12,32,1363810518728,32,1363810518832,104,87,128,24
12,76,1363810518833,76,1363810518921,88,105,89,1
12,73,1363810519368,73,1363810519456,88,535,535,447
12,75,1363810519528,75,1363810519656,128,160,200,72
12,69,1363810519656,69,1363810519720,64,128,64,0
12,32,1363810519720,32,1363810519816,96,64,96,0
12,73,1363810519824,73,1363810519888,64,104,72,8
12,84,1363810519920,84,1363810520024,104,96,136,32
12,190,1363810520096,190,1363810520201,105,176,177,72
12,76,1364236968444,76,1364236968508,64,120,104,40
12,76,1364236968564,76,1364236968644,80,120,136,56
12,79,1364236968732,79,1364236968804,72,168,160,88
12,188,1364236969413,188,1364236969500,87,681,696,609
12,32,1364236969548,32,1364236969668,120,135,168,48
12,16,1364236969669,16,1364236969876,207,121,208,1
12,74,1364236969788,74,1364236969877,89,119,1,-88
12,79,1364236969940,79,1364236970036,96,152,159,63
12,83,1364236970076,83,1364236970164,88,136,128,40
12,80,1364236970220,80,1364236970332,112,144,168,56
12,8,1364236970669,8,1364236970724,55,449,392,337
12,69,1364236970764,69,1364236970844,80,95,120,40
12,80,1364236970820,80,1364236970900,80,56,56,-24
12,72,1364236971060,72,1364236971108,48,240,208,160
12,190,1364236971276,190,1364236971388,112,216,280,168
12,32,1364236971445,32,1364236971508,63,169,120,57
12,32,1364236971580,32,1364236971684,104,135,176,72
12,16,1364236971700,16,1364236971924,224,120,240,16
12,84,1364236971860,84,1364236971925,65,160,1,-64
12,79,1364236972004,79,1364236972068,64,144,143,79
12,68,1364236972116,68,1364236972172,56,112,104,48
12,65,1364236972236,65,1364236972324,88,120,152,64
12,89,1364236972325,89,1364236972404,79,89,80,1
12,32,1364236972452,32,1364236972548,96,127,144,48
12,32,1364236972980,32,1364236973061,81,528,513,432
12,67,1364236973148,67,1364236973212,64,168,151,87
12,79,1364236973212,79,1364236973308,96,64,96,0
12,77,1364236973277,77,1364236973388,111,65,80,-31
12,69,1364236973372,69,1364236973468,96,95,80,-16
12,32,1364236973484,32,1364236973564,80,112,96,16
12,70,1364236973612,70,1364236973668,56,128,104,48
12,82,1364236973780,82,1364236973852,72,168,184,112
12,79,1364236973828,79,1364236973924,96,48,72,-24
12,77,1364236973908,77,1364236973996,88,80,72,-16
12,32,1364236974013,32,1364236974100,87,105,104,17
12,72,1364236974372,72,1364236974452,80,359,352,272
12,65,1364236974476,65,1364236974540,64,104,88,24
12,86,1364236974660,86,1364236974724,64,184,184,120
12,73,1364236974764,73,1364236974860,96,104,136,40
12,78,1364236974836,78,1364236974924,88,72,64,-24
12,71,1364236974892,71,1364236974964,72,56,40,-32
12,32,1364236975004,32,1364236975092,88,112,128,40
12,84,1364236976132,84,1364236976188,56,1128,1096,1040
12,65,1364236976252,65,1364236976356,104,120,168,64
12,75,1364236976348,75,1364236976404,56,96,48,-8
12,69,1364236976452,69,1364236976516,64,104,112,48
12,78,1364236976564,78,1364236976636,72,112,120,48
12,32,1364236976660,32,1364236976740,80,96,104,24
12,65,1364236976932,65,1364236977020,88,272,280,192
12,78,1364236977052,78,1364236977108,56,120,88,32
12,32,1364236977212,32,1364236977308,96,160,200,104
12,69,1364236977580,69,1364236977636,56,368,328,272
12,88,1364236977772,88,1364236977836,64,192,200,136
12,65,1364236977924,65,1364236978004,80,152,168,88
12,77,1364236977988,77,1364236978060,72,64,56,-16
12,32,1364236978132,32,1364236978204,72,144,144,72
12,73,1364236978244,73,1364236978348,104,112,144,40
12,78,1364236978324,78,1364236978420,96,80,72,-24
12,32,1364236978420,32,1364236978500,80,96,80,0
12,77,1364236978580,77,1364236978684,104,160,184,80
12,89,1364236978757,89,1364236978820,63,177,136,73
12,32,1364236978892,32,1364236978980,88,135,160,72
12,80,1364236979188,80,1364236979260,72,296,280,208
12,79,1364236979324,79,1364236979380,56,136,120,64
12,89,1364236979636,89,1364236979660,24,312,280,256
12,8,1364236979956,8,1364236980020,64,320,360,296
12,76,1364236980124,76,1364236980204,80,168,184,104
12,89,1364236980204,89,1364236980284,80,80,80,0
12,77,1364236980348,77,1364236980420,72,144,136,64
12,69,1364236980468,69,1364236980548,80,120,128,48
12,82,1364236980604,82,1364236980676,72,136,128,56
12,83,1364236980796,83,1364236980876,80,192,200,120
12,32,1364236980940,32,1364236981028,88,144,152,64
12,67,1364236981212,67,1364236981284,72,272,256,184
12,76,1364236981332,76,1364236981404,72,120,120,48
12,65,1364236981404,65,1364236981484,80,72,80,0
12,83,1364236981556,83,1364236981612,56,152,128,72
12,83,1364236981676,83,1364236981764,88,120,152,64
12,190,1364236981788,190,1364236981876,88,112,112,24
12,32,1364236981940,32,1364236982012,72,152,136,64
12,32,1364236982084,32,1364236982188,104,144,176,72
12,72,1364236982668,72,1364236982780,112,584,592,480
12,73,1364236982780,73,1364236982852,72,112,72,0
12,83,1364236982828,83,1364236982924,96,48,72,-24
12,32,1364236982924,32,1364236983036,112,96,112,0
12,67,1364236983316,67,1364236983380,64,392,344,280
12,76,1364236983412,76,1364236983492,80,96,112,32
12,65,1364236983476,65,1364236983556,80,64,64,-16
12,83,1364236983636,83,1364236983692,56,160,136,80
12,83,1364236983788,83,1364236983876,88,152,184,96
12,32,1364236983876,32,1364236983972,96,88,96,0
12,73,1364236984060,73,1364236984124,64,184,152,88
12,83,1364236984484,83,1364236984564,80,424,440,360
12,32,1364236984588,32,1364236984692,104,104,128,24
12,73,1364236984796,73,1364236984908,112,208,216,104
12,78,1364236984868,78,1364236984988,120,72,80,-40
12,84,1364236984988,84,1364236985052,64,120,64,0
12,69,1364236985116,69,1364236985196,80,128,144,64
12,82,1364236985228,82,1364236985332,104,112,136,32
12,69,1364236985308,69,1364236985396,88,80,64,-24
12,83,1364236985500,83,1364236985556,56,192,160,104
12,84,1364236985652,84,1364236985731,79,152,175,96
12,73,1364236986028,73,1364236986124,96,376,393,297
12,78,1364236986100,78,1364236986213,113,72,89,-24
12,71,1364236986189,71,1364236986252,63,89,39,-24
12,32,1364236986309,32,1364236986388,79,120,136,57
12,66,1364236986420,66,1364236986516,96,111,128,32
12,69,1364236986517,69,1364236986580,63,97,64,1
12,67,1364236987021,67,1364236987076,55,504,496,441
12,65,1364236987132,65,1364236987228,96,111,152,56
12,85,1364236987268,85,1364236987333,65,136,105,40
12,89,1364236987269,89,1364236987333,64,1,0,-64
12,83,1364236987333,83,1364236987421,88,64,88,0
12,69,1364236987501,69,1364236987604,103,168,183,80
12,32,1364236987605,32,1364236987725,120,104,121,1
12,8,1364236987917,8,1364236987972,55,312,247,192
12,8,1364236988068,8,1364236988116,48,151,144,96
12,8,1364236988212,8,1364236988268,56,144,152,96
12,8,1364236988340,8,1364236988405,65,128,137,72
12,83,1364236988405,83,1364236988524,119,65,119,0
12,69,1364236988525,69,1364236988629,104,120,105,1
12,32,1364236988621,32,1364236988732,111,96,103,-8
12,87,1364236988812,87,1364236988900,88,191,168,80
12,69,1364236989012,69,1364236989116,104,200,216,112
12,32,1364236989133,32,1364236989229,96,121,113,17
12,68,1364236989540,68,1364236989612,72,407,383,311
12,73,1364236989652,73,1364236989732,80,112,120,40
12,83,1364236989756,83,1364236989828,72,104,96,24
12,67,1364236989980,67,1364236990076,96,224,248,152
12,85,1364236990108,85,1364236990172,64,128,96,32
12,83,1364236990276,83,1364236990348,72,168,176,104
12,83,1364236990428,83,1364236990556,128,152,208,80
12,32,1364236991044,32,1364236991156,112,616,600,488
12,80,1364236991444,80,1364236991532,88,400,376,288
12,79,1364236991596,79,1364236991668,72,152,136,64
12,76,1364236991829,76,1364236991908,79,233,240,161
12,89,1364236992068,89,1364236992132,64,239,224,160
12,69,1364236992220,69,1364236992284,64,152,152,88
12,8,1364236992748,8,1364236992868,120,528,584,464
12,77,1364236993028,77,1364236993140,112,280,272,160
12,69,1364236993420,69,1364236993492,72,392,352,280
12,82,1364236993572,82,1364236993668,96,152,176,80
12,83,1364236993788,83,1364236993868,80,216,200,120
12,32,1364236993892,32,1364236994020,128,104,152,24
12,84,1364236994844,84,1364236994900,56,952,880,824
12,72,1364236994924,72,1364236995004,80,80,104,24
12,65,1364236995004,65,1364236995060,56,80,56,0
12,84,1364236995108,84,1364236995204,96,104,144,48
12,32,1364236995204,32,1364236995308,104,96,104,0
12,65,1364236996388,65,1364236996476,88,1184,1168,1080
12,82,1364236996532,82,1364236996620,88,144,144,56
12,69,1364236996636,69,1364236996748,112,104,128,16
12,32,1364236996732,32,1364236996836,104,96,88,-16
12,85,1364236996924,85,1364236996996,72,192,160,88
12,83,1364236997012,83,1364236997076,64,88,80,16
12,69,1364236997204,69,1364236997260,56,192,184,128
12,68,1364236997348,68,1364236997420,72,144,160,88
12,32,1364236997436,32,1364236997556,120,88,136,16
12,73,1364236997604,73,1364236997708,104,168,152,48
12,78,1364236997708,78,1364236997804,96,104,96,0
12,32,1364236997804,32,1364236997892,88,96,88,0
12,82,1364236998212,82,1364236998300,88,408,408,320
12,69,1364236998340,69,1364236998436,96,128,136,40
12,65,1364236998500,65,1364236998644,144,160,208,64
12,76,1364236998612,76,1364236998748,136,112,104,-32
12,32,1364236998796,32,1364236998892,96,184,144,48
12,84,1364236998972,84,1364236999068,96,176,176,80
12,72,1364236999012,72,1364236999100,88,40,32,-56
12,73,1364236999084,73,1364236999204,120,72,104,-16
12,78,1364236999204,78,1364236999292,88,120,88,0
12,71,1364236999260,71,1364236999340,80,56,48,-32
12,83,1364236999428,83,1364236999492,64,168,152,88
12,190,1364236999493,190,1364236999612,119,65,120,1
12,32,1364236999612,32,1364236999684,72,119,72,0
12,32,1364236999764,32,1364236999876,112,152,192,80
12,16,1364236999876,16,1364237000068,192,112,192,0
12,84,1364236999980,84,1364237000068,88,104,0,-88
12,72,1364237000156,72,1364237000244,88,176,176,88
12,69,1364237000204,69,1364237000316,112,48,72,-40
12,32,1364237000316,32,1364237000428,112,112,112,0
12,69,1364237000564,69,1364237000652,88,248,224,136
12,88,1364237000812,88,1364237000876,64,248,224,160
12,65,1364237000972,65,1364237001076,104,160,200,96
12,77,1364237001076,77,1364237001188,112,104,112,0
12,32,1364237001492,32,1364237001596,104,416,408,304
12,87,1364237001668,87,1364237001732,64,176,136,72
12,65,1364237001804,65,1364237001909,105,136,177,72
12,83,1364237001932,83,1364237002052,120,128,143,23
12,32,1364237002028,32,1364237002148,120,96,96,-24
12,80,1364237003904,80,1364237003989,85,1876,1841,1756
12,82,1364237003989,82,1364237004060,71,85,71,0
12,69,1364237004356,69,1364237004436,80,367,376,296
12,84,1364237004532,84,1364237004572,40,176,136,96
12,84,1364237004645,84,1364237004709,64,113,137,73
12,89,1364237004756,89,1364237004828,72,111,119,47
12,32,1364237004868,32,1364237004948,80,112,120,40
12,69,1364237005188,69,1364237005260,72,320,312,240
12,65,1364237005340,65,1364237005429,89,152,169,80
12,83,1364237005540,83,1364237005620,80,200,191,111
12,89,1364237005757,89,1364237005820,63,217,200,137
12,32,1364237005868,32,1364237005972,104,111,152,48
12,16,1364237006124,16,1364237006317,193,256,345,152
12,73,1364237006221,73,1364237006317,96,97,0,-96
12,32,1364237006317,32,1364237006388,71,96,71,0
12,84,1364237006476,84,1364237006540,64,159,152,88
12,72,1364237006541,72,1364237006588,47,65,48,1
12,79,1364237006645,79,1364237006756,111,104,168,57
12,85,1364237006757,85,1364237006804,47,112,48,1
12,71,1364237006805,71,1364237006868,63,48,64,1
12,72,1364237006916,72,1364237006980,64,111,112,48
12,84,1364237007004,84,1364237007084,80,88,104,24
12,188,1364237007124,188,1364237007213,89,120,129,40
12,32,1364237007244,32,1364237007340,96,120,127,31
12,66,1364237007453,66,1364237007508,55,209,168,113
12,85,1364237007509,85,1364237007604,95,56,96,1
12,84,1364237007660,84,1364237007732,72,151,128,56
12,32,1364237007733,32,1364237007820,87,73,88,1
12,16,1364237007821,16,1364237008260,439,88,440,1
12,65,1364237008308,65,1364237008404,96,487,144,48
12,32,1364237008476,32,1364237008580,104,168,176,72
12,76,1364237008636,76,1364237008716,80,160,136,56
12,79,1364237008820,79,1364237008900,80,184,184,104
12,84,1364237008900,84,1364237008964,64,80,64,0
12,32,1364237009005,32,1364237009092,87,105,128,41
12,79,1364237009092,79,1364237009180,88,87,88,0
12,70,1364237009180,70,1364237009236,56,88,56,0
12,32,1364237009276,32,1364237009356,80,96,120,40
12,79,1364237009572,79,1364237009636,64,296,280,216
12,84,1364237009660,84,1364237009716,56,88,80,24
12,72,1364237009788,72,1364237009844,56,128,128,72
12,69,1364237009828,69,1364237009900,72,40,56,-16
12,82,1364237009948,82,1364237010012,64,120,112,48
12,32,1364237010100,32,1364237010228,128,152,216,88
12,80,1364237010284,80,1364237010356,72,184,128,56
12,69,1364237010404,69,1364237010492,88,120,136,48
12,79,1364237010492,79,1364237010548,56,88,56,0
12,80,1364237010588,80,1364237010668,80,96,120,40
12,76,1364237010668,76,1364237010748,80,80,80,0
12,69,1364237010748,69,1364237010804,56,80,56,0
12,32,1364237010836,32,1364237010932,96,88,128,32
12,87,1364237010964,87,1364237011012,48,128,80,32
12,69,1364237011116,69,1364237011180,64,152,168,104
12,82,1364237011244,82,1364237011372,128,128,192,64
12,69,1364237011484,69,1364237011548,64,240,176,112
12,32,1364237011740,32,1364237011876,136,256,328,192
12,87,1364237012004,87,1364237012092,88,264,216,128
12,79,1364237012092,79,1364237012164,72,88,72,0
12,82,1364237012180,82,1364237012236,56,88,72,16
12,82,1364237012308,82,1364237012388,80,128,152,72
12,73,1364237012428,73,1364237012500,72,120,112,40
12,69,1364237012500,69,1364237012567,67,72,67,0
12,68,1364237012652,68,1364237012708,56,152,141,85
12,32,1364237012732,32,1364237012812,80,80,104,24
12,65,1364237012844,65,1364237012908,64,112,96,32
12,66,1364237013028,66,1364237013092,64,184,184,120
12,79,1364237013140,79,1364237013220,80,112,128,48
12,85,1364237013260,85,1364237013340,80,120,120,40
12,84,1364237013324,84,1364237013396,72,64,56,-16
12,32,1364237013436,32,1364237013524,88,112,128,40
12,73,1364237013572,73,1364237013668,96,136,144,48
12,84,1364237013668,84,1364237013740,72,96,72,0
12,188,1364237013900,188,1364237013980,80,232,240,160
12,32,1364237014020,32,1364237014108,88,120,128,40
12,87,1364237014420,87,1364237014508,88,400,400,312
12,72,1364237014508,72,1364237014604,96,88,96,0
12,73,1364237014604,73,1364237014692,88,96,88,0
12,67,1364237014756,67,1364237014828,72,152,136,64
12,72,1364237014828,72,1364237014940,112,72,112,0
12,32,1364237014940,32,1364237015036,96,112,96,0
12,87,1364237015356,87,1364237015476,120,416,440,320
12,65,1364237015548,65,1364237015644,96,192,168,72
12,83,1364237015668,83,1364237015756,88,120,112,24
12,32,1364237015756,32,1364237015844,88,88,88,0
12,73,1364237015820,73,1364237015892,72,64,48,-24
12,78,1364237015892,78,1364237015980,88,72,88,0
12,84,1364237015964,84,1364237016020,56,72,40,-16
12,69,1364237016076,69,1364237016156,80,112,136,56
12,82,1364237016180,82,1364237016292,112,104,136,24
12,69,1364237016252,69,1364237016356,104,72,64,-40
12,83,1364237016436,83,1364237016492,56,184,136,80
12,84,1364237016580,84,1364237016644,64,144,152,88
12,73,1364237016660,73,1364237016732,72,80,88,16
12,78,1364237016732,78,1364237016812,80,72,80,0
12,71,1364237016860,71,1364237016932,72,128,120,48
12,188,1364237017020,188,1364237017116,96,160,184,88
12,32,1364237017196,32,1364237017276,80,176,160,80
12,83,1364237017340,83,1364237017420,80,144,144,64
12,73,1364237017420,73,1364237017500,80,80,80,0
12,78,1364237017484,78,1364237017572,88,64,72,-16
12,67,1364237017548,67,1364237017676,128,64,104,-24
12,69,1364237017636,69,1364237017740,104,88,64,-40
12,32,1364237017740,32,1364237017844,104,104,104,0
12,84,1364237018132,84,1364237018204,72,392,360,288
12,72,1364237018204,72,1364237018260,56,72,56,0
12,69,1364237018308,69,1364237018396,88,104,136,48
12,89,1364237018396,89,1364237018484,88,88,88,0
12,32,1364237018484,32,1364237018588,104,88,104,0
12,84,1364237018716,84,1364237018796,80,232,208,128
12,72,1364237018796,72,1364237018844,48,80,48,0
12,79,1364237018924,79,1364237019004,80,128,160,80
12,85,1364237019004,85,1364237019108,104,80,104,0
12,71,1364237019124,71,1364237019196,72,120,88,16
12,72,1364237019220,72,1364237019340,120,96,144,24
12,84,1364237019596,84,1364237019660,64,376,320,256
12,32,1364237019740,32,1364237019836,96,144,176,80
12,84,1364237020060,84,1364237020140,80,320,304,224
12,72,1364237020092,72,1364237020164,72,32,24,-48
12,69,1364237020300,69,1364237020412,112,208,248,136
12,32,1364237020668,32,1364237020756,88,368,344,256
12,79,1364237020828,79,1364237020916,88,160,160,72
12,84,1364237020980,84,1364237021044,64,152,128,64
12,72,1364237021076,72,1364237021157,81,96,113,32
12,69,1364237021116,69,1364237021205,89,40,48,-41
12,82,1364237021253,82,1364237021349,96,137,144,48
12,32,1364237021325,32,1364237021413,88,72,64,-24
12,69,1364237021493,69,1364237021557,64,168,144,80
12,65,1364237021661,65,1364237021757,96,168,200,104
12,8,1364237022356,8,1364237022428,72,695,671,599
12,88,1364237022468,88,1364237022540,72,112,112,40
12,65,1364237022620,65,1364237022732,112,152,192,80
12,77,1364237022708,77,1364237022820,112,88,88,-24
12,83,1364237022860,83,1364237022964,104,152,144,40
12,32,1364237022957,32,1364237023060,103,97,96,-7
12,65,1364237023148,65,1364237023236,88,191,176,88
12,8,1364237023517,8,1364237023588,71,369,352,281
12,8,1364237023668,8,1364237023756,88,151,168,80
12,87,1364237023740,87,1364237023829,89,72,73,-16
12,69,1364237023925,69,1364237024006,81,185,177,96
12,8,1364237024213,8,1364237024261,48,288,255,207
12,8,1364237024332,8,1364237024396,64,119,135,71
12,32,1364237024380,32,1364237024476,96,48,80,-16
12,87,1364237024477,87,1364237024548,71,97,72,1
12,69,1364237024660,69,1364237024756,96,183,208,112
12,82,1364237024916,82,1364237024972,56,256,216,160
12,69,1364237024940,69,1364237025060,120,24,88,-32
12,32,1364237025108,32,1364237025252,144,168,192,48
12,69,1364237025493,69,1364237025572,79,385,320,241
12,65,1364237025660,65,1364237025748,88,167,176,88
12,83,1364237025813,83,1364237025916,103,153,168,65
12,73,1364237026004,73,1364237026108,104,191,192,88
12,69,1364237026108,69,1364237026180,72,104,72,0
12,82,1364237026228,82,1364237026300,72,120,120,48
12,32,1364237026324,32,1364237026388,64,96,88,24
12,84,1364237026420,84,1364237026500,80,96,112,32
12,72,1364237026500,72,1364237026572,72,80,72,0
12,65,1364237026572,65,1364237026645,73,72,73,0
12,78,1364237026701,78,1364237026764,63,129,119,56
12,32,1364237026804,32,1364237026908,104,103,144,40
12,16,1364237026924,16,1364237027091,167,120,183,16
12,73,1364237026980,73,1364237027099,119,56,8,-111
12,32,1364237027091,32,1364237027171,80,111,72,-8
12,84,1364237027227,84,1364237027331,104,136,160,56
12,72,1364237027275,72,1364237027332,57,48,1,-56
12,79,1364237027404,79,1364237027491,87,129,159,72
12,85,1364237027491,85,1364237027587,96,87,96,0
12,71,1364237027707,71,1364237027795,88,216,208,120
12,72,1364237027795,72,1364237027891,96,88,96,0
12,84,1364237027947,84,1364237028027,80,152,136,56
12,32,1364237028067,32,1364237028139,72,120,112,40
12,84,1364237028171,84,1364237028251,80,104,112,32
12,72,1364237028235,72,1364237028331,96,64,80,-16
12,69,1364237028307,69,1364237028419,112,72,88,-24
12,69,1364237028563,69,1364237028619,56,256,200,144
12,8,1364237028891,8,1364237028987,96,328,368,272
12,89,1364237028963,89,1364237029075,112,72,88,-24
12,32,1364237029091,32,1364237029171,80,128,96,16
12,87,1364237029219,87,1364237029283,64,128,112,48
12,69,1364237029379,69,1364237029475,96,160,192,96
12,82,1364237029523,82,1364237029635,112,144,160,48
12,69,1364237029587,69,1364237029739,152,64,104,-48
12,190,1364237029787,190,1364237029891,104,200,152,48
12,79,1364505497847,79,1364505497935,88,128,152,64
12,68,1364505497935,68,1364505498023,88,88,88,0
12,32,1364505498039,32,1364505498151,112,104,128,16
12,65,1364505498519,65,1364505498599,80,480,448,368
12,70,1364505498671,70,1364505498735,64,152,136,72
12,84,1364505498855,84,1364505498919,64,184,184,120
12,69,1364505498959,69,1364505499071,112,104,152,40
12,82,1364505499119,82,1364505499167,48,160,96,48
12,78,1364505499215,78,1364505499311,96,96,144,48
12,79,1364505499439,79,1364505499511,72,224,200,128
12,79,1364505499575,79,1364505499727,152,136,216,64
12,78,1364505499807,78,1364505499911,104,232,184,80
12,188,1364505500087,188,1364505500199,112,280,288,176
12,32,1364505500247,32,1364505500351,104,160,152,48
12,79,1364505500983,79,1364505501079,96,736,728,632
12,83,1364505501167,83,1364505501239,72,184,160,88
12,69,1364505501511,69,1364505501591,80,344,352,272
12,80,1364505501615,80,1364505501695,80,104,104,24
12,72,1364505501847,72,1364505501951,104,232,256,152
12,190,1364505502135,190,1364505502247,112,288,296,184
12,32,1364505502303,32,1364505502359,56,168,112,56
12,32,1364505502431,32,1364505502535,104,128,176,72
12,16,1364505502559,16,1364505502847,288,128,312,24
12,84,1364505502799,84,1364505502871,72,240,24,-48
12,79,1364505502927,79,1364505503039,112,128,168,56
12,68,1364505503039,68,1364505503103,64,112,64,0
12,65,1364505503183,65,1364505503271,88,144,168,80
12,89,1364505503271,89,1364505503334,63,88,63,0
12,32,1364505503383,32,1364505503487,104,112,153,49
12,16,1364505503911,16,1364505504087,176,528,600,424
12,73,1364505503991,73,1364505504087,96,80,0,-96
12,32,1364505504111,32,1364505504199,88,120,112,24
12,66,1364505505046,66,1364505505118,72,935,919,847
12,82,1364505505286,82,1364505505366,80,240,248,168
12,73,1364505505478,73,1364505505598,120,192,232,112
12,78,1364505505558,78,1364505505655,97,80,57,-40
12,71,1364505505630,71,1364505505702,72,72,47,-25
12,32,1364505505750,32,1364505505854,104,120,152,48
12,89,1364505505990,89,1364505506070,80,240,216,136
12,79,1364505506062,79,1364505506159,97,72,89,-8
12,85,1364505506159,85,1364505506262,103,97,103,0
12,32,1364505506215,32,1364505506310,95,56,48,-47
12,71,1364505506726,71,1364505506790,64,511,480,416
12,82,1364505506902,82,1364505506975,73,176,185,112
12,69,1364505507062,69,1364505507134,72,160,159,87
12,69,1364505507215,69,1364505507287,72,153,153,81
12,84,1364505507376,84,1364505507464,88,161,177,89
12,73,1364505507464,73,1364505507567,103,88,103,0
12,78,1364505507535,78,1364505507647,112,71,80,-32
12,71,1364505507647,71,1364505507727,80,112,80,0
12,32,1364505507807,32,1364505507967,160,160,240,80
12,8,1364505508328,8,1364505508447,119,521,480,361
12,83,1364505508415,83,1364505508511,96,87,64,-32
12,32,1364505508759,32,1364505508887,128,344,376,248
12,73,1364505509383,73,1364505509511,128,624,624,496
12,78,1364505509487,78,1364505509599,112,104,88,-24
12,32,1364505509567,32,1364505509663,96,80,64,-32
12,65,1364505509744,65,1364505509815,71,177,152,81
12,32,1364505509855,32,1364505509944,89,111,129,40
12,68,1364505510095,68,1364505510175,80,240,231,151
12,73,1364505510176,73,1364505510279,103,81,104,1
12,83,1364505510280,83,1364505510351,71,104,72,1
12,67,1364505510447,67,1364505510511,64,167,160,96
12,85,1364505510575,85,1364505510663,88,128,152,64
12,83,1364505511095,83,1364505511151,56,520,488,432
12,83,1364505511215,83,1364505511303,88,120,152,64
12,73,1364505511231,73,1364505511327,96,16,24,-72
12,79,1364505511327,79,1364505511407,80,96,80,0
12,78,1364505511455,78,1364505511551,96,128,144,48
12,32,1364505511535,32,1364505511615,80,80,64,-16
12,65,1364505511656,65,1364505511711,55,121,96,41
12,66,1364505511831,66,1364505511895,64,175,184,120
12,79,1364505511895,79,1364505512015,120,64,120,0
12,85,1364505511991,85,1364505512095,104,96,80,-24
12,84,1364505512063,84,1364505512119,56,72,24,-32
12,32,1364505512175,32,1364505512271,96,112,152,56
12,77,1364505512295,77,1364505512407,112,120,136,24
12,89,1364505512431,89,1364505512511,80,136,104,24
12,32,1364505512543,32,1364505512631,88,112,120,32
12,80,1364505512775,80,1364505512895,120,232,264,144
12,76,1364505512863,76,1364505512975,112,88,80,-32
12,65,1364505512999,65,1364505513111,112,136,136,24
12,78,1364505513183,78,1364505513303,120,184,192,72
12,83,1364505513303,83,1364505513367,64,120,64,0
12,32,1364505513391,32,1364505513463,72,88,96,24
12,70,1364505513511,70,1364505513575,64,120,112,48
12,79,1364505513567,79,1364505513663,96,56,88,-8
12,82,1364505513679,82,1364505513759,80,112,96,16
12,32,1364505513783,32,1364505513871,88,104,112,24
12,84,1364505513935,84,1364505514015,80,152,144,64
12,72,1364505514015,72,1364505514095,80,80,80,0
12,69,1364505514079,69,1364505514159,80,64,64,-16
12,32,1364505514159,32,1364505514231,72,80,72,0
12,69,1364505514327,69,1364505514391,64,168,160,96
12,86,1364505514471,86,1364505514583,112,144,192,80
12,78,1364505514767,78,1364505514863,96,296,280,184
12,8,1364505515087,8,1364505515167,80,320,304,224
12,69,1364505515167,69,1364505515263,96,80,96,0
12,78,1364505515311,78,1364505515375,64,144,112,48
12,73,1364505515391,73,1364505515503,112,80,128,16
12,78,1364505515471,78,1364505515567,96,80,64,-32
12,71,1364505515567,71,1364505515631,64,96,64,0
12,190,1364505515727,190,1364505515847,120,160,216,96
12,32,1364505515839,32,1364505515927,88,112,80,-8
12,32,1364505515991,32,1364505516095,104,152,168,64
12,16,1364505517703,16,1364505517935,232,1712,1840,1608
12,77,1364505517807,77,1364505517935,128,104,0,-128
12,89,1364505517935,89,1364505517975,40,128,40,0
12,32,1364505518039,32,1364505518135,96,104,160,64
12,70,1364505518255,70,1364505518319,64,216,184,120
12,82,1364505518567,82,1364505518623,56,312,304,248
12,73,1364505518663,73,1364505518751,88,96,128,40
12,69,1364505518791,69,1364505518855,64,128,104,40
12,78,1364505518919,78,1364505519015,96,128,160,64
12,68,1364505519015,68,1364505519079,64,96,64,0
12,32,1364505519103,32,1364505519191,88,88,112,24
12,73,1364505519199,73,1364505519271,72,96,80,8
12,83,1364505519295,83,1364505519367,72,96,96,24
12,32,1364505519367,32,1364505519455,88,72,88,0
12,67,1364505519727,67,1364505519767,40,360,312,272
12,85,1364505519767,85,1364505519855,88,40,88,0
12,82,1364505519911,82,1364505519967,56,144,112,56
12,82,1364505520047,82,1364505520119,72,136,152,80
12,69,1364505520167,69,1364505520255,88,120,136,48
12,78,1364505520287,78,1364505520375,88,120,120,32
12,84,1364505520583,84,1364505520655,72,296,280,208
12,76,1364505520703,76,1364505520807,104,120,152,48
12,89,1364505520822,89,1364505520902,80,119,95,15
12,32,1364505520951,32,1364505521038,87,129,136,49
12,80,1364505521190,80,1364505521294,104,239,256,152
12,73,1364505521375,73,1364505521455,80,185,161,81
12,67,1364505521455,67,1364505521534,79,80,79,0
12,75,1364505521566,75,1364505521638,72,111,104,32
12,73,1364505521726,73,1364505521798,72,160,160,88
12,78,1364505521775,78,1364505521863,88,49,65,-23
12,71,1364505521863,71,1364505521934,71,88,71,0
12,32,1364505521975,32,1364505522094,119,112,160,41
12,85,1364505522190,85,1364505522278,88,215,184,96
12,80,1364505522342,80,1364505522438,96,152,160,64
12,32,1364505522462,32,1364505522558,96,120,120,24
12,69,1364505522879,69,1364505522967,88,417,409,321
12,75,1364505523046,75,1364505523142,96,167,175,79
12,73,1364505523222,73,1364505523334,112,176,192,80
12,78,1364505523286,78,1364505523398,112,64,64,-48
12,71,1364505523399,71,1364505523478,79,113,80,1
12,32,1364505523511,32,1364505523614,103,112,136,33
12,88,1364505524006,88,1364505524110,104,495,496,392
12,80,1364505524111,80,1364505524198,87,105,88,1
12,82,1364505524230,82,1364505524294,64,119,96,32
12,69,1364505524334,69,1364505524430,96,104,136,40
12,83,1364505524534,83,1364505524582,48,200,152,104
12,83,1364505524663,83,1364505524727,64,129,145,81
12,32,1364505524759,32,1364505524896,137,96,169,32
12,67,1364505525167,67,1364505525239,72,408,343,271
12,72,1364505525303,72,1364505525424,121,136,185,64
12,8,1364505525751,8,1364505525815,64,448,391,327
12,8,1364505525879,8,1364505525959,80,128,144,64
12,16,1364505526071,16,1364505526223,152,192,264,112
12,67,1364505526143,67,1364505526224,81,72,1,-80
12,72,1364505526335,72,1364505526431,96,192,207,111
12,73,1364505526471,73,1364505526599,128,136,168,40
12,78,1364505526575,78,1364505526695,120,104,96,-24
12,82,1364505526727,82,1364505526791,64,152,96,32
12,8,1364505527119,8,1364505527191,72,392,400,328
12,69,1364505527239,69,1364505527327,88,120,136,48
12,83,1364505527423,83,1364505527503,80,184,176,96
12,69,1364505527567,69,1364505527647,80,144,144,64
12,32,1364505527719,32,1364505527807,88,152,160,72
12,79,1364505528111,79,1364505528159,48,392,352,304
12,79,1364505528255,79,1364505528327,72,144,168,96
12,68,1364505528847,68,1364505528927,80,592,600,520
12,32,1364505528959,32,1364505529047,88,112,120,32
12,70,1364505529119,70,1364505529183,64,160,136,72
12,79,1364505529199,79,1364505529295,96,80,112,16
12,82,1364505529311,82,1364505529407,96,112,112,16
12,32,1364505529399,32,1364505529503,104,88,96,-8
12,85,1364505529599,85,1364505529679,80,200,176,96
12,83,1364505529703,83,1364505529767,64,104,88,24
12,32,1364505529911,32,1364505529999,88,208,232,144
12,84,1364505530063,84,1364505530135,72,152,136,64
12,79,1364505530135,79,1364505530223,88,72,88,0
12,32,1364505530225,32,1364505530311,86,90,88,2
12,69,1364505530599,69,1364505530680,81,374,369,288
12,78,1364505530680,78,1364505530743,63,81,63,0
12,74,1364505530871,74,1364505530935,64,191,192,128
12,79,1364505530953,79,1364505531071,118,82,136,18
12,89,1364505531119,89,1364505531183,64,166,112,48
12,32,1364505531223,32,1364505531303,80,104,120,40
12,87,1364505531383,87,1364505531471,88,160,168,80
12,72,1364505531439,72,1364505531543,104,56,72,-32
12,73,1364505531527,73,1364505531615,88,88,72,-16
12,76,1364505531823,76,1364505531903,80,296,288,208
12,83,1364505531999,83,1364505532047,48,176,144,96
12,84,1364505532439,84,1364505532527,88,440,480,392
12,32,1364505532575,32,1364505532679,104,136,152,48
12,80,1364505532743,80,1364505532847,104,168,168,64
12,76,1364505532847,76,1364505532935,88,104,88,0
12,65,1364505532935,65,1364505532991,56,88,56,0
12,89,1364505533079,89,1364505533159,80,144,168,88
12,73,1364505533159,73,1364505533247,88,80,88,0
12,78,1364505533215,78,1364505533319,104,56,72,-32
12,71,1364505533319,71,1364505533383,64,104,64,0
12,32,1364505533423,32,1364505533511,88,104,128,40
12,69,1364505533951,69,1364505534007,56,528,496,440
12,84,1364505534103,84,1364505534167,64,152,160,96
12,84,1364505534239,84,1364505534327,88,136,160,72
12,76,1364505534303,76,1364505534431,128,64,104,-24
12,69,1364505534431,69,1364505534495,64,128,64,0
12,82,1364505534559,82,1364505534639,80,128,144,64
12,83,1364505534719,83,1364505534799,80,160,160,80
12,32,1364505534815,32,1364505534903,88,96,104,16
12,79,1364505535055,79,1364505535175,120,240,272,152
12,70,1364505535175,70,1364505535239,64,120,64,0
12,32,1364505535303,32,1364505535399,96,128,160,64
12,65,1364505535767,65,1364505535815,48,464,416,368
12,84,1364505535895,84,1364505535951,56,128,136,80
12,65,1364505536023,65,1364505536103,80,128,152,72
12,78,1364505536103,78,1364505536183,80,80,80,0
12,190,1364505536327,190,1364505536415,88,224,232,144
12,32,1364505536415,32,1364505536487,72,88,72,0
12,32,1364505536559,32,1364505536655,96,144,168,72
12,16,1364505536671,16,1364505536871,200,112,216,16
12,84,1364505536791,84,1364505536871,80,120,0,-80
12,72,1364505536943,72,1364505537015,72,152,144,72
12,69,1364505536967,69,1364505537055,88,24,40,-48
12,78,1364505537143,78,1364505537231,88,176,176,88
12,32,1364505537191,32,1364505537295,104,48,64,-40
12,16,1364505537359,16,1364505537511,152,168,216,64
12,73,1364505537423,73,1364505537535,112,64,24,-88
12,32,1364505537487,32,1364505537567,80,64,32,-48
12,87,1364505537799,87,1364505537862,63,312,295,232
12,73,1364505537927,73,1364505537975,48,128,113,65
12,76,1364505538103,76,1364505538150,47,176,175,128
12,76,1364505538231,76,1364505538295,64,128,145,81
12,32,1364505538279,32,1364505538375,96,48,80,-16
12,68,1364505538479,68,1364505538535,56,200,160,104
12,79,1364505538535,79,1364505538623,88,56,88,0
12,32,1364505538663,32,1364505538743,80,128,120,40
12,16,1364505538991,16,1364505539167,176,328,424,248
12,16,1364505539471,16,1364505539646,175,480,479,304
12,77,1364505539550,77,1364505539678,128,79,32,-96
12,65,1364505539679,65,1364505539742,63,129,64,1
12,84,1364505539839,84,1364505539911,72,160,169,97
12,72,1364505539886,72,1364505539950,64,47,39,-25
12,69,1364505540007,69,1364505540078,71,121,128,57
12,77,1364505540150,77,1364505540230,80,143,152,72
12,65,1364505540326,65,1364505540398,72,176,168,96
12,84,1364505540478,84,1364505540558,80,152,160,80
12,73,1364505540583,73,1364505540670,87,105,112,25
12,67,1364505540726,67,1364505540782,56,143,112,56
12,65,1364505540854,65,1364505540934,80,128,152,72
12,76,1364505540935,76,1364505540998,63,81,64,1
12,32,1364505541054,32,1364505541150,96,119,152,56
12,16,1364505541110,16,1364505541286,176,56,136,-40
12,65,1364505541262,65,1364505541342,80,152,56,-24
12,78,1364505541398,78,1364505541486,88,136,144,56
12,65,1364505541503,65,1364505541614,111,105,128,17
12,76,1364505541638,76,1364505541750,112,135,136,24
12,89,1364505542319,89,1364505542407,88,681,657,569
12,83,1364505542431,83,1364505542495,64,112,88,24
12,83,1364505542655,83,1364505542711,56,224,216,160
12,73,1364505542735,73,1364505542807,72,80,96,24
12,8,1364505543143,8,1364505543191,48,408,384,336
12,8,1364505543271,8,1364505543368,97,128,177,80
12,73,1364505543415,73,1364505543503,88,144,135,47
12,83,1364505543519,83,1364505543615,96,104,112,16
12,32,1364505543631,32,1364505543743,112,112,128,16
12,72,1364505544319,72,1364505544407,88,688,664,576
12,79,1364505544408,79,1364505544495,87,89,88,1
12,77,1364505544463,77,1364505544575,112,55,80,-32
12,69,1364505544543,69,1364505544599,56,80,24,-32
12,87,1364505544703,87,1364505544775,72,160,176,104
12,79,1364505544807,79,1364505544895,88,104,120,32
12,82,1364505544895,82,1364505544983,88,88,88,0
12,75,1364505545031,75,1364505545103,72,136,120,48
12,190,1364505545303,190,1364505545375,72,272,272,200
12,32,1364505545391,32,1364505545463,72,88,88,16
12,32,1364505545519,32,1364505545631,112,128,168,56
12,16,1364505545591,16,1364505545775,184,72,144,-40
12,73,1364505545679,73,1364505545784,105,88,9,-96
12,84,1364505545784,84,1364505545879,95,105,95,0
12,32,1364505545879,32,1364505545951,72,95,72,0
12,83,1364505546007,83,1364505546103,96,128,152,56
12,72,1364505546055,72,1364505546135,80,48,32,-48
12,79,1364505546191,79,1364505546295,104,136,160,56
12,85,1364505546271,85,1364505546335,64,80,40,-24
12,76,1364505546391,76,1364505546479,88,120,144,56
12,68,1364505546439,68,1364505546519,80,48,40,-40
12,32,1364505546551,32,1364505546639,88,112,120,32
12,66,1364505546687,66,1364505546767,80,136,128,48
12,69,1364505546743,69,1364505546831,88,56,64,-24
12,32,1364505546855,32,1364505546935,80,112,104,24
12,65,1364505546983,65,1364505547095,112,128,160,48
12,32,1364505547095,32,1364505547175,80,112,80,0
12,71,1364505547255,71,1364505547319,64,160,144,80
12,79,1364505547303,79,1364505547351,48,48,32,-16
12,79,1364505547431,79,1364505547535,104,128,184,80
12,68,1364505547495,68,1364505547551,56,64,16,-40
12,32,1364505547575,32,1364505547663,88,80,112,24
12,84,1364505547751,84,1364505547839,88,176,176,88
12,73,1364505547839,73,1364505547927,88,88,88,0
12,77,1364505547911,77,1364505547999,88,72,72,-16
12,69,1364505547975,69,1364505548047,72,64,48,-24
12,190,1364505548207,190,1364505548311,104,232,264,160
12,32,1364505548343,32,1364505548399,56,136,88,32
12,32,1364505548471,32,1364505548567,96,128,168,72
12,16,1364505548535,16,1364505548719,184,64,152,-32
12,73,1364505548631,73,1364505548743,112,96,24,-88
12,32,1364505548743,32,1364505548799,56,112,56,0
12,72,1364505548943,72,1364505549023,80,200,224,144
12,79,1364505549055,79,1364505549151,96,112,128,32
12,80,1364505549127,80,1364505549223,96,72,72,-24
12,69,1364505549191,69,1364505549271,80,64,48,-32
12,32,1364505549295,32,1364505549375,80,104,104,24
12,89,1364505549439,89,1364505549519,80,144,144,64
12,79,1364505549495,79,1364505549559,64,56,40,-24
12,85,1364505549591,85,1364505549671,80,96,112,32
12,32,1364505549639,32,1364505549727,88,48,56,-32
12,72,1364505549807,72,1364505549919,112,168,192,80
12,65,1364505549847,65,1364505549919,72,40,0,-72
12,86,1364505550007,86,1364505550095,88,160,176,88
12,69,1364505550063,69,1364505550143,80,56,48,-32
12,32,1364505550159,32,1364505550255,96,96,112,16
12,65,1364505550271,65,1364505550335,64,112,80,16
12,32,1364505550359,32,1364505550431,72,88,96,24
12,71,1364505550855,71,1364505550919,64,496,488,424
12,82,1364505551031,82,1364505551103,72,176,184,112
12,69,1364505551191,69,1364505551263,72,160,160,88
12,65,1364505551327,65,1364505551399,72,136,136,64
12,84,1364505551455,84,1364505551543,88,128,144,56
12,32,1364505551511,32,1364505551639,128,56,96,-32
12,78,1364505551639,78,1364505551719,80,128,80,0
12,73,1364505551719,73,1364505551831,112,80,112,0
12,67,1364505551815,67,1364505551895,80,96,64,-16
12,8,1364505552231,8,1364505552303,72,416,408,336
12,71,1364505552303,71,1364505552367,64,72,64,0
12,72,1364505552455,72,1364505552567,112,152,200,88
12,84,1364505552487,84,1364505552567,80,32,0,-80
12,32,1364505552623,32,1364505552719,96,136,152,56
12,65,1364505552743,65,1364505552839,96,120,120,24
12,83,1364505552895,83,1364505552975,80,152,136,56
12,32,1364505552975,32,1364505553039,64,80,64,0
12,69,1364505553263,69,1364505553327,64,288,288,224
12,8,1364505553607,8,1364505553695,88,344,368,280
12,87,1364505553727,87,1364505553783,56,120,88,32
12,69,1364505553895,69,1364505553943,48,168,160,112
12,76,1364505553967,76,1364505554047,80,72,104,24
12,76,1364505554119,76,1364505554199,80,152,152,72
12,32,1364505556295,32,1364505556431,136,2176,2232,2096
12,69,1364505556951,69,1364505557007,56,656,576,520
12,65,1364505557055,65,1364505557134,79,104,127,48
12,78,1364505557150,78,1364505557230,80,95,96,16
12,32,1364505557263,32,1364505557358,95,113,128,33
12,79,1364505557742,79,1364505557854,112,479,496,384
12,85,1364505557942,85,1364505558030,88,200,176,88
12,84,1364505558054,84,1364505558142,88,112,112,24
12,190,1364505558358,190,1364505558502,144,304,360,216
12,69,1364570063935,69,1364570063999,64,120,128,64
12,69,1364570064463,69,1364570064527,64,528,528,464
12,84,1364570064655,84,1364570064735,80,192,208,128
12,73,1364570064783,73,1364570064863,80,128,128,48
12,78,1364570064839,78,1364570064927,88,56,64,-24
12,71,1364570064927,71,1364570064983,56,88,56,0
12,188,1364570065063,188,1364570065159,96,136,176,80
12,32,1364570065183,32,1364570065271,88,120,112,24
12,16,1364570065471,16,1364570066063,592,288,792,200
12,74,1364570065991,74,1364570066063,72,520,0,-72
12,79,1364570066143,79,1364570066215,72,152,152,80
12,83,1364570066287,83,1364570066399,112,144,184,72
12,69,1364570066847,69,1364570066919,72,560,520,448
12,80,1364570066920,80,1364570066991,71,73,72,1
12,72,1364570067095,72,1364570067183,88,175,192,104
12,32,1364570067599,32,1364570067663,64,504,480,416
12,32,1364570067751,32,1364570067839,88,152,176,88
12,16,1364570067919,16,1364570068135,216,168,296,80
12,84,1364570068087,84,1364570068135,48,168,0,-48
12,79,1364570068215,79,1364570068303,88,128,168,80
12,68,1364570068303,68,1364570068367,64,88,64,0
12,65,1364570068463,65,1364570068519,56,160,152,96
12,89,1364570068511,89,1364570068575,64,48,56,-8
12,32,1364570068631,32,1364570068711,80,120,136,56
12,73,1364570068751,73,1364570068831,80,120,120,40
12,83,1364570068831,83,1364570068911,80,80,80,0
12,32,1364570068911,32,1364570069015,104,80,104,0
12,16,1364570069735,16,1364570069887,152,824,872,720
12,71,1364570069807,71,1364570069887,80,72,0,-80
12,79,1364570069983,79,1364570070047,64,176,160,96
12,79,1364570070103,79,1364570070215,112,120,168,56
12,70,1364570070215,70,1364570070263,48,112,48,0
12,8,1364570070559,8,1364570070615,56,344,352,296
12,68,1364570070807,68,1364570070879,72,248,264,192
12,70,1364570071303,70,1364570071359,56,496,480,424
12,82,1364570071495,82,1364570071551,56,192,192,136
12,73,1364570071575,73,1364570071679,104,80,128,24
12,8,1364570072055,8,1364570072135,80,480,456,376
12,8,1364570072183,8,1364570072279,96,128,144,48
12,8,1364570072343,8,1364570072439,96,160,160,64
12,16,1364570072559,16,1364570072719,160,216,280,120
12,70,1364570072647,70,1364570072719,72,88,0,-72
12,73,1364570072815,73,1364570072903,88,168,184,96
12,82,1364570072927,82,1364570072991,64,112,88,24
12,68,1364570073087,68,1364570073167,80,160,176,96
12,65,1364570073231,65,1364570073351,120,144,184,64
12,89,1364570073335,89,1364570073375,40,104,24,-16
12,8,1364570073526,8,1364570073583,57,191,208,151
12,8,1364570073646,8,1364570073726,80,120,143,63
12,8,1364570073799,8,1364570073871,72,153,145,73
12,8,1364570073959,8,1364570074007,48,160,136,88
12,8,1364570074103,8,1364570074191,88,144,184,96
12,82,1364570074216,82,1364570074303,87,113,112,25
12,73,1364570074327,73,1364570074415,88,111,112,24
12,68,1364570074479,68,1364570074559,80,152,144,64
12,65,1364570074656,65,1364570074768,112,177,209,97
12,89,1364570074735,89,1364570074815,80,79,47,-33
12,188,1364570075007,188,1364570075103,96,272,288,192
12,32,1364570075120,32,1364570075191,71,113,88,17
12,65,1364570075224,65,1364570075320,96,104,129,33
12,78,1364570075320,78,1364570075415,95,96,95,0
12,68,1364570075416,68,1364570075519,103,96,104,1
12,32,1364570075520,32,1364570075615,95,104,96,1
12,65,1364570075815,65,1364570075895,80,295,280,200
12,83,1364570075975,83,1364570076039,64,160,144,80
12,32,1364570076055,32,1364570076159,104,80,120,16
12,83,1364570076223,83,1364570076303,80,168,144,64
12,85,1364570076304,85,1364570076359,55,81,56,1
12,67,1364570076416,67,1364570076503,87,112,144,57
12,72,1364570076479,72,1364570076551,72,63,48,-24
12,188,1364570076703,188,1364570076799,96,224,248,152
12,32,1364570076871,32,1364570076953,82,168,154,72
12,16,1364570076999,16,1364570077183,184,128,230,46
12,73,1364570077096,73,1364570077184,88,97,1,-87
12,32,1364570077184,32,1364570077271,87,88,87,0
12,72,1364570077383,72,1364570077463,80,199,192,112
12,65,1364570077454,65,1364570077527,73,71,64,-9
12,86,1364570077616,86,1364570077735,119,162,208,89
12,69,1364570077703,69,1364570077807,104,87,72,-32
12,32,1364570077855,32,1364570077959,104,152,152,48
12,77,1364570077960,77,1364570078047,87,105,88,1
12,65,1364570078383,65,1364570078447,64,423,400,336
12,68,1364570078543,68,1364570078584,41,160,137,96
12,69,1364570078687,69,1364570078775,88,144,191,103
12,32,1364570078775,32,1364570078839,64,88,64,0
12,84,1364570078871,84,1364570078943,72,96,104,32
12,72,1364570078967,72,1364570079063,96,96,120,24
12,69,1364570079015,69,1364570079111,96,48,48,-48
12,32,1364570079087,32,1364570079176,89,72,65,-24
12,68,1364570079479,68,1364570079527,48,392,351,303
12,69,1364570079623,69,1364570079679,56,144,152,96
12,67,1364570079759,67,1364570079839,80,136,160,80
12,73,1364570079823,73,1364570079911,88,64,72,-16
12,83,1364570079967,83,1364570080055,88,144,144,56
12,73,1364570080055,73,1364570080151,96,88,96,0
12,79,1364570080199,79,1364570080247,48,144,96,48
12,78,1364570080295,78,1364570080399,104,96,152,48
12,32,1364570080399,32,1364570080471,72,104,72,0
12,84,1364570080559,84,1364570080639,80,160,168,88
12,79,1364570080607,79,1364570080695,88,48,56,-32
12,32,1364570080711,32,1364570080799,88,104,104,16
12,83,1364570080959,83,1364570081031,72,248,232,160
12,75,1364570081019,75,1364570081095,76,60,64,-12
12,73,1364570081183,73,1364570081263,80,164,168,88
12,80,1364570081263,80,1364570081367,104,80,104,0
12,32,1364570081383,32,1364570081463,80,120,96,16
12,77,1364570081631,77,1364570081703,72,248,240,168
12,89,1364570081815,89,1364570081895,80,184,192,112
12,32,1364570081953,32,1364570082031,78,138,136,58
12,76,1364570082239,76,1364570082311,72,286,280,208
12,65,1364570082359,65,1364570082447,88,120,136,48
12,83,1364570082527,83,1364570082599,72,168,152,80
12,84,1364570082695,84,1364570082767,72,168,168,96
12,32,1364570082799,32,1364570082855,56,104,88,32
12,84,1364570082919,84,1364570082991,72,120,136,64
12,87,1364570083055,87,1364570083143,88,136,152,64
12,79,1364570083143,79,1364570083199,56,88,56,0
12,32,1364570083223,32,1364570083319,96,80,120,24
12,67,1364570083639,67,1364570083703,64,416,384,320
12,76,1364570083751,76,1364570083831,80,112,128,48
12,65,1364570083791,65,1364570083871,80,40,40,-40
12,83,1364570083967,83,1364570084047,80,176,176,96
12,83,1364570084127,83,1364570084207,80,160,160,80
12,69,1364570084311,69,1364570084375,64,184,168,104
12,83,1364570084455,83,1364570084535,80,144,160,80
12,32,1364570084535,32,1364570084623,88,80,88,0
12,79,1364570084623,79,1364570084719,96,88,96,0
12,70,1364570084719,70,1364570084791,72,96,72,0
12,32,1364570084831,32,1364570084887,56,112,96,40
12,84,1364570084935,84,1364570084983,48,104,96,48
12,72,1364570084999,72,1364570085087,88,64,104,16
12,69,1364570085063,69,1364570085143,80,64,56,-24
12,32,1364570085159,32,1364570085247,88,96,104,16
12,68,1364570085607,68,1364570085671,64,448,424,360
12,65,1364570085831,65,1364570085911,80,224,240,160
12,89,1364570086031,89,1364570086111,80,200,200,120
12,32,1364570086191,32,1364570086263,72,160,152,80
12,73,1364570086247,73,1364570086335,88,56,72,-16
12,78,1364570086303,78,1364570086391,88,56,56,-32
12,32,1364570086471,32,1364570086551,80,168,160,80
12,79,1364570086615,79,1364570086727,112,144,176,64
12,82,1364570086956,82,1364570087007,51,341,280,229
12,68,1364570087103,68,1364570087175,72,147,168,96
12,69,1364570087247,69,1364570087319,72,144,144,72
12,82,1364570087367,82,1364570087431,64,120,112,48
12,32,1364570087452,32,1364570087519,67,85,88,21
12,84,1364570087551,84,1364570087631,80,99,112,32
12,79,1364570087591,79,1364570087687,96,40,56,-40
12,32,1364570087687,32,1364570087759,72,96,72,0
12,71,1364570088079,71,1364570088143,64,392,384,320
12,79,1364570088159,79,1364570088263,104,80,120,16
12,32,1364570088215,32,1364570088295,80,56,32,-48
12,84,1364570088359,84,1364570088455,96,144,160,64
12,79,1364570088431,79,1364570088519,88,72,64,-24
12,32,1364570088543,32,1364570088615,72,112,96,24
12,84,1364570088687,84,1364570088743,56,144,128,72
12,72,1364570088743,72,1364570088839,96,56,96,0
12,69,1364570088839,69,1364570088943,104,96,104,0
12,32,1364570088943,32,1364570089047,104,104,104,0
12,16,1364570090087,16,1364570090159,72,1144,1112,1040
12,83,1364570090167,83,1364570090231,64,80,72,8
12,69,1364570090871,69,1364570090967,96,704,736,640
12,82,1364570091023,82,1364570091095,72,152,128,56
12,86,1364570091239,86,1364570091319,80,216,224,144
12,73,1364570091743,73,1364570091823,80,504,504,424
12,67,1364570091847,67,1364570091927,80,104,104,24
12,69,1364570091952,69,1364570092040,88,105,113,25
12,32,1364570092040,32,1364570092127,87,88,87,0
12,65,1364570092215,65,1364570092279,64,175,152,88
12,84,1364570092351,84,1364570092439,88,136,160,72
12,32,1364570092463,32,1364570092559,96,112,120,24
12,16,1364570092641,16,1364570092815,174,178,256,82
12,83,1364570092735,83,1364570092816,81,94,1,-80
12,79,1364570092879,79,1364570092967,88,144,151,63
12,85,1364570093031,85,1364570093119,88,152,152,64
12,84,1364570093152,84,1364570093216,64,121,97,33
12,72,1364570093240,72,1364570093303,63,88,87,24
12,190,1364570093458,190,1364570093527,69,218,224,155
12,32,1364570093559,32,1364570093615,56,101,88,32
12,32,1364570093695,32,1364570093807,112,136,192,80
12,32,1364570095169,32,1364570095295,126,1474,1488,1362
12,72,1364570095424,72,1364570095495,71,255,200,129
12,65,1364570095495,65,1364570095591,96,71,96,0
12,86,1364570095648,86,1364570095767,119,153,176,57
12,69,1364570095719,69,1364570095815,96,71,48,-48
12,32,1364570095839,32,1364570095943,104,120,128,24
12,78,1364570096007,78,1364570096079,72,168,136,64
12,69,1364570096079,69,1364570096151,72,72,72,0
12,86,1364570096207,86,1364570096287,80,128,136,56
12,69,1364570096311,69,1364570096383,72,104,96,24
12,82,1364570096448,82,1364570096511,63,137,128,65
12,32,1364570096559,32,1364570096656,97,111,145,48
12,72,1364570096991,72,1364570097047,56,432,391,335
12,8,1364570097311,8,1364570097384,73,320,337,264
12,66,1364570097384,66,1364570097456,72,73,72,0
12,69,1364570097551,69,1364570097599,48,167,143,95
12,69,1364570097679,69,1364570097759,80,128,160,80
12,78,1364570097783,78,1364570097855,72,104,96,24
12,32,1364570097903,32,1364570097991,88,120,136,48
12,84,1364570098055,84,1364570098151,96,152,160,64
12,79,1364570098119,79,1364570098199,80,64,48,-32
12,32,1364570098231,32,1364570098311,80,112,112,32
12,16,1364570098327,16,1364570098711,384,96,400,16
12,83,1364570098639,83,1364570098719,80,312,8,-72
12,79,1364570098791,79,1364570098855,64,152,136,72
12,85,1364570098927,85,1364570099007,80,136,152,72
12,84,1364570099063,84,1364570099159,96,136,152,56
12,72,1364570099159,72,1364570099215,56,96,56,0
12,222,1364570099407,222,1364570099479,72,248,264,192
12,83,1364570099551,83,1364570099623,72,144,144,72
12,32,1364570099623,32,1364570099711,88,72,88,0
12,79,1364570100407,79,1364570100471,64,784,760,696
12,79,1364570100535,79,1364570100639,104,128,168,64
12,68,1364570100639,68,1364570100727,88,104,88,0
12,32,1364570100759,32,1364570100863,104,120,136,32
12,8,1364570101615,8,1364570101679,64,856,816,752
12,73,1364570102015,73,1364570102095,80,400,416,336
12,82,1364570102071,82,1364570102159,88,56,64,-24
12,68,1364570102351,68,1364570102407,56,280,248,192
12,8,1364570102591,8,1364570102647,56,240,240,184
12,8,1364570102719,8,1364570102783,64,128,136,72
12,8,1364570102855,8,1364570102955,100,136,172,72
12,82,1364570102983,82,1364570103079,96,128,124,28
12,73,1364570103079,73,1364570103183,104,96,104,0
12,68,1364570103239,68,1364570103327,88,160,144,56
12,65,1364570103407,65,1364570103511,104,168,184,80
12,89,1364570103471,89,1364570103559,88,64,48,-40
12,32,1364570103719,32,1364570103815,96,248,256,160
12,16,1364570103967,16,1364570104039,72,248,224,152
12,83,1364570104223,83,1364570104271,48,256,232,184
12,69,1364570104399,69,1364570104487,88,176,216,128
12,82,1364570104543,82,1364570104615,72,144,128,56
12,86,1364570104775,86,1364570104855,80,232,240,160
12,73,1364570104983,73,1364570105047,64,208,192,128
12,83,1364570105127,83,1364570105207,80,144,160,80
12,69,1364570105454,69,1364570105511,57,327,304,247
12,188,1364570105575,188,1364570105639,64,121,128,64
12,8,1364570105919,8,1364570105983,64,344,344,280
12,8,1364570106079,8,1364570106119,40,160,136,96
12,8,1364570106223,8,1364570106311,88,144,192,104
12,67,1364570106807,67,1364570106863,56,584,552,496
12,69,1364570106903,69,1364570106991,88,96,128,40
12,188,1364570106991,188,1364570107071,80,88,80,0
12,32,1364570107063,32,1364570107151,88,72,80,-8
12,66,1364570107231,66,1364570107303,72,168,152,80
12,85,1364570107303,85,1364570107399,96,72,96,0
12,84,1364570107471,84,1364570107559,88,168,160,72
12,32,1364570107583,32,1364570107671,88,112,112,24
12,16,1364570107639,16,1364570107823,184,56,152,-32
12,73,1364570107719,73,1364570107823,104,80,0,-104
12,32,1364570107823,32,1364570107887,64,104,64,0
12,72,1364570107967,72,1364570108063,96,144,176,80
12,65,1364570108039,65,1364570108118,79,72,55,-24
12,86,1364570108182,86,1364570108303,121,143,185,64
12,69,1364570108255,69,1364570108351,96,73,48,-48
12,32,1364570108375,32,1364570108462,87,120,111,24
12,66,1364570108495,66,1364570108567,72,120,105,33
12,69,1364570108567,69,1364570108606,39,72,39,0
12,69,1364570108694,69,1364570108767,73,127,161,88
12,78,1364570108768,78,1364570108855,87,74,88,1
12,32,1364570108872,32,1364570108957,85,104,102,17
12,65,1364570109087,65,1364570109143,56,215,186,130
12,83,1364570109248,83,1364570109304,56,161,161,105
12,83,1364570109384,83,1364570109456,72,136,152,80
12,85,1364570109456,85,1364570109535,79,72,79,0
12,82,1364570109567,82,1364570109623,56,111,88,32
12,69,1364570109680,69,1364570109799,119,113,176,57
12,68,1364570109911,68,1364570109999,88,231,200,112
12,32,1364570110032,32,1364570110096,64,121,97,33
12,84,1364570110903,84,1364570110983,80,871,887,807
12,72,1364570110984,72,1364570111039,55,81,56,1
12,65,1364570111087,65,1364570111111,24,103,72,48
12,84,1364570111216,84,1364570111288,72,129,177,105
12,32,1364570111335,32,1364570111439,104,119,151,47
12,73,1364570111440,73,1364570111527,87,105,88,1
12,83,1364570111575,83,1364570111656,81,135,129,48
12,32,1364570111656,32,1364570111727,71,81,71,0
12,73,1364570111903,73,1364570111983,80,247,256,176
12,84,1364570112175,84,1364570112247,72,272,264,192
12,32,1364570112311,32,1364570112391,80,136,144,64
12,8,1364570112567,8,1364570112631,64,256,240,176
12,8,1364570112695,8,1364570112783,88,128,152,64
12,8,1364570112895,8,1364570112967,72,200,184,112
12,8,1364570113039,8,1364570113111,72,144,144,72
12,8,1364570113391,8,1364570113495,104,352,384,280
12,84,1364570113519,84,1364570113591,72,128,96,24
12,32,1364570113607,32,1364570113671,64,88,80,16
12,73,1364570113775,73,1364570113863,88,168,192,104
12,83,1364570113863,83,1364570113967,104,88,104,0
12,32,1364570113959,32,1364570114047,88,96,80,-8
12,86,1364570114279,86,1364570114344,65,320,297,232
12,69,1364570114423,69,1364570114503,80,144,159,79
12,82,1364570114575,82,1364570114639,64,152,136,72
12,89,1364570114639,89,1364570114727,88,64,88,0
12,32,1364570114783,32,1364570114855,72,144,128,56
12,71,1364570114920,71,1364570114983,63,137,128,65
12,79,1364570114967,79,1364570115015,48,47,32,-16
12,79,1364570115103,79,1364570115175,72,136,160,88
12,68,1364570115175,68,1364570115231,56,72,56,0
12,188,1364570115311,188,1364570115391,80,136,160,80
12,32,1364570115415,32,1364570115495,80,104,104,24
12,83,1364570115551,83,1364570115631,80,136,136,56
12,79,1364570115607,79,1364570115679,72,56,48,-24
12,32,1364570115695,32,1364570115799,104,88,120,16
12,16,1364570115847,16,1364570116023,176,152,224,48
12,73,1364570115927,73,1364570116024,97,80,1,-96
12,32,1364570116055,32,1364570116127,72,128,103,31
12,65,1364570116287,65,1364570116391,104,232,264,160
12,77,1364570116391,77,1364570116463,72,104,72,0
12,32,1364570116487,32,1364570116583,96,96,120,24
12,69,1364570116847,69,1364570116935,88,360,352,264
12,88,1364570117119,88,1364570117191,72,272,256,184
12,67,1364570117279,67,1364570117375,96,160,184,88
12,73,1364570117463,73,1364570117551,88,184,176,88
12,84,1364570117551,84,1364570117607,56,88,56,0
12,69,1364570117687,69,1364570117743,56,136,136,80
12,68,1364570117831,68,1364570117879,48,144,136,88
12,190,1364570117903,190,1364570118007,104,72,128,24
12,32,1364570118023,32,1364570118087,64,120,80,16
12,65,1364570118391,65,1364570118471,80,368,384,304
12,86,1364570118535,86,1364570118647,112,144,176,64
12,69,1364570118647,69,1364570118767,120,112,120,0
12,32,1364570118807,32,1364570118903,96,160,136,40
12,8,1364570119039,8,1364570119095,56,232,192,136
12,8,1364570119183,8,1364570119239,56,144,144,88
12,8,1364570119327,8,1364570119375,48,144,136,88
12,8,1364570119463,8,1364570119519,56,136,144,88
12,65,1364570119839,65,1364570119919,80,376,400,320
12,86,1364570119975,86,1364570120103,128,136,184,56
12,69,1364570120103,69,1364570120159,56,128,56,0
12,32,1364570120191,32,1364570120279,88,88,120,32
12,65,1364570120295,65,1364570120391,96,104,112,16
12,32,1364570120391,32,1364570120463,72,96,72,0
12,71,1364570120559,71,1364570120623,64,168,160,96
12,82,1364570120751,82,1364570120815,64,192,192,128
12,69,1364570120871,69,1364570120943,72,120,128,56
12,65,1364570121031,65,1364570121071,40,160,128,88
12,84,1364570121135,84,1364570121223,88,104,152,64
12,32,1364570121223,32,1364570121311,88,88,88,0
12,65,1364570121687,65,1364570121783,96,464,472,376
12,83,1364570121815,83,1364570121879,64,128,96,32
12,84,1364570121959,84,1364570122015,56,144,136,80
12,69,1364570122055,69,1364570122151,96,96,136,40
12,82,1364570122183,82,1364570122255,72,128,104,32
12,32,1364570122255,32,1364570122327,72,72,72,0
12,87,1364570122487,87,1364570122535,48,232,208,160
12,69,1364570122655,69,1364570122719,64,168,184,120
12,69,1364570122815,69,1364570122911,96,160,192,96
12,75,1364570122967,75,1364570123039,72,152,128,56
12,69,1364570123439,69,1364570123519,80,472,480,400
12,78,1364570123543,78,1364570123631,88,104,112,24
12,68,1364570123631,68,1364570123727,96,88,96,0
13,66,1363793923637,66,1363793923741,104,320,1,-103
13,82,1363793923804,82,1363793923916,112,167,175,63
13,69,1363793923885,69,1363793923988,103,81,72,-31
13,78,1363793924948,78,1363793925012,64,1063,1024,960
13,68,1363793925076,68,1363793925173,97,128,161,64
13,65,1363793925173,65,1363793925276,103,97,103,0
13,78,1363793925844,78,1363793925916,72,671,640,568
13,188,1363793926300,188,1363793926388,88,456,472,384
13,32,1363793926356,32,1363793926468,112,56,80,-32
13,71,1363793926589,71,1363793926692,103,233,224,121
13,82,1363793926900,82,1363793927076,176,311,384,208
13,69,1363793926988,69,1363793927116,128,88,40,-88
13,65,1363793927180,65,1363793927340,160,192,224,64
13,84,1363793927356,84,1363793927436,80,176,96,16
13,32,1363793927460,32,1363793927564,104,104,128,24
13,73,1363793927924,73,1363793927997,73,464,433,360
13,68,1363793928036,68,1363793928116,80,112,119,39
13,69,1363793928204,69,1363793928316,112,168,200,88
13,65,1363793928276,65,1363793928420,144,72,104,-40
13,32,1363793928348,32,1363793928444,96,72,24,-72
13,87,1363793928676,87,1363793928764,88,328,320,232
13,73,1363793928764,73,1363793928844,80,88,80,0
13,84,1363793928900,84,1363793929020,120,136,176,56
13,72,1363793928972,72,1363793929068,96,72,48,-48
13,32,1363793929004,32,1363793929124,120,32,56,-64
13,84,1363793929156,84,1363793929244,88,152,120,32
13,72,1363793929276,72,1363793929348,72,120,104,32
13,69,1363793929412,69,1363793929516,104,136,168,64
13,32,1363793929516,32,1363793929604,88,104,88,0
13,8,1363793930100,8,1363793930172,72,584,568,496
13,8,1363793930236,8,1363793930316,80,136,144,64
13,8,1363793930380,8,1363793930428,48,144,112,64
13,8,1363793930516,8,1363793930604,88,136,176,88
13,83,1363793930724,83,1363793930788,64,208,184,120
13,75,1363793930860,75,1363793930924,64,136,136,72
13,73,1363793931004,73,1363793931076,72,144,152,80
13,80,1363793931172,80,1363793931228,56,168,152,96
13,80,1363793931316,80,1363793931404,88,144,176,88
13,73,1363793931556,73,1363793931660,104,240,256,152
13,78,1363793931588,78,1363793931716,128,32,56,-72
13,71,1363793931748,71,1363793931844,96,160,128,32
13,32,1363793931780,32,1363793931876,96,32,32,-64
13,72,1363793931956,72,1363793932028,72,176,152,80
13,84,1363793932028,84,1363793932148,120,72,120,0
13,32,1363793932148,32,1363793932220,72,120,72,0
13,69,1363793932196,69,1363793932284,88,48,64,-24
13,16,1363793932380,16,1363793932516,136,184,232,96
13,8,1363793932604,8,1363793932668,64,224,152,88
13,8,1363793932732,8,1363793932804,72,128,136,64
13,8,1363793932876,8,1363793932932,56,144,128,72
13,8,1363793933012,8,1363793933092,80,136,160,80
13,84,1363793933140,84,1363793933236,96,128,144,48
13,72,1363793933284,72,1363793933364,80,144,128,48
13,69,1363793933340,69,1363793933404,64,56,40,-24
13,32,1363793933484,32,1363793933548,64,144,144,80
13,65,1363793933948,65,1363793934092,144,464,544,400
13,32,1363793934052,32,1363793934140,88,104,48,-40
13,83,1363793934268,83,1363793934380,112,216,240,128
13,84,1363793934532,84,1363793934620,88,264,240,152
13,69,1363793934604,69,1363793934716,112,72,96,-16
13,80,1363793934692,80,1363793934788,96,88,72,-24
13,32,1363793934757,32,1363793934852,95,65,64,-31
13,73,1363793935324,73,1363793935452,128,567,600,472
13,78,1363793935396,78,1363793935508,112,72,56,-56
13,32,1363793935452,32,1363793935564,112,56,56,-56
13,68,1363793935868,68,1363793936020,152,416,456,304
13,65,1363793935972,65,1363793936092,120,104,72,-48
13,190,1363793936188,190,1363793936316,128,216,224,96
13,32,1363793936276,32,1363793936357,81,88,41,-40
13,8,1363793936645,8,1363793936709,64,369,352,288
13,8,1363793936757,8,1363793936829,72,112,120,48
13,8,1363793936949,8,1363793937045,96,192,216,120
13,190,1363793937293,190,1363793937421,128,344,376,248
13,32,1363793937381,32,1363793937493,112,88,72,-40
13,8,1363793938325,8,1363793938429,104,944,936,832
13,84,1363793938925,84,1363793939013,88,600,584,496
13,72,1363793939013,72,1363793939141,128,88,128,0
13,73,1363793939053,73,1363793939141,88,40,0,-88
13,78,1363793939261,78,1363793939397,136,208,256,120
13,75,1363793939325,75,1363793939429,104,64,32,-72
13,32,1363793939397,32,1363793939501,104,72,72,-32
13,79,1363793939605,79,1363793939693,88,208,192,104
13,70,1363793939677,70,1363793939757,80,72,64,-16
13,8,1363793939917,8,1363793939973,56,240,216,160
13,8,1363793940045,8,1363793940181,136,128,208,72
13,70,1363793940181,70,1363793940268,87,136,87,0
13,79,1363793940429,79,1363793940509,80,248,241,161
13,82,1363793940509,82,1363793940620,111,80,111,0
13,32,1363793940597,32,1363793940708,111,88,88,-23
13,79,1363793940805,79,1363793940964,159,208,256,97
13,85,1363793940924,85,1363793940988,64,119,24,-40
13,82,1363793941125,82,1363793941220,95,201,232,137
13,32,1363793941180,32,1363793941260,80,55,40,-40
13,76,1363793941740,76,1363793941812,72,560,552,480
13,79,1363793941925,79,1363793941996,71,185,184,113
13,87,1363793942036,87,1363793942092,56,111,96,40
13,32,1363793942132,32,1363793942220,88,96,128,40
13,68,1363793942484,68,1363793942572,88,352,352,264
13,73,1363793942573,73,1363793942684,111,89,112,1
13,77,1363793942644,77,1363793942716,72,71,32,-40
13,78,1363793942892,78,1363793942940,48,248,224,176
13,8,1363793943156,8,1363793943252,96,264,312,216
13,69,1363793943253,69,1363793943348,95,97,96,1
13,78,1363793943404,78,1363793943476,72,151,128,56
13,83,1363793943580,83,1363793943652,72,176,176,104
13,73,1363793943692,73,1363793943780,88,112,128,40
13,79,1363793943732,79,1363793943820,88,40,40,-48
13,78,1363793943916,78,1363793944005,89,184,185,96
13,65,1363793944021,65,1363793944084,63,105,79,16
13,76,1363793944124,76,1363793944228,104,103,144,40
13,32,1363793944180,32,1363793944300,120,56,72,-48
13,86,1363793944724,86,1363793944828,104,544,528,424
13,69,1363793944780,69,1363793944868,88,56,40,-48
13,67,1363793944988,67,1363793945084,96,208,216,120
13,84,1363793945221,84,1363793945300,79,233,216,137
13,79,1363793945324,79,1363793945396,72,103,96,24
13,82,1363793945500,82,1363793945676,176,176,280,104
13,83,1363793945644,83,1363793945772,128,144,96,-32
13,32,1363793945828,32,1363793945940,112,184,168,56
13,8,1363793947692,8,1363793947780,88,1864,1840,1752
13,32,1363793948340,32,1363793948452,112,648,672,560
13,65,1363793948692,65,1363793948716,24,352,264,240
13,78,1363793949468,78,1363793949548,80,776,832,752
13,68,1363793949548,68,1363793949612,64,80,64,0
13,32,1363793949668,32,1363793949732,64,120,120,56
13,65,1363793950124,65,1363793950220,96,456,488,392
13,77,1363793950500,77,1363793950580,80,376,360,280
13,80,1363793950711,80,1363793950804,93,211,224,131
13,76,1363793950780,76,1363793950855,75,69,51,-24
13,69,1363793950855,69,1363793950924,69,75,69,0
13,32,1363793950996,32,1363793951100,104,141,176,72
13,84,1363793951468,84,1363793951564,96,472,464,368
13,82,1363793951660,82,1363793951764,104,192,200,96
13,65,1363793951740,65,1363793951852,112,80,88,-24
13,73,1363793951868,73,1363793952004,136,128,152,16
13,78,1363793951940,78,1363793952020,80,72,16,-64
13,73,1363793952140,73,1363793952244,104,200,224,120
13,78,1363793952196,78,1363793952276,80,56,32,-48
13,71,1363793952276,71,1363793952372,96,80,96,0
13,32,1363793952372,32,1363793952452,80,96,80,0
13,68,1363793952924,68,1363793953036,112,552,584,472
13,65,1363793953004,65,1363793953124,120,80,88,-32
13,84,1363793953172,84,1363793953260,88,168,136,48
13,65,1363793953220,65,1363793953396,176,48,136,-40
13,32,1363793953388,32,1363793953476,88,168,80,-8
13,84,1363793953965,84,1363793954077,112,577,601,489
13,72,1363793954077,72,1363793954157,80,112,80,0
13,65,1363793954557,65,1363793954661,104,480,504,400
13,84,1363793954717,84,1363793954821,104,160,160,56
13,32,1363793954821,32,1363793954933,112,104,112,0
13,84,1363793955469,84,1363793955589,120,648,656,536
13,72,1363793955565,72,1363793955685,120,96,96,-24
13,73,1363793955629,73,1363793955717,88,64,32,-56
13,83,1363793955909,83,1363793956013,104,280,296,192
13,32,1363793956013,32,1363793956093,80,104,80,0
13,83,1363793956301,83,1363793956413,112,288,320,208
13,72,1363793956429,72,1363793956516,87,128,103,16
13,79,1363793956645,79,1363793956789,144,216,273,129
13,85,1363793956741,85,1363793956813,72,96,24,-48
13,76,1363793956901,76,1363793956997,96,160,184,88
13,68,1363793956997,68,1363793957077,80,96,80,0
13,32,1363793957077,32,1363793957157,80,80,80,0
13,76,1363793957349,76,1363793957461,112,272,304,192
13,69,1363793957461,69,1363793957589,128,112,128,0
13,65,1363793957557,65,1363793957676,119,96,87,-32
13,68,1363793957940,68,1363793958061,121,383,385,264
13,32,1363793958085,32,1363793958165,80,145,104,24
13,84,1363793958533,84,1363793958612,79,448,447,368
13,79,1363793958628,79,1363793958724,96,95,112,16
13,32,1363793958725,32,1363793958780,55,97,56,1
13,72,1363793958908,72,1363793958996,88,183,216,128
13,73,1363793959028,73,1363793959124,96,120,128,32
13,71,1363793959244,71,1363793959325,81,216,201,120
13,72,1363793959325,72,1363793959412,87,81,87,0
13,69,1363793959597,69,1363793959772,175,272,360,185
13,82,1363793959708,82,1363793959773,65,111,1,-64
13,32,1363793959804,32,1363793959892,88,96,119,31
13,65,1363793960276,65,1363793960348,72,472,456,384
13,67,1363793960548,67,1363793960605,57,272,257,200
13,67,1363793960692,67,1363793960756,64,144,151,87
13,85,1363793960821,85,1363793960884,63,129,128,65
13,82,1363793960900,82,1363793960988,88,79,104,16
13,65,1363793960989,65,1363793961094,105,89,106,1
13,67,1363793961148,67,1363793961236,88,159,142,54
13,89,1363793961268,89,1363793961396,128,120,160,32
13,32,1363793961397,32,1363793961476,79,129,80,1
13,65,1363793961604,65,1363793961732,128,207,256,128
13,83,1363793961828,83,1363793961916,88,224,184,96
13,32,1363793961948,32,1363793962060,112,120,144,32
13,87,1363793962140,87,1363793962244,104,192,184,80
13,69,1363793962220,69,1363793962324,104,80,80,-24
13,32,1363793962324,32,1363793962428,104,104,104,0
13,87,1363793963228,87,1363793963332,104,904,904,800
13,79,1363793963332,79,1363793963444,112,104,112,0
13,78,1363793963388,78,1363793963508,120,56,64,-56
13,222,1363793964316,222,1363793964388,72,928,880,808
13,84,1363793964644,84,1363793964716,72,328,328,256
13,32,1363793964756,32,1363793964852,96,112,136,40
13,66,1363793965244,66,1363793965308,64,488,456,392
13,69,1363793965348,69,1363793965436,88,104,128,40
13,32,1363793965460,32,1363793965572,112,112,136,24
13,76,1363793965924,76,1363793965988,64,464,416,352
13,79,1363793966076,79,1363793966156,80,152,168,88
13,83,1363793966132,83,1363793966228,96,56,72,-24
13,69,1363793966652,69,1363793966740,88,520,512,424
13,8,1363793966988,8,1363793967068,80,336,328,248
13,73,1363793967228,73,1363793967348,120,240,280,160
13,78,1363793967292,78,1363793967372,80,64,24,-56
13,71,1363793967348,71,1363793967452,104,56,80,-24
13,32,1363793967452,32,1363793967516,64,104,64,0
13,65,1363793967668,65,1363793967820,152,216,304,152
13,78,1363793967748,78,1363793967844,96,80,24,-72
13,89,1363793968364,89,1363793968468,104,616,624,520
13,32,1363793968428,32,1363793968508,80,64,40,-40
13,73,1363793968916,73,1363793969012,96,488,504,408
13,78,1363793968980,78,1363793969068,88,64,56,-32
13,70,1363793969172,70,1363793969252,80,192,184,104
13,79,1363793969244,79,1363793969316,72,72,64,-8
13,82,1363793969348,82,1363793969444,96,104,128,32
13,77,1363793969444,77,1363793969508,64,96,64,0
13,65,1363793969548,65,1363793969652,104,104,144,40
13,84,1363793969636,84,1363793969724,88,88,72,-16
13,73,1363793969724,73,1363793969820,96,88,96,0
13,79,1363793969780,79,1363793969876,96,56,56,-40
13,78,1363793969964,78,1363793970100,136,184,224,88
13,32,1363793970020,32,1363793970140,120,56,40,-80
13,68,1363793974045,68,1363793974133,88,4025,3993,3905
13,85,1363793974133,85,1363793974213,80,88,80,0
13,69,1363793974253,69,1363793974325,72,120,112,40
13,32,1363793974325,32,1363793974429,104,72,104,0
13,84,1363793974629,84,1363793974701,72,304,272,200
13,79,1363793974669,79,1363793974781,112,40,80,-32
13,32,1363793974781,32,1363793974877,96,112,96,0
13,68,1363793975630,68,1363793975725,95,849,848,753
13,73,1363793975765,73,1363793975892,127,135,167,40
13,77,1363793975821,77,1363793975932,111,56,40,-71
13,69,1363793975933,69,1363793976004,71,112,72,1
13,78,1363793976037,78,1363793976109,72,104,105,33
13,83,1363793976197,83,1363793976276,79,160,167,88
13,73,1363793976301,73,1363793976397,96,104,121,25
13,79,1363793976364,79,1363793976452,88,63,55,-33
13,78,1363793976508,78,1363793976612,104,144,160,56
13,65,1363793976629,65,1363793976733,104,121,121,17
13,76,1363793976733,76,1363793976877,144,104,144,0
13,73,1363793976860,73,1363793976972,112,127,95,-17
13,84,1363793977108,84,1363793977196,88,248,224,136
13,89,1363793977276,89,1363793977412,136,168,216,80
13,32,1363793977372,32,1363793977460,88,96,48,-40
13,82,1363793977685,82,1363793977781,96,313,321,225
13,69,1363793977757,69,1363793977820,63,72,39,-24
13,68,1363793978092,68,1363793978164,72,335,344,272
13,85,1363793978212,85,1363793978284,72,120,120,48
13,67,1363793978308,67,1363793978397,89,96,113,24
13,84,1363793978517,84,1363793978628,111,209,231,120
13,73,1363793978572,73,1363793978660,88,55,32,-56
13,79,1363793978629,79,1363793978724,95,57,64,-31
13,78,1363793978789,78,1363793978876,87,160,152,65
13,190,1363793979172,190,1363793979324,152,383,448,296
13,32,1363793979276,32,1363793979396,120,104,72,-48
13,37,1363793980076,37,1363793981132,1056,800,1736,680
13,39,1363793986404,39,1363793986508,104,6328,5376,5272
13,32,1363793986732,32,1363793986804,72,328,296,224
13,16,1363793987668,16,1363793987836,168,936,1032,864
13,84,1363793987796,84,1363793987892,96,128,56,-40
13,72,1363793987892,72,1363793987964,72,96,72,0
13,65,1363793988036,65,1363793988116,80,144,152,72
13,78,1363793988116,78,1363793988244,128,80,128,0
13,75,1363793988188,75,1363793988292,104,72,48,-56
13,83,1363793988260,83,1363793988324,64,72,32,-32
13,16,1363793988588,16,1363793988901,313,328,577,264
13,16,1363793989029,16,1363793989861,832,441,960,128
13,49,1363793989805,49,1363793989869,64,776,8,-56
13,13,1363793990029,13,1363793990101,72,224,232,160
13,189,1363793990637,189,1363793990693,56,608,592,536
13,16,1363793990725,16,1363793990933,208,88,240,32
13,74,1363793990869,74,1363793990965,96,144,32,-64
13,79,1363793990981,79,1363793991077,96,112,112,16
13,83,1363793991093,83,1363793991197,104,112,120,16
13,72,1363793991149,72,1363793991229,80,56,32,-48
13,72,1364233312258,72,1364233312346,88,136,48,-40
13,69,1364233312386,69,1364233312490,104,128,144,40
13,89,1364233312458,89,1364233312562,104,72,72,-32
13,32,1364233312562,32,1364233312594,32,104,32,0
13,67,1364233312802,67,1364233312898,96,240,304,208
13,72,1364233312898,72,1364233312986,88,96,88,0
13,8,1364233313626,8,1364233313698,72,728,712,640
13,8,1364233313778,8,1364233313858,80,152,160,80
13,16,1364233313858,16,1364233314010,152,80,152,0
13,67,1364233313962,67,1364233314058,96,104,48,-48
13,72,1364233314058,72,1364233314130,72,96,72,0
13,65,1364233314346,65,1364233314458,112,288,328,216
13,82,1364233314522,82,1364233314619,97,176,161,64
13,76,1364233314747,76,1364233314827,80,225,208,128
13,69,1364233314851,69,1364233314963,112,104,136,24
13,83,1364233314915,83,1364233315043,128,64,80,-48
13,188,1364233315059,188,1364233315195,136,144,152,16
13,32,1364233315155,32,1364233315267,112,96,72,-40
13,84,1364233315379,84,1364233315459,80,224,192,112
13,72,1364233315459,72,1364233315539,80,80,80,0
13,65,1364233315587,65,1364233315611,24,128,72,48
13,78,1364233316523,78,1364233316642,119,936,1031,912
13,75,1364233316603,75,1364233316658,55,80,16,-39
13,83,1364233316794,83,1364233316946,152,191,288,136
13,32,1364233316915,32,1364233317026,111,121,80,-31
13,70,1364233317050,70,1364233317130,80,135,104,24
13,79,1364233317131,79,1364233317203,72,81,73,1
13,82,1364233317234,82,1364233317330,96,103,127,31
13,32,1364233317306,32,1364233317386,80,72,56,-24
13,87,1364233317674,87,1364233317779,105,368,393,288
13,79,1364233317762,79,1364233317850,88,88,71,-17
13,82,1364233317882,82,1364233317987,105,120,137,32
13,75,1364233317987,75,1364233318058,71,105,71,0
13,73,1364233318186,73,1364233318306,120,199,248,128
13,78,1364233318266,78,1364233318370,104,80,64,-40
13,71,1364233318371,71,1364233318442,71,105,72,1
13,32,1364233318386,32,1364233318482,96,15,40,-56
13,79,1364233318626,79,1364233318762,136,240,280,144
13,85,1364233318714,85,1364233318803,89,88,41,-48
13,84,1364233318803,84,1364233318882,79,89,79,0
13,32,1364233318898,32,1364233318979,81,95,97,16
13,84,1364233318987,84,1364233319114,127,89,135,8
13,72,1364233319130,72,1364233319194,64,143,80,16
13,69,1364233319210,69,1364233319322,112,80,128,16
13,32,1364233319386,32,1364233319418,32,176,96,64
13,8,1364233319634,8,1364233319698,64,248,280,216
13,8,1364233319786,8,1364233319890,104,152,192,88
13,65,1364233319890,65,1364233320050,160,104,160,0
13,84,1364233319954,84,1364233320050,96,64,0,-96
13,32,1364233320051,32,1364233320098,47,97,48,1
13,80,1364233320754,80,1364233320874,120,703,776,656
13,82,1364233320930,82,1364233321010,80,176,136,56
13,79,1364233321114,79,1364233321202,88,184,192,104
13,66,1364233321282,66,1364233321371,89,168,169,80
13,76,1364233321434,76,1364233321514,80,152,143,63
13,69,1364233321530,69,1364233321642,112,96,128,16
13,77,1364233321643,77,1364233321762,119,113,120,1
13,32,1364233321739,32,1364233321826,87,96,64,-23
13,87,1364233321986,87,1364233322082,96,247,256,160
13,73,1364233322050,73,1364233322162,112,64,80,-32
13,84,1364233322202,84,1364233322306,104,152,144,40
13,72,1364233322306,72,1364233322370,64,104,64,0
13,32,1364233322338,32,1364233322418,80,32,48,-32
13,69,1364233323162,69,1364233323234,72,824,816,744
13,8,1364233323410,8,1364233323490,80,248,256,176
13,77,1364233323610,77,1364233323690,80,200,200,120
13,69,1364233323690,69,1364233323754,64,80,64,0
13,32,1364233323882,32,1364233323970,88,192,216,128
13,8,1364233324154,8,1364233324242,88,272,272,184
13,190,1364233324362,190,1364233324514,152,208,272,120
13,32,1364233324450,32,1364233324570,120,88,56,-64
13,16,1364233324570,16,1364233325674,1104,120,1104,0
13,73,1364233325610,73,1364233325706,96,1040,32,-64
13,32,1364233325674,32,1364233325754,80,64,48,-32
13,84,1364233325842,84,1364233325946,104,168,192,88
13,72,1364233325946,72,1364233326050,104,104,104,0
13,73,1364233326002,73,1364233326050,48,56,0,-48
13,78,1364233326186,78,1364233326346,160,184,296,136
13,84,1364233326442,84,1364233326538,96,256,192,96
13,72,1364233326538,72,1364233326634,96,96,96,0
13,69,1364233326634,69,1364233326698,64,96,64,0
13,8,1364233326882,8,1364233326940,58,248,242,184
13,8,1364233327018,8,1364233327090,72,136,150,78
13,8,1364233327162,8,1364233327210,48,144,120,72
13,8,1364233327306,8,1364233327354,48,144,144,96
13,8,1364233327466,8,1364233327571,105,160,217,112
13,75,1364233327586,75,1364233327666,80,120,95,15
13,32,1364233327642,32,1364233327714,72,56,48,-24
13,84,1364233327786,84,1364233327874,88,144,160,72
13,72,1364233327874,72,1364233327946,72,88,72,0
13,69,1364233328018,69,1364233328098,80,144,152,72
13,32,1364233328098,32,1364233328202,104,80,104,0
13,82,1364233328514,82,1364233328602,88,416,400,312
13,69,1364233328554,69,1364233328650,96,40,48,-48
13,67,1364233328786,67,1364233328866,80,232,216,136
13,85,1364233328898,85,1364233328962,64,112,96,32
13,82,1364233329026,82,1364233329122,96,128,160,64
13,83,1364233329266,83,1364233329346,80,240,224,144
13,73,1364233329378,73,1364233329450,72,112,104,32
13,86,1364233329570,86,1364233329658,88,192,208,120
13,69,1364233329634,69,1364233329714,80,64,56,-24
13,32,1364233330122,32,1364233330202,80,488,488,408
13,70,1364233330442,70,1364233330538,96,320,336,240
13,79,1364233330538,79,1364233330634,96,96,96,0
13,82,1364233330650,82,1364233330714,64,112,80,16
13,77,1364233331450,77,1364233331522,72,800,808,736
13,85,1364233331682,85,1364233331754,72,232,232,160
13,76,1364233331874,76,1364233331954,80,192,200,120
13,65,1364233331986,65,1364233332066,80,112,112,32
13,84,1364233332139,84,1364233332243,104,153,177,73
13,73,1364233332187,73,1364233332283,96,48,40,-56
13,79,1364233332227,79,1364233332339,112,40,56,-56
13,78,1364233332419,78,1364233332555,136,192,216,80
13,32,1364233332467,32,1364233332579,112,48,24,-88
13,79,1364233333211,79,1364233333299,88,744,720,632
13,70,1364233333315,70,1364233333395,80,104,96,16
13,32,1364233333395,32,1364233333515,120,80,120,0
13,84,1364233333515,84,1364233333627,112,120,112,0
13,72,1364233333611,72,1364233333691,80,96,64,-16
13,69,1364233333691,69,1364233333795,104,80,104,0
13,32,1364233333763,32,1364233333859,96,72,64,-32
13,80,1364233335034,80,1364233335122,88,1271,1263,1175
13,82,1364233335186,82,1364233335266,80,152,144,64
13,66,1364233335754,66,1364233335787,33,568,521,488
13,76,1364233335843,76,1364233335938,95,89,151,56
13,8,1364233336362,8,1364233336418,56,519,480,424
13,8,1364233336498,8,1364233336611,113,136,193,80
13,79,1364233336667,79,1364233336763,96,169,152,56
13,66,1364233337482,66,1364233337555,73,815,792,719
13,76,1364233337651,76,1364233337730,79,169,175,96
13,69,1364233337762,69,1364233337858,96,111,128,32
13,77,1364233337914,77,1364233338010,96,152,152,56
13,32,1364233337970,32,1364233338098,128,56,88,-40
13,67,1364233338411,67,1364233338514,103,441,416,313
13,65,1364233338482,65,1364233338594,112,71,80,-32
13,78,1364233338578,78,1364233338666,88,96,72,-16
13,32,1364233338618,32,1364233338730,112,40,64,-48
13,65,1364233339162,65,1364233339258,96,544,528,432
13,67,1364233339466,67,1364233339522,56,304,264,208
13,84,1364233339706,84,1364233339794,88,240,272,184
13,85,1364233339770,85,1364233339794,24,64,0,-24
13,65,1364233340346,65,1364233340402,56,576,608,552
13,76,1364233340450,76,1364233340514,64,104,112,48
13,76,1364233340602,76,1364233340690,88,152,176,88
13,89,1364233340666,89,1364233340754,88,64,64,-24
13,32,1364233340802,32,1364233340890,88,136,136,48
13,66,1364233341026,66,1364233341114,88,224,224,136
13,69,1364233341114,69,1364233341202,88,88,88,0
13,32,1364233341202,32,1364233341282,80,88,80,0
13,83,1364233341346,83,1364233341442,96,144,160,64
13,79,1364233341442,79,1364233341506,64,96,64,0
13,76,1364233341610,76,1364233341682,72,168,176,104
13,69,1364233341834,69,1364233341906,72,224,224,152
13,8,1364233342170,8,1364233342266,96,336,360,264
13,66,1364233342290,66,1364233342378,88,120,112,24
13,69,1364233342346,69,1364233342442,96,56,64,-32
13,68,1364233342538,68,1364233342634,96,192,192,96
13,32,1364233342635,32,1364233342690,55,97,56,1
13,8,1364233342914,8,1364233342970,56,279,280,224
13,8,1364233343058,8,1364233343122,64,144,152,88
13,8,1364233343202,8,1364233343274,72,144,152,80
13,8,1364233343354,8,1364233343426,72,152,152,80
13,86,1364233343962,86,1364233344042,80,608,616,536
13,69,1364233344354,69,1364233344426,72,392,384,312
13,68,1364233344554,68,1364233344634,80,200,208,128
13,32,1364233344634,32,1364233344714,80,80,80,0
13,65,1364233345514,65,1364233345634,120,880,920,800
13,83,1364233345730,83,1364233345794,64,216,160,96
13,83,1364233345882,83,1364233345994,112,152,200,88
13,85,1364233345994,85,1364233346058,64,112,64,0
13,77,1364233346234,77,1364233346314,80,240,256,176
13,73,1364233346434,73,1364233346562,128,200,248,120
13,78,1364233346522,78,1364233346594,72,88,32,-40
13,71,1364233346594,71,1364233346690,96,72,96,0
13,32,1364233346690,32,1364233346754,64,96,64,0
13,32,1364233347018,32,1364233347106,88,328,352,264
13,69,1364233347019,69,1364233347106,87,1,0,-87
13,76,1364233347210,76,1364233347266,56,191,160,104
13,8,1364233347562,8,1364233347634,72,352,368,296
13,8,1364233347714,8,1364233347770,56,152,136,80
13,8,1364233347866,8,1364233347962,96,152,192,96
13,69,1364233347938,69,1364233348002,64,72,40,-24
13,32,1364233348018,32,1364233348090,72,80,88,16
13,76,1364233348170,76,1364233348234,64,152,144,80
13,79,1364233348314,79,1364233348402,88,144,168,80
13,71,1364233348426,71,1364233348498,72,112,96,24
13,32,1364233348530,32,1364233348610,80,104,112,32
13,76,1364233348882,76,1364233348970,88,352,360,272
13,73,1364233348938,73,1364233349002,64,56,32,-32
13,75,1364233349106,75,1364233349170,64,168,168,104
13,69,1364233349194,69,1364233349274,80,88,104,24
13,76,1364233349619,76,1364233349715,96,425,441,345
13,73,1364233349691,73,1364233349803,112,72,88,-24
13,72,1364233349979,72,1364233350043,64,288,240,176
13,79,1364233350075,79,1364233350139,64,96,96,32
13,79,1364233350219,79,1364233350299,80,144,160,80
13,68,1364233350299,68,1364233350379,80,80,80,0
13,32,1364233350402,32,1364233350498,96,103,119,23
13,70,1364233350603,70,1364233350667,64,201,169,105
13,85,1364233350691,85,1364233350795,104,88,128,24
13,78,1364233350747,78,1364233350851,104,56,56,-48
13,67,1364233350851,67,1364233350931,80,104,80,0
13,84,1364233351075,84,1364233351163,88,224,232,144
13,73,1364233351139,73,1364233351227,88,64,64,-24
13,79,1364233351195,79,1364233351266,71,56,39,-32
13,78,1364233351371,78,1364233351474,103,176,208,105
13,32,1364233351427,32,1364233351506,79,56,32,-47
13,73,1364233351586,73,1364233351650,64,159,144,80
13,83,1364233351666,83,1364233351786,120,80,136,16
13,32,1364233351738,32,1364233351842,104,72,56,-48
13,77,1364233352235,77,1364233352322,87,497,480,393
13,79,1364233352346,79,1364233352434,88,111,112,24
13,78,1364233352730,78,1364233352810,80,384,376,296
13,79,1364233352906,79,1364233352978,72,176,168,96
13,84,1364233353194,84,1364233353282,88,288,304,216
13,79,1364233353658,79,1364233353762,104,464,480,376
13,73,1364233354010,73,1364233354058,48,352,296,248
13,8,1364233354450,8,1364233354570,120,440,512,392
13,78,1364233354906,78,1364233355019,113,456,449,336
13,73,1364233355019,73,1364233355130,111,113,111,0
13,67,1364233355250,67,1364233355370,120,231,240,120
13,76,1364233355371,76,1364233355426,55,121,56,1
13,65,1364233355372,65,1364233355434,62,1,8,-54
13,76,1364233355514,76,1364233355602,88,142,168,80
13,89,1364233355626,89,1364233355706,80,112,104,24
13,32,1364233355707,32,1364233355818,111,81,112,1
13,8,1364233356114,8,1364233356170,56,407,352,296
13,8,1364233356250,8,1364233356314,64,136,144,80
13,8,1364233356386,8,1364233356450,64,136,136,72
13,8,1364233356522,8,1364233356642,120,136,192,72
13,76,1364233356642,76,1364233356738,96,120,96,0
13,89,1364233357074,89,1364233357138,64,432,400,336
13,32,1364233357154,32,1364233357258,104,80,120,16
13,8,1364233357466,8,1364233357530,64,312,272,208
13,8,1364233357602,8,1364233357666,64,136,136,72
13,8,1364233357755,8,1364233357874,119,153,208,89
13,8,1364233358330,8,1364233358426,96,575,552,456
13,65,1364233358426,65,1364233358506,80,96,80,0
13,76,1364233358546,76,1364233358594,48,120,88,40
13,76,1364233358690,76,1364233358722,32,144,128,96
13,89,1364233358706,89,1364233358794,88,16,72,-16
13,32,1364233358858,32,1364233358946,88,152,152,64
13,68,1364233359242,68,1364233359306,64,384,360,296
13,69,1364233359410,69,1364233359498,88,168,192,104
13,67,1364233359890,67,1364233359970,80,480,472,392
13,82,1364233360090,82,1364233360234,144,200,264,120
13,69,1364233360154,69,1364233360306,152,64,72,-80
13,65,1364233360234,65,1364233360442,208,80,136,-72
13,83,1364233360426,83,1364233360546,120,192,104,-16
13,73,1364233360658,73,1364233360778,120,232,232,112
13,78,1364233360714,78,1364233360826,112,56,48,-64
13,71,1364233360826,71,1364233360922,96,112,96,0
13,32,1364233360922,32,1364233361018,96,96,96,0
13,65,1364233361138,65,1364233361242,104,216,224,120
13,83,1364233361426,83,1364233361522,96,288,280,184
13,32,1364233361538,32,1364233361634,96,112,112,16
13,65,1364233361706,65,1364233361794,88,168,160,72
13,32,1364233361794,32,1364233361874,80,88,80,0
13,70,1364233362194,70,1364233362266,72,400,392,320
13,85,1364233362354,85,1364233362426,72,160,160,88
13,78,1364233362378,78,1364233362474,96,24,48,-48
13,67,1364233362474,67,1364233362514,40,96,40,0
13,84,1364233362682,84,1364233362786,104,208,272,168
13,73,1364233362786,73,1364233362922,136,104,136,0
13,79,1364233362858,79,1364233362938,80,72,16,-64
13,78,1364233363114,78,1364233363250,136,256,312,176
13,32,1364233363250,32,1364233363378,128,136,128,0
13,79,1364233363578,79,1364233363674,96,328,296,200
13,70,1364233363674,70,1364233363794,120,96,120,0
13,32,1364233363738,32,1364233363850,112,64,56,-56
13,84,1364233365450,84,1364233365530,80,1712,1680,1600
13,72,1364233365530,72,1364233365610,80,80,80,0
13,69,1364233365618,69,1364233365722,104,88,112,8
13,32,1364233365698,32,1364233365786,88,80,64,-24
13,76,1364233367091,76,1364233367163,72,1393,1377,1305
13,8,1364233367355,8,1364233367451,96,264,288,192
13,16,1364233367451,16,1364233367611,160,96,160,0
13,76,1364233367611,76,1364233367691,80,160,80,0
13,49,1364233367739,49,1364233367835,96,128,144,48
13,32,1364233367931,32,1364233368027,96,192,192,96
13,8,1364233368251,8,1364233368299,48,320,272,224
13,8,1364233368387,8,1364233368451,64,136,152,88
13,8,1364233368539,8,1364233368594,55,152,143,88
13,8,1364233368691,8,1364233368747,56,152,153,97
13,32,1364233369195,32,1364233369306,111,504,559,448
13,76,1364233370314,76,1364233370402,88,1119,1096,1008
13,49,1364233370474,49,1364233370604,130,160,202,72
13,32,1364233370586,32,1364233370715,129,112,111,-18
13,68,1364233371658,68,1364233371738,80,1072,1023,943
13,73,1364233371755,73,1364233371835,80,97,97,17
13,83,1364233371875,83,1364233371978,103,120,143,40
13,84,1364233372194,84,1364233372322,128,319,344,216
13,65,1364233372323,65,1364233372426,103,129,104,1
13,78,1364233372427,78,1364233372522,95,104,96,1
13,67,1364233372554,67,1364233372642,88,127,120,32
13,69,1364233372594,69,1364233372714,120,40,72,-48
13,190,1364233372899,190,1364233373019,120,305,305,185
13,72,1364587792491,72,1364587792579,88,687,64,-24
13,69,1364587792652,69,1364587792724,72,161,145,73
13,89,1364587792724,89,1364587792803,79,72,79,0
13,32,1364587792844,32,1364587792923,79,120,120,41
13,16,1364587793139,16,1364587793283,144,295,360,216
13,66,1364587793243,66,1364587793331,88,104,48,-40
13,82,1364587793347,82,1364587793467,120,104,136,16
13,78,1364587793547,78,1364587793651,104,200,184,80
13,8,1364587793963,8,1364587794059,96,416,408,312
13,69,1364587794083,69,1364587794171,88,120,112,24
13,78,1364587794363,78,1364587794443,80,280,272,192
13,68,1364587794555,68,1364587794651,96,192,208,112
13,65,1364587794659,65,1364587794707,48,104,56,8
13,78,1364587795347,78,1364587795411,64,688,704,640
13,188,1364587795555,188,1364587795667,112,208,256,144
13,32,1364587795635,32,1364587795731,96,80,64,-32
13,77,1364587795827,77,1364587795923,96,192,192,96
13,65,1364587795923,65,1364587795995,72,96,72,0
13,75,1364587796027,75,1364587796091,64,104,96,32
13,73,1364587796275,73,1364587796363,88,248,272,184
13,78,1364587796307,78,1364587796403,96,32,40,-56
13,71,1364587796403,71,1364587796499,96,96,96,0
13,32,1364587796499,32,1364587796563,64,96,64,0
13,71,1364587796691,71,1364587796779,88,192,216,128
13,82,1364587796907,82,1364587797051,144,216,272,128
13,69,1364587797003,69,1364587797099,96,96,48,-48
13,65,1364587797051,65,1364587797212,161,48,113,-48
13,84,1364587797179,84,1364587797259,80,128,47,-33
13,32,1364587797299,32,1364587797427,128,120,168,40
13,80,1364587797523,80,1364587797611,88,224,184,96
13,82,1364587797611,82,1364587797691,80,88,80,0
13,79,1364587797715,79,1364587797795,80,104,104,24
13,71,1364587798331,71,1364587798403,72,616,608,536
13,82,1364587798523,82,1364587798643,120,192,240,120
13,69,1364587798595,69,1364587798699,104,72,56,-48
13,83,1364587798787,83,1364587798851,64,192,152,88
13,83,1364587798939,83,1364587799051,112,152,200,88
13,32,1364587799035,32,1364587799139,104,96,88,-16
13,79,1364587799171,79,1364587799251,80,136,112,32
13,70,1364587799259,70,1364587799347,88,88,96,8
13,32,1364587799387,32,1364587799475,88,128,128,40
13,84,1364587799539,84,1364587799635,96,152,160,64
13,72,1364587799619,72,1364587799699,80,80,64,-16
13,69,1364587799699,69,1364587799795,96,80,96,0
13,32,1364587799771,32,1364587799851,80,72,56,-24
13,8,1364587800051,8,1364587800131,80,280,280,200
13,8,1364587800219,8,1364587800267,48,168,136,88
13,8,1364587800355,8,1364587800435,80,136,168,88
13,8,1364587800491,8,1364587800563,72,136,128,56
13,8,1364587800651,8,1364587800723,72,160,160,88
13,8,1364587800811,8,1364587800883,72,160,160,88
13,78,1364587801163,78,1364587801315,152,352,432,280
13,32,1364587801299,32,1364587801363,64,136,48,-16
13,84,1364587801427,84,1364587801516,89,128,153,64
13,72,1364587801484,72,1364587801564,80,57,48,-32
13,69,1364587801564,69,1364587801652,88,80,88,0
13,32,1364587801652,32,1364587801732,80,88,80,0
13,70,1364587801860,70,1364587801956,96,208,224,128
13,65,1364587801956,65,1364587802020,64,96,64,0
13,67,1364587802404,67,1364587802500,96,448,480,384
13,69,1364587802460,69,1364587802573,113,56,73,-40
13,32,1364587802573,32,1364587802644,71,113,71,0
13,82,1364587802692,82,1364587802804,112,119,160,48
13,69,1364587802756,69,1364587802868,112,64,64,-48
13,67,1364587802956,67,1364587803044,88,200,176,88
13,79,1364587803060,79,1364587803124,64,104,80,16
13,71,1364587803188,71,1364587803292,104,128,168,64
13,78,1364587803252,78,1364587803364,112,64,72,-40
13,73,1364587803340,73,1364587803404,64,88,40,-24
13,84,1364587803460,84,1364587803556,96,120,152,56
13,73,1364587803556,73,1364587803668,112,96,112,0
13,79,1364587803620,79,1364587803716,96,64,48,-48
13,78,1364587803796,78,1364587803884,88,176,168,80
13,32,1364587803852,32,1364587803940,88,56,56,-32
13,65,1364587803996,65,1364587804052,56,144,112,56
13,76,1364587804092,76,1364587804148,56,96,96,40
13,71,1364587804204,71,1364587804300,96,112,152,56
13,79,1364587804276,79,1364587804364,88,72,64,-24
13,82,1364587804412,82,1364587804516,104,136,152,48
13,73,1364587804484,73,1364587804580,96,72,64,-32
13,84,1364587804620,84,1364587804708,88,136,128,40
13,72,1364587804684,72,1364587804772,88,64,64,-24
13,188,1364587804956,188,1364587805028,72,272,256,184
13,8,1364587805372,8,1364587805468,96,416,440,344
13,77,1364587805724,77,1364587805844,120,352,376,256
13,190,1364587806556,190,1364587806668,112,832,824,712
13,32,1364587806644,32,1364587806796,152,88,128,-24
13,16,1364587808124,16,1364587809395,1271,1480,2599,1328
13,84,1364587809356,84,1364587809430,74,1232,35,-39
13,79,1364587809507,79,1364587809587,80,151,157,77
13,68,1364587809715,68,1364587809811,96,208,224,128
13,65,1364587809787,65,1364587809883,96,72,72,-24
13,89,1364587809979,89,1364587810083,104,192,200,96
13,32,1364587810051,32,1364587810139,88,72,56,-32
13,16,1364587810339,16,1364587810620,281,288,481,200
13,73,1364587810580,73,1364587810676,96,241,56,-40
13,32,1364587810676,32,1364587810747,71,96,71,0
13,71,1364587810867,71,1364587810971,104,191,224,120
13,79,1364587810948,79,1364587811027,79,81,56,-23
13,84,1364587811091,84,1364587811179,88,143,152,64
13,32,1364587811148,32,1364587811259,111,57,80,-31
13,73,1364587812043,73,1364587812148,105,895,889,784
13,84,1364587812148,84,1364587812195,47,105,47,0
13,84,1364587812275,84,1364587812355,80,127,160,80
13,16,1364587812430,16,1364587812628,198,155,273,75
13,80,1364587812571,80,1364587812652,81,141,24,-57
13,65,1364587812715,65,1364587812835,120,144,183,63
13,84,1364587812795,84,1364587812859,64,80,24,-40
13,84,1364587812955,84,1364587813035,80,160,176,96
13,53,1364587813291,53,1364587813395,104,336,360,256
13,8,1364587813828,8,1364587813931,103,537,536,433
13,32,1364587814051,32,1364587814147,96,223,216,120
13,53,1364587814179,53,1364587814219,40,128,72,32
13,32,1364587815075,32,1364587815179,104,896,960,856
13,81,1364587817267,81,1364587817371,104,2192,2192,2088
13,85,1364587817411,85,1364587817483,72,144,112,40
13,65,1364587817515,65,1364587817587,72,104,104,32
13,76,1364587817603,76,1364587817739,136,88,152,16
13,73,1364587817691,73,1364587817779,88,88,40,-48
13,84,1364587817827,84,1364587817899,72,136,120,48
13,89,1364587817923,89,1364587818019,96,96,120,24
13,32,1364587818019,32,1364587818059,40,96,40,0
13,65,1364587818123,65,1364587818227,104,104,168,64
13,67,1364587818315,67,1364587818355,40,192,128,88
13,67,1364587818435,67,1364587818491,56,120,136,80
13,85,1364587818539,85,1364587818619,80,104,128,48
13,82,1364587818635,82,1364587818731,96,96,112,16
13,65,1364587818731,65,1364587818851,120,96,120,0
13,89,1364587818891,89,1364587818988,97,160,137,40
13,67,1364587818892,67,1364587818988,96,1,0,-96
13,32,1364587818956,32,1364587819028,72,64,40,-32
13,79,1364587819156,79,1364587819276,120,200,248,128
13,78,1364587819276,78,1364587819388,112,120,112,0
13,32,1364587819364,32,1364587819420,56,88,32,-24
13,8,1364587819588,8,1364587819652,64,224,232,168
13,8,1364587819732,8,1364587819804,72,144,152,80
13,8,1364587819884,8,1364587819948,64,152,144,80
13,8,1364587820036,8,1364587820108,72,152,160,88
13,8,1364587820188,8,1364587820260,72,152,152,80
13,8,1364587820348,8,1364587820452,104,160,192,88
13,67,1364587820700,67,1364587820796,96,352,344,248
13,89,1364587820812,89,1364587820956,144,112,160,16
13,32,1364587820920,32,1364587820996,76,108,40,-36
13,79,1364587821213,79,1364587821268,55,293,272,217
13,78,1364587821388,78,1364587821500,112,175,232,120
13,32,1364587821460,32,1364587821532,72,72,32,-40
13,77,1364587821668,77,1364587821748,80,208,216,136
13,85,1364587821892,85,1364587821980,88,224,232,144
13,71,1364587822124,71,1364587822204,80,232,224,144
13,83,1364587822364,83,1364587822452,88,240,248,160
13,72,1364587822452,72,1364587822540,88,88,88,0
13,79,1364587822604,79,1364587822700,96,152,160,64
13,84,1364587822740,84,1364587822852,112,136,152,40
13,83,1364587822884,83,1364587823028,144,144,176,32
13,32,1364587823028,32,1364587823116,88,144,88,0
13,87,1364587823236,87,1364587823300,64,208,184,120
13,73,1364587823300,73,1364587823380,80,64,80,0
13,84,1364587823444,84,1364587823556,112,144,176,64
13,72,1364587823500,72,1364587823596,96,56,40,-56
13,32,1364587823580,32,1364587823636,56,80,40,-16
13,86,1364587824660,86,1364587824716,56,1080,1080,1024
13,69,1364587824764,69,1364587824876,112,104,160,48
13,8,1364587825236,8,1364587825300,64,472,424,360
13,8,1364587825396,8,1364587825476,80,160,176,96
13,16,1364587826956,16,1364587827228,272,1560,1752,1480
13,192,1364587827164,192,1364587827235,71,208,7,-64
13,51,1364587827947,51,1364587828027,80,783,792,712
13,53,1364587828292,53,1364587828363,71,345,336,265
13,48,1364587828411,48,1364587828523,112,119,160,48
13,32,1364587829772,32,1364587829820,48,1361,1297,1249
13,66,1364587830043,66,1364587830195,152,271,375,223
13,89,1364587830155,89,1364587830243,88,112,48,-40
13,84,1364587830299,84,1364587830387,88,144,144,56
13,69,1364587830347,69,1364587830460,113,48,73,-40
13,32,1364587830428,32,1364587830515,87,81,55,-32
13,84,1364587830851,84,1364587830947,96,423,432,336
13,69,1364587830891,69,1364587830995,104,40,48,-56
13,77,1364587831483,77,1364587831563,80,592,568,488
13,76,1364587831781,76,1364587831875,94,298,312,218
13,65,1364587831819,65,1364587832003,184,38,128,-56
13,84,1364587831924,84,1364587832004,80,105,1,-79
13,69,1364587832004,69,1364587832075,71,80,71,0
13,83,1364587832171,83,1364587832259,88,167,184,96
13,8,1364587832523,8,1364587832563,40,352,304,264
13,8,1364587832651,8,1364587832715,64,128,152,88
13,8,1364587832795,8,1364587832859,64,144,144,80
13,8,1364587832947,8,1364587833003,56,152,144,88
13,8,1364587833099,8,1364587833211,112,152,208,96
13,80,1364587833491,80,1364587833611,120,392,400,280
13,76,1364587833587,76,1364587833779,192,96,168,-24
13,65,1364587833803,65,1364587833891,88,216,112,24
13,84,1364587833971,84,1364587834051,80,168,160,80
13,69,1364587834019,69,1364587834091,72,48,40,-32
13,83,1364587834179,83,1364587834275,96,160,184,88
13,190,1364587834251,190,1364587834323,72,72,48,-24
13,32,1364587834427,32,1364587834499,72,176,176,104
13,16,1364587835411,16,1364587835611,200,984,1112,912
13,77,1364587835531,77,1364587835627,96,120,16,-80
13,65,1364587835715,65,1364587835803,88,184,176,88
13,84,1364587835875,84,1364587835947,72,160,144,72
13,67,1364587836107,67,1364587836187,80,232,240,160
13,72,1364587836187,72,1364587836251,64,80,64,0
13,73,1364587836355,73,1364587836452,97,168,201,104
13,78,1364587836387,78,1364587836484,97,32,32,-65
13,71,1364587836564,71,1364587836652,88,177,168,80
13,32,1364587836652,32,1364587836748,96,88,96,0
13,73,1364587836964,73,1364587837028,64,312,280,216
13,83,1364587837052,83,1364587837148,96,88,120,24
13,32,1364587837148,32,1364587837220,72,96,72,0
13,70,1364587837404,70,1364587837468,64,256,248,184
13,65,1364587837468,65,1364587837564,96,64,96,0
13,67,1364587837636,67,1364587837724,88,168,160,72
13,8,1364587838372,8,1364587838460,88,736,736,648
13,83,1364587838460,83,1364587838548,88,88,88,0
13,84,1364587838628,84,1364587838740,112,168,192,80
13,32,1364587838740,32,1364587838796,56,112,56,0
13,66,1364587840276,66,1364587840412,136,1536,1616,1480
13,85,1364587840364,85,1364587840428,64,88,16,-48
13,84,1364587840460,84,1364587840548,88,96,120,32
13,32,1364587840548,32,1364587840636,88,88,88,0
13,84,1364587840644,84,1364587840740,96,96,104,8
13,72,1364587840740,72,1364587840804,64,96,64,0
13,69,1364587840828,69,1364587840920,92,88,116,24
13,32,1364587840908,32,1364587840972,64,80,52,-12
13,67,1364587841172,67,1364587841244,72,264,272,200
13,85,1364587841372,85,1364587841412,40,200,168,128
13,82,1364587841660,82,1364587841700,40,288,288,248
13,82,1364587841804,82,1364587841916,112,144,216,104
13,69,1364587841884,69,1364587841956,72,80,40,-32
13,78,1364587842052,78,1364587842124,72,168,168,96
13,84,1364587842156,84,1364587842244,88,104,120,32
13,32,1364587842244,32,1364587842324,80,88,80,0
13,65,1364587843620,65,1364587843692,72,1376,1368,1296
13,76,1364587843764,76,1364587843836,72,144,144,72
13,71,1364587843908,71,1364587843988,80,144,152,72
13,79,1364587843988,79,1364587844068,80,80,80,0
13,82,1364587844116,82,1364587844196,80,128,128,48
13,73,1364587844220,73,1364587844300,80,104,104,24
13,84,1364587844300,84,1364587844395,95,80,95,0
13,72,1364587844422,72,1364587844492,70,122,97,27
13,77,1364587844620,77,1364587844715,95,198,223,128
13,32,1364587844676,32,1364587844796,120,56,81,-39
13,83,1364587844867,83,1364587844963,96,191,167,71
13,72,1364587845132,72,1364587845235,103,265,272,169
13,82,1364587845204,82,1364587845316,112,72,81,-31
13,69,1364587845284,69,1364587845395,111,80,79,-32
13,65,1364587845363,65,1364587845467,104,79,72,-32
13,8,1364587845715,8,1364587845827,112,352,360,248
13,68,1364587845803,68,1364587845907,104,88,80,-24
13,83,1364587845859,83,1364587845995,136,56,88,-48
13,32,1364587845987,32,1364587846075,88,128,80,-8
13,67,1364587846411,67,1364587846540,129,424,465,336
13,65,1364587846540,65,1364587846691,151,129,151,0
13,67,1364587846692,67,1364587846755,63,152,64,1
13,72,1364587846795,72,1364587846859,64,103,104,40
13,69,1364587846907,69,1364587846995,88,112,136,48
13,32,1364587846979,32,1364587847051,72,72,56,-16
13,67,1364587847387,67,1364587847467,80,408,416,336
13,79,1364587847547,79,1364587847627,80,160,160,80
13,72,1364587848043,72,1364587848123,80,496,496,416
13,69,1364587848179,69,1364587848267,88,136,144,56
13,82,1364587848379,82,1364587848507,128,200,240,112
13,69,1364587848483,69,1364587848595,112,104,88,-24
13,78,1364587848644,78,1364587848723,79,161,128,49
13,67,1364587848851,67,1364587848931,80,207,208,128
13,89,1364587848987,89,1364587849091,104,136,160,56
13,190,1364587849467,190,1364587849635,168,480,544,376
13,32,1364587849595,32,1364587849707,112,128,72,-40
13,66,1365188347306,66,1365188347378,72,144,0,-72
13,82,1365188347442,82,1365188347602,160,136,224,64
13,69,1365188347570,69,1365188347698,128,128,96,-32
13,78,1365188347698,78,1365188347786,88,128,88,0
13,68,1365188348170,68,1365188348274,104,472,488,384
13,65,1365188348274,65,1365188348362,88,104,88,0
13,78,1365188348522,78,1365188348634,112,248,272,160
13,188,1365188349282,188,1365188349394,112,760,760,648
13,32,1365188349346,32,1365188349418,72,64,24,-48
13,84,1365188349738,84,1365188349842,104,392,424,320
13,72,1365188349858,72,1365188349930,72,120,88,16
13,65,1365188349962,65,1365188350058,96,104,128,32
13,78,1365188350098,78,1365188350234,136,136,176,40
13,75,1365188350178,75,1365188350274,96,80,40,-56
13,83,1365188350250,83,1365188350378,128,72,104,-24
13,32,1365188350354,32,1365188350458,104,104,80,-24
13,70,1365188350538,70,1365188350634,96,184,176,80
13,79,1365188351058,79,1365188351146,88,520,512,424
13,82,1365188351146,82,1365188351218,72,88,72,0
13,32,1365188351234,32,1365188351306,72,88,88,16
13,71,1365188351674,71,1365188351802,128,440,496,368
13,69,1365188351802,69,1365188351930,128,128,128,0
13,84,1365188352018,84,1365188352074,56,216,144,88
13,84,1365188352162,84,1365188352258,96,144,184,88
13,73,1365188352258,73,1365188352338,80,96,80,0
13,78,1365188352306,78,1365188352402,96,48,64,-32
13,71,1365188352378,71,1365188352450,72,72,48,-24
13,32,1365188352450,32,1365188352514,64,72,64,0
13,85,1365188352602,85,1365188352690,88,152,176,88
13,83,1365188352722,83,1365188352818,96,120,128,32
13,32,1365188353210,32,1365188353282,72,488,464,392
13,66,1365188353578,66,1365188353674,96,368,392,296
13,65,1365188353698,65,1365188353802,104,120,128,24
13,67,1365188353938,67,1365188354034,96,240,232,136
13,75,1365188354161,75,1365188354250,89,223,216,127
13,32,1365188354521,32,1365188354585,64,360,335,271
13,79,1365188354697,79,1365188354761,64,176,176,112
13,78,1365188354881,78,1365188354953,72,184,192,120
13,32,1365188354929,32,1365188355017,88,48,64,-24
13,84,1365188355066,84,1365188355145,79,137,128,49
13,82,1365188355233,82,1365188355313,80,167,168,88
13,65,1365188355297,65,1365188355409,112,64,96,-16
13,67,1365188355450,67,1365188355521,71,153,112,41
13,75,1365188355537,75,1365188355633,96,87,112,16
13,32,1365188355609,32,1365188355697,88,72,64,-24
13,84,1365188355905,84,1365188355985,80,296,288,208
13,8,1365188356193,8,1365188356290,97,288,305,208
13,87,1365188356354,87,1365188356441,87,161,151,64
13,73,1365188356442,73,1365188356537,95,88,96,1
13,84,1365188356569,84,1365188356681,112,127,144,32
13,72,1365188356681,72,1365188356777,96,112,96,0
13,32,1365188356745,32,1365188356817,72,64,40,-32
13,84,1365188356817,84,1365188356929,112,72,112,0
13,72,1365188356929,72,1365188356985,56,112,56,0
13,69,1365188356953,69,1365188357033,80,24,48,-32
13,32,1365188357057,32,1365188357153,96,104,120,24
13,16,1365188357177,16,1365188357321,144,120,168,24
13,79,1365188357289,79,1365188357409,120,112,88,-32
13,80,1365188357361,80,1365188357441,80,72,32,-48
13,69,1365188357474,69,1365188357569,95,113,128,33
13,78,1365188357601,78,1365188357697,96,127,128,32
13,32,1365188358138,32,1365188358209,71,537,512,441
13,16,1365188358666,16,1365188358881,215,528,672,457
13,66,1365188358777,66,1365188358881,104,111,0,-104
13,32,1365188359570,32,1365188359625,55,793,744,689
13,80,1365188360241,80,1365188360322,81,671,697,616
13,65,1365188360322,65,1365188360426,104,81,104,0
13,80,1365188360418,80,1365188360514,96,96,88,-8
13,69,1365188360514,69,1365188360634,120,96,120,0
13,82,1365188360586,82,1365188360706,120,72,72,-48
13,190,1365188360746,190,1365188360882,136,160,176,40
13,32,1365188360842,32,1365188360986,144,96,104,-40
13,16,1365188361682,16,1365188362722,1040,840,1736,696
13,73,1365188362682,73,1365188362786,104,1000,64,-40
13,32,1365188362762,32,1365188362850,88,80,64,-24
13,72,1365188363234,72,1365188363314,80,472,464,384
13,65,1365188363354,65,1365188363442,88,120,128,40
13,68,1365188363514,68,1365188363562,48,160,120,72
13,32,1365188363586,32,1365188363642,56,72,80,24
13,66,1365188363818,66,1365188363914,96,232,272,176
13,69,1365188363970,69,1365188364018,48,152,104,56
13,69,1365188364098,69,1365188364242,144,128,224,80
13,78,1365188364187,78,1365188364282,95,89,40,-55
13,32,1365188364242,32,1365188364338,96,55,56,-40
13,78,1365188364810,78,1365188364874,64,568,536,472
13,69,1365188364922,69,1365188364994,72,112,120,48
13,71,1365188365178,71,1365188365258,80,256,264,184
13,76,1365188365330,76,1365188365418,88,152,160,72
13,69,1365188365498,69,1365188365578,80,168,160,80
13,67,1365188365658,67,1365188365730,72,160,152,80
13,84,1365188365850,84,1365188365946,96,192,216,120
13,73,1365188365946,73,1365188366050,104,96,104,0
13,78,1365188366002,78,1365188366082,80,56,32,-48
13,71,1365188366082,71,1365188366162,80,80,80,0
13,32,1365188366162,32,1365188366226,64,80,64,0
13,73,1365188366418,73,1365188366474,56,256,248,192
13,84,1365188366530,84,1365188366626,96,112,152,56
13,32,1365188366626,32,1365188366723,97,96,97,0
13,70,1365188366938,70,1365188367018,80,312,295,215
13,79,1365188367034,79,1365188367106,72,96,88,16
13,82,1365188367146,82,1365188367242,96,112,136,40
13,32,1365188367202,32,1365188367282,80,56,40,-40
13,84,1365188367482,84,1365188367610,128,280,328,200
13,79,1365188367570,79,1365188367626,56,88,16,-40
13,79,1365188367706,79,1365188367786,80,136,160,80
13,32,1365188367986,32,1365188368050,64,280,264,200
13,76,1365188368170,76,1365188368226,56,184,176,120
13,79,1365188368338,79,1365188368466,128,168,240,112
13,78,1365188368466,78,1365188368570,104,128,104,0
13,71,1365188368570,71,1365188368666,96,104,96,0
13,32,1365188370306,32,1365188370418,112,1736,1752,1640
13,83,1365188370625,83,1365188370698,73,319,280,207
13,79,1365188370698,79,1365188370778,80,73,80,0
13,32,1365188370754,32,1365188370874,120,56,96,-24
13,16,1365188370962,16,1365188371050,88,208,176,88
13,73,1365188371362,73,1365188371442,80,400,392,312
13,84,1365188371442,84,1365188371522,80,80,80,0
13,222,1365188371634,222,1365188371730,96,192,208,112
13,83,1365188371810,83,1365188371882,72,176,152,80
13,32,1365188371914,32,1365188371961,47,104,79,32
13,71,1365188372185,71,1365188372274,89,271,313,224
13,79,1365188372250,79,1365188372321,71,65,47,-24
13,79,1365188372409,79,1365188372490,81,159,169,88
13,68,1365188372497,68,1365188372577,80,88,87,7
13,32,1365188372593,32,1365188372681,88,96,104,16
13,84,1365188372833,84,1365188372961,128,240,280,152
13,72,1365188372962,72,1365188373034,72,129,73,1
13,65,1365188373034,65,1365188373201,167,72,167,0
13,84,1365188373122,84,1365188373202,80,88,1,-79
13,32,1365188373169,32,1365188373265,96,47,63,-33
13,16,1365188375945,16,1365188376121,176,2776,2856,2680
13,73,1365188376041,73,1365188376121,80,96,0,-80
13,8,1365188376386,8,1365188376497,111,345,376,265
13,16,1365188376745,16,1365188377017,272,359,520,248
13,73,1365188376953,73,1365188377041,88,208,24,-64
13,222,1365188377450,222,1365188377513,63,497,472,409
13,86,1365188377577,86,1365188377689,112,127,176,64
13,69,1365188377657,69,1365188377761,104,80,72,-32
13,32,1365188377737,32,1365188377834,97,80,73,-24
13,83,1365188378106,83,1365188378210,104,369,376,272
13,84,1365188378274,84,1365188378378,104,168,168,64
13,65,1365188378378,65,1365188378522,144,104,144,0
13,82,1365188378498,82,1365188378578,80,120,56,-24
13,84,1365188378674,84,1365188378770,96,176,192,96
13,69,1365188378746,69,1365188378826,80,72,56,-24
13,68,1365188378930,68,1365188378994,64,184,168,104
13,32,1365188378994,32,1365188379082,88,64,88,0
13,87,1365188379258,87,1365188379338,80,264,256,176
13,82,1365188379426,82,1365188379490,64,168,152,88
13,73,1365188379626,73,1365188379722,96,200,232,136
13,84,1365188379818,84,1365188379914,96,192,192,96
13,73,1365188379890,73,1365188380018,128,72,104,-24
13,78,1365188379970,78,1365188380050,80,80,32,-48
13,71,1365188380050,71,1365188380146,96,80,96,0
13,32,1365188380146,32,1365188380226,80,96,80,0
13,73,1365188380354,73,1365188380506,152,208,280,128
13,78,1365188380434,78,1365188380562,128,80,56,-72
13,32,1365188380530,32,1365188380578,48,96,16,-32
13,8,1365188380842,8,1365188380914,72,312,336,264
13,8,1365188380994,8,1365188381090,96,152,176,80
13,84,1365188381090,84,1365188381202,112,96,112,0
13,32,1365188381162,32,1365188381250,88,72,48,-40
13,65,1365188381498,65,1365188381610,112,336,360,248
13,71,1365188381770,71,1365188381874,104,272,264,160
13,65,1365188381906,65,1365188382034,128,136,160,32
13,73,1365188382034,73,1365188382202,168,128,168,0
13,78,1365188382122,78,1365188382234,112,88,32,-80
13,32,1365188382162,32,1365188382274,112,40,40,-72
13,8,1365188382594,8,1365188382706,112,432,432,320
13,190,1365188382842,190,1365188383010,168,248,304,136
13,32,1365188382994,32,1365188383106,112,152,96,-16
13,16,1365188384202,16,1365188384522,320,1208,1416,1096
13,80,1365188384498,80,1365188384546,48,296,24,-24
13,8,1365188385898,8,1365188386010,112,1400,1464,1352
13,16,1365188386650,16,1365188388402,1752,752,2392,640
13,87,1365188388402,87,1365188388465,63,1752,63,0
13,69,1365188388714,69,1365188388770,56,312,305,249
13,32,1365188388842,32,1365188388905,63,128,135,72
13,8,1365188389298,8,1365188389353,55,456,448,393
13,8,1365188389425,8,1365188389497,72,127,144,72
13,8,1365188389577,8,1365188389673,96,152,176,80
13,16,1365188389633,16,1365188389785,152,56,112,-40
13,87,1365188389729,87,1365188389857,128,96,72,-56
13,69,1365188389809,69,1365188389890,81,80,33,-48
13,32,1365188389930,32,1365188390025,95,121,135,40
13,72,1365188390329,72,1365188390409,80,399,384,304
13,65,1365188390410,65,1365188390545,135,81,136,1
13,86,1365188391106,86,1365188391257,151,696,712,561
13,69,1365188391209,69,1365188391345,136,103,88,-48
13,32,1365188391305,32,1365188391385,80,96,40,-40
13,65,1365188391465,65,1365188391569,104,160,184,80
13,32,1365188391545,32,1365188391633,88,80,64,-24
13,76,1365188391793,76,1365188391841,48,248,208,160
13,79,1365188391945,79,1365188392025,80,152,184,104
13,84,1365188392073,84,1365188392161,88,128,136,48
13,32,1365188392145,32,1365188392225,80,72,64,-16
13,79,1365188392330,79,1365188392409,79,185,184,105
13,70,1365188392441,70,1365188392545,104,111,136,32
13,32,1365188392521,32,1365188392633,112,80,88,-24
13,87,1365188392761,87,1365188392849,88,240,216,128
13,79,1365188392921,79,1365188392993,72,160,144,72
13,82,1365188393001,82,1365188393081,80,80,88,8
13,75,1365188393170,75,1365188393281,111,169,200,89
13,32,1365188393249,32,1365188393353,104,79,72,-32
13,87,1365188393769,87,1365188393905,136,520,552,416
13,69,1365188393857,69,1365188393929,72,88,24,-48
13,32,1365188394169,32,1365188394321,152,312,392,240
13,78,1365188394425,78,1365188394489,64,256,168,104
13,69,1365188394489,69,1365188394545,56,64,56,0
13,69,1365188394617,69,1365188394697,80,128,152,72
13,68,1365188394809,68,1365188394865,56,192,168,112
13,32,1365188394865,32,1365188394985,120,56,120,0
13,84,1365188395049,84,1365188395153,104,184,168,64
13,79,1365188395121,79,1365188395218,97,72,65,-32
13,32,1365188395193,32,1365188395282,89,72,64,-25
13,68,1365188395978,68,1365188396066,88,785,784,696
13,79,1365188396034,79,1365188396146,112,56,80,-32
13,32,1365188396130,32,1365188396242,112,96,96,-16
13,73,1365188397306,73,1365188397458,152,1176,1216,1064
13,78,1365188397394,78,1365188397498,104,88,40,-64
13,32,1365188397450,32,1365188397538,88,56,40,-48
13,79,1365188397818,79,1365188397954,136,368,416,280
13,82,1365188397954,82,1365188398018,64,136,64,0
13,68,1365188398138,68,1365188398226,88,184,208,120
13,69,1365188398202,69,1365188398378,176,64,152,-24
13,82,1365188398330,82,1365188398410,80,128,32,-48
13,32,1365188398410,32,1365188398522,112,80,112,0
13,84,1365188398522,84,1365188398626,104,112,104,0
13,79,1365188398594,79,1365188398682,88,72,56,-32
13,32,1365188398666,32,1365188398746,80,72,64,-16
13,71,1365188399010,71,1365188399114,104,344,368,264
13,69,1365188399082,69,1365188399242,160,72,128,-32
13,84,1365188399218,84,1365188399306,88,136,64,-24
13,32,1365188399306,32,1365188399420,114,88,114,0
13,73,1365188399466,73,1365188399602,136,160,182,46
13,84,1365188399826,84,1365188399898,72,360,296,224
13,32,1365188400234,32,1365188400322,88,408,424,336
13,73,1365188400428,73,1365188400554,126,194,232,106
13,78,1365188400466,78,1365188400578,112,38,24,-88
13,32,1365188400530,32,1365188400610,80,64,32,-48
13,83,1365188400794,83,1365188400898,104,264,288,184
13,72,1365188400866,72,1365188400962,96,72,64,-32
13,65,1365188400962,65,1365188401066,104,96,104,0
13,80,1365188401146,80,1365188401218,72,184,152,80
13,69,1365188401258,69,1365188401330,72,112,112,40
13,32,1365188401362,32,1365188401450,88,104,120,32
13,70,1365188401810,70,1365188401874,64,448,424,360
13,79,1365188401858,79,1365188401922,64,48,48,-16
13,82,1365188401970,82,1365188402058,88,112,136,48
13,32,1365188402018,32,1365188402114,96,48,56,-40
13,83,1365188402218,83,1365188402338,120,200,224,104
13,85,1365188402330,85,1365188402466,136,112,128,-8
13,66,1365188402418,66,1365188402514,96,88,48,-48
13,77,1365188402850,77,1365188402922,72,432,408,336
13,83,1365188403162,83,1365188403210,48,312,288,240
13,8,1365188403418,8,1365188403514,96,256,304,208
13,73,1365188403570,73,1365188403650,80,152,136,56
13,83,1365188403682,83,1365188403738,56,112,88,32
13,83,1365188403826,83,1365188403922,96,144,184,88
13,73,1365188403882,73,1365188403970,88,56,48,-40
13,79,1365188403970,79,1365188404018,48,88,48,0
13,78,1365188404138,78,1365188404266,128,168,248,120
13,188,1365188404738,188,1365188404818,80,600,552,472
13,32,1365188404762,32,1365188404914,152,24,96,-56
13,66,1365188405274,66,1365188405441,167,512,527,360
13,85,1365188405418,85,1365188405505,87,144,64,-23
13,84,1365188405482,84,1365188405586,104,64,81,-23
13,32,1365188405626,32,1365188405737,111,144,151,40
13,73,1365188406154,73,1365188406225,71,528,488,417
13,84,1365188406202,84,1365188406289,87,48,64,-23
13,32,1365188406314,32,1365188406425,111,112,136,25
13,16,1365188406458,16,1365188406609,151,144,184,33
13,16,1365188407002,16,1365188407241,239,544,632,393
13,83,1365188407193,83,1365188407297,104,191,56,-48
13,72,1365188407426,72,1365188407505,79,233,208,129
13,79,1365188407641,79,1365188407777,136,215,272,136
13,85,1365188407737,85,1365188407809,72,96,32,-40
13,76,1365188407906,76,1365188407977,71,169,168,97
13,68,1365188408001,68,1365188408074,73,95,97,24
13,32,1365188408074,32,1365188408145,71,73,71,0
13,8,1365188408865,8,1365188408929,64,791,784,720
13,8,1365188409017,8,1365188409081,64,152,152,88
13,8,1365188409169,8,1365188409225,56,152,144,88
13,8,1365188409305,8,1365188409369,64,136,144,80
13,8,1365188409449,8,1365188409521,72,144,152,80
13,8,1365188409601,8,1365188409657,56,152,136,80
13,8,1365188409754,8,1365188409825,71,153,168,97
13,83,1365188409961,83,1365188410049,88,207,224,136
13,72,1365188410049,72,1365188410145,96,88,96,0
13,79,1365188410241,79,1365188410345,104,192,200,96
13,85,1365188410290,85,1365188410377,87,49,32,-55
13,68,1365188410409,68,1365188410473,64,119,96,32
13,76,1365188410474,76,1365188410537,63,65,64,1
13,32,1365188410593,32,1365188410673,80,119,136,56
13,8,1365188411033,8,1365188411113,80,440,440,360
13,8,1365188411169,8,1365188411257,88,136,144,56
13,8,1365188411321,8,1365188411417,96,152,160,64
13,76,1365188411553,76,1365188411673,120,232,256,136
13,68,1365188411681,68,1365188411737,56,128,64,8
13,32,1365188411761,32,1365188411817,56,80,80,24
13,66,1365188411945,66,1365188412033,88,184,216,128
13,69,1365188411993,69,1365188412098,105,48,65,-40
13,32,1365188412113,32,1365188412177,64,120,79,15
13,72,1365188412521,72,1365188412641,120,408,464,344
13,73,1365188412601,73,1365188412665,64,80,24,-40
13,71,1365188412697,71,1365188412778,81,96,113,32
13,72,1365188412794,72,1365188412890,96,97,112,16
13,32,1365188412850,32,1365188412938,88,56,48,-40
13,81,1365188413434,81,1365188413522,88,584,584,496
13,85,1365188413538,85,1365188413626,88,104,104,16
13,65,1365188413682,65,1365188413762,80,144,136,56
13,76,1365188413762,76,1365188413882,120,80,120,0
13,73,1365188413834,73,1365188413906,72,72,24,-48
13,84,1365188413946,84,1365188414042,96,112,136,40
13,89,1365188414042,89,1365188414122,80,96,80,0
13,16,1365188414154,16,1365188414338,184,112,216,32
13,49,1365188414258,49,1365188414362,104,104,24,-80
13,83,1365435298672,83,1365435298784,112,1176,48,-64
13,76,1365435298784,76,1365435298848,64,112,64,0
13,79,1365435298952,79,1365435299008,56,168,160,104
13,87,1365435299080,87,1365435299192,112,128,184,72
13,32,1365435299152,32,1365435299264,112,72,72,-40
13,83,1365435299408,83,1365435299512,104,256,248,144
13,84,1365435299648,84,1365435299768,120,240,256,136
13,65,1365435299792,65,1365435299920,128,144,152,24
13,82,1365435299896,82,1365435299960,64,104,40,-24
13,84,1365435300040,84,1365435300160,120,144,200,80
13,32,1365435300128,32,1365435300216,88,88,56,-32
13,84,1365435300296,84,1365435300408,112,168,192,80
13,72,1365435300376,72,1365435300480,104,80,72,-32
13,69,1365435300520,69,1365435300600,80,144,120,40
13,8,1365435300760,8,1365435300864,104,240,264,160
13,73,1365435300904,73,1365435301008,104,144,144,40
13,83,1365435300976,83,1365435301080,104,72,72,-32
13,32,1365435301080,32,1365435301176,96,104,96,0
13,87,1365435301264,87,1365435301352,88,184,176,88
13,69,1365435301416,69,1365435301496,80,152,144,64
13,69,1365435301576,69,1365435301712,136,160,216,80
13,75,1365435301672,75,1365435301776,104,96,64,-40
13,32,1365435301736,32,1365435301824,88,64,48,-40
13,79,1365435301864,79,1365435301944,80,128,120,40
13,78,1365435302032,78,1365435302120,88,168,176,88
13,32,1365435302080,32,1365435302168,88,48,48,-40
13,84,1365435302168,84,1365435302264,96,88,96,0
13,72,1365435302248,72,1365435302352,104,80,88,-16
13,69,1365435302352,69,1365435302456,104,104,104,0
13,32,1365435302457,32,1365435302552,95,105,96,1
13,82,1365435302624,82,1365435302721,97,167,169,72
13,69,1365435302673,69,1365435302769,96,49,48,-48
13,83,1365435302849,83,1365435302969,120,176,200,80
13,69,1365435302929,69,1365435303017,88,80,48,-40
13,82,1365435303097,82,1365435303185,88,168,168,80
13,65,1365435303161,65,1365435303297,136,64,112,-24
13,8,1365435303537,8,1365435303601,64,376,304,240
13,8,1365435303681,8,1365435303769,88,144,168,80
13,65,1365435303777,65,1365435303873,96,96,104,8
13,82,1365435303857,82,1365435303937,80,80,64,-16
13,67,1365435304217,67,1365435304297,80,360,360,280
13,72,1365435304377,72,1365435304465,88,160,168,80
13,32,1365435304433,32,1365435304521,88,56,56,-32
13,70,1365435304745,70,1365435304833,88,312,312,224
13,82,1365435304977,82,1365435305073,96,232,240,144
13,79,1365435305073,79,1365435305161,88,96,88,0
13,78,1365435305121,78,1365435305225,104,48,64,-40
13,84,1365435305321,84,1365435305409,88,200,184,96
13,190,1365435305473,190,1365435305601,128,152,192,64
13,32,1365435305553,32,1365435305633,80,80,32,-48
13,16,1365435306041,16,1365435306305,264,488,672,408
13,66,1365435306249,66,1365435306329,80,208,24,-56
13,69,1365435306377,69,1365435306475,98,128,146,48
13,32,1365435306433,32,1365435306529,96,56,54,-42
13,8,1365435306905,8,1365435307009,104,472,480,376
13,69,1365435307057,69,1365435307201,144,152,192,48
13,78,1365435307201,78,1365435307305,104,144,104,0
13,32,1365435307257,32,1365435307369,112,56,64,-48
13,66,1365435307825,66,1365435307977,152,568,608,456
13,85,1365435307913,85,1365435308009,96,88,32,-64
13,83,1365435308009,83,1365435308113,104,96,104,0
13,84,1365435308209,84,1365435308329,120,200,216,96
13,32,1365435308329,32,1365435308457,128,120,128,0
13,8,1365435308761,8,1365435308833,72,432,376,304
13,8,1365435308905,8,1365435309001,96,144,168,72
13,89,1365435309025,89,1365435309113,88,120,112,24
13,32,1365435309137,32,1365435309225,88,112,112,24
13,82,1365435309721,82,1365435309793,72,584,568,496
13,85,1365435310209,85,1365435310289,80,488,496,416
13,78,1365435310432,78,1365435310480,48,223,191,143
13,78,1365435310569,78,1365435310640,71,137,160,89
13,73,1365435310680,73,1365435310800,120,111,160,40
13,78,1365435310760,78,1365435310832,72,80,32,-40
13,71,1365435310849,71,1365435310912,63,89,80,17
13,32,1365435310913,32,1365435311000,87,64,88,1
13,84,1365435311080,84,1365435311152,72,167,152,80
13,72,1365435311136,72,1365435311192,56,56,40,-16
13,69,1365435311248,69,1365435311312,64,112,120,56
13,32,1365435311296,32,1365435311368,72,48,56,-16
13,32,1365435312320,32,1365435312392,72,1024,1024,952
13,76,1365435312520,76,1365435312584,64,200,192,128
13,65,1365435312560,65,1365435312665,105,40,81,-24
13,84,1365435312777,84,1365435312889,112,217,224,112
13,69,1365435312840,69,1365435312945,105,63,56,-49
13,78,1365435312945,78,1365435313032,87,105,87,0
13,84,1365435313066,84,1365435313152,86,121,120,34
13,32,1365435313104,32,1365435313216,112,38,64,-48
13,77,1365435313528,77,1365435313616,88,424,400,312
13,65,1365435313592,65,1365435313696,104,64,80,-24
13,84,1365435313736,84,1365435313808,72,144,112,40
13,67,1365435313928,67,1365435314032,104,192,224,120
13,72,1365435314033,72,1365435314112,79,105,80,1
13,69,1365435314112,69,1365435314288,176,79,176,0
13,82,1365435314208,82,1365435314320,112,96,32,-80
13,32,1365435314272,32,1365435314376,104,64,56,-48
13,70,1365435314464,70,1365435314544,80,192,168,88
13,79,1365435315776,79,1365435315864,88,1312,1320,1232
13,82,1365435315824,82,1365435315944,120,48,80,-40
13,32,1365435315912,32,1365435316048,136,88,104,-32
13,84,1365435320401,84,1365435320529,128,4489,4481,4353
13,72,1365435320505,72,1365435320609,104,104,80,-24
13,69,1365435320609,69,1365435320713,104,104,104,0
13,32,1365435320697,32,1365435320785,88,88,72,-16
13,70,1365435321505,70,1365435321577,72,808,792,720
13,73,1365435321601,73,1365435321681,80,96,104,24
13,82,1365435321713,82,1365435321769,56,112,88,32
13,71,1365435321945,71,1365435322017,72,232,248,176
13,69,1365435322289,69,1365435322441,152,344,424,272
13,82,1365435322409,82,1365435322441,32,120,0,-32
13,8,1365435323289,8,1365435323345,56,880,904,848
13,8,1365435323417,8,1365435323489,72,128,144,72
13,8,1365435323561,8,1365435323625,64,144,136,72
13,8,1365435323697,8,1365435323785,88,136,160,72
13,78,1365435323905,78,1365435324009,104,208,224,120
13,71,1365435324409,71,1365435324489,80,504,480,400
13,69,1365435324537,69,1365435324681,144,128,192,48
13,82,1365435324657,82,1365435324769,112,120,88,-24
13,80,1365435324849,80,1365435324921,72,192,152,80
13,82,1365435324953,82,1365435325073,120,104,152,32
13,73,1365435325049,73,1365435325177,128,96,104,-24
13,78,1365435325129,78,1365435325241,112,80,64,-48
13,84,1365435325241,84,1365435325361,120,112,120,0
13,32,1365435325313,32,1365435325433,120,72,72,-48
13,82,1365435325961,82,1365435326105,144,648,672,528
13,69,1365435326033,69,1365435326129,96,72,24,-72
13,83,1365435326233,83,1365435326369,136,200,240,104
13,65,1365435326513,65,1365435326561,48,280,192,144
13,8,1365435326889,8,1365435327009,120,376,448,328
13,69,1365435326953,69,1365435327048,95,64,39,-56
13,65,1365435327009,65,1365435327176,167,56,128,-39
13,82,1365435327113,82,1365435327200,87,104,24,-63
13,67,1365435327329,67,1365435327424,95,216,224,129
13,72,1365435327448,72,1365435327553,105,119,129,24
13,69,1365435327640,69,1365435327840,200,192,287,87
13,82,1365435327752,82,1365435327872,120,112,32,-88
13,83,1365435327912,83,1365435328060,148,160,188,40
13,190,1365435327985,190,1365435328128,143,73,68,-75
13,32,1365435328096,32,1365435328216,120,111,88,-32
13,16,1365435331921,16,1365435332024,103,3825,3808,3705
13,16,1365435332320,16,1365435332616,296,399,592,296
13,80,1365435332552,80,1365435332635,83,232,19,-64
13,79,1365435332744,79,1365435332824,80,192,189,109
13,8,1365435333200,8,1365435333264,64,456,440,376
13,8,1365435333360,8,1365435333440,80,160,176,96
13,16,1365435333480,16,1365435333704,224,120,264,40
13,72,1365435333608,72,1365435333704,96,128,0,-96
13,79,1365435333888,79,1365435334000,112,280,296,184
13,80,1365435333952,80,1365435334056,104,64,56,-48
13,69,1365435334720,69,1365435334832,112,768,776,664
13,32,1365435334856,32,1365435334968,112,136,136,24
13,84,1365435335056,84,1365435335144,88,200,176,88
13,79,1365435335104,79,1365435335200,96,48,56,-40
13,32,1365435335160,32,1365435335224,64,56,24,-40
13,72,1365435335552,72,1365435335664,112,392,440,328
13,65,1365435335648,65,1365435335728,80,96,64,-16
13,86,1365435335912,86,1365435336032,120,264,304,184
13,69,1365435335984,69,1365435336096,112,72,64,-48
13,32,1365435336080,32,1365435336176,96,96,80,-16
13,65,1365435336288,65,1365435336360,72,208,184,112
13,78,1365435336376,78,1365435336488,112,88,128,16
13,32,1365435336464,32,1365435336568,104,88,80,-24
13,16,1365435336864,16,1365435337064,200,400,496,296
13,16,1365435337216,16,1365435337352,136,352,288,152
13,79,1365435337312,79,1365435337440,128,96,88,-40
13,80,1365435337384,80,1365435337472,88,72,32,-56
13,69,1365435337536,69,1365435337657,121,152,185,64
13,78,1365435337657,78,1365435337753,96,121,96,0
13,32,1365435338065,32,1365435338177,112,408,424,312
13,80,1365435338537,80,1365435338609,72,472,432,360
13,65,1365435338681,65,1365435338785,104,144,176,72
13,80,1365435338753,80,1365435338833,80,72,48,-32
13,69,1365435338953,69,1365435339105,152,200,272,120
13,82,1365435339033,82,1365435339153,120,80,48,-72
13,32,1365435339129,32,1365435339241,112,96,88,-24
13,70,1365435339593,70,1365435339666,73,464,425,352
13,79,1365435339825,79,1365435339897,72,232,231,159
13,82,1365435339929,82,1365435340009,80,104,112,32
13,32,1365435340011,32,1365435340097,86,82,88,2
13,83,1365435341353,83,1365435341473,120,1342,1376,1256
13,32,1365435341489,32,1365435341601,112,136,128,16
13,73,1365435342265,73,1365435342377,112,776,776,664
13,78,1365435342321,78,1365435342425,104,56,48,-56
13,32,1365435342377,32,1365435342473,96,56,48,-48
13,83,1365435342809,83,1365435342913,104,432,440,336
13,80,1365435342977,80,1365435343065,88,168,152,64
13,69,1365435343177,69,1365435343225,48,200,160,112
13,8,1365435343361,8,1365435343417,56,184,192,136
13,8,1365435343505,8,1365435343569,64,144,152,88
13,83,1365435343785,83,1365435343921,136,280,352,216
13,69,1365435343897,69,1365435343985,88,112,64,-24
13,80,1365435344057,80,1365435344144,87,160,159,72
13,84,1365435344546,84,1365435344648,102,489,504,402
13,69,1365435344664,69,1365435344793,129,118,145,16
13,77,1365435344889,77,1365435344976,87,225,183,96
13,66,1365435345113,66,1365435345217,104,224,241,137
13,69,1365435345217,69,1365435345345,128,104,128,0
13,82,1365435345281,82,1365435345400,119,64,55,-64
13,188,1365435345752,188,1365435345896,144,471,496,352
13,32,1365435345808,32,1365435345944,136,56,48,-88
13,87,1365435348456,87,1365435348612,156,2648,2668,2512
13,69,1365435348544,69,1365435348656,112,88,44,-68
13,222,1365435348816,222,1365435348904,88,272,248,160
13,76,1365435349128,76,1365435349160,32,312,256,224
13,76,1365435349264,76,1365435349368,104,136,208,104
13,32,1365435349336,32,1365435349448,112,72,80,-32
13,83,1365435349544,83,1365435349624,80,208,176,96
13,69,1365435349688,69,1365435349744,56,144,120,64
13,69,1365435349824,69,1365435349920,96,136,176,80
13,32,1365435349944,32,1365435350032,88,120,112,24
13,72,1365435350352,72,1365435350456,104,408,424,320
13,79,1365435350616,79,1365435350704,88,264,248,160
13,87,1365435350744,87,1365435350848,104,128,144,40
13,32,1365435350824,32,1365435350888,64,80,40,-24
13,84,1365435351096,84,1365435351200,104,272,312,208
13,72,1365435351200,72,1365435351296,96,104,96,0
13,73,1365435351264,73,1365435351336,72,64,40,-32
13,78,1365435351408,78,1365435351480,72,144,144,72
13,71,1365435351480,71,1365435351552,72,72,72,0
13,83,1365435351663,83,1365435351744,81,183,192,111
13,32,1365435351744,32,1365435351864,120,81,120,0
13,71,1365435352624,71,1365435352728,104,880,864,760
13,79,1365435352696,79,1365435352792,96,72,64,-32
13,32,1365435352760,32,1365435352864,104,64,72,-32
13,84,1365435352865,84,1365435352968,103,105,104,1
13,72,1365435352968,72,1365435353088,120,103,120,0
13,73,1365435353008,73,1365435353120,112,40,32,-80
13,83,1365435353137,83,1365435353216,79,129,96,17
13,32,1365435353216,32,1365435353288,72,79,72,0
13,77,1365435353648,77,1365435353712,64,432,424,360
13,79,1365435353712,79,1365435353784,72,64,72,0
13,78,1365435353912,78,1365435353992,80,200,208,128
13,84,1365435354592,84,1365435354712,120,680,720,600
13,72,1365435354656,72,1365435354744,88,64,32,-56
13,190,1365435355072,190,1365435355217,145,416,473,328
14,65,1363378774285,65,1363378774437,152,144,64,-88
14,76,1363378774437,76,1363378774525,88,152,88,0
14,82,1363378774581,82,1363378774677,96,144,152,56
14,73,1363378774661,73,1363378774733,72,80,56,-16
14,71,1363378774781,71,1363378774869,88,120,136,48
14,72,1363378774853,72,1363378774925,72,72,56,-16
14,84,1363378774949,84,1363378775021,72,96,96,24
14,89,1363378775109,89,1363378775173,64,160,152,88
14,188,1363378775277,188,1363378775373,96,168,200,104
14,32,1363378775421,32,1363378775493,72,144,120,48
14,78,1363378775605,78,1363378775709,104,184,216,112
14,79,1363378775709,79,1363378775789,80,104,80,0
14,87,1363378775765,87,1363378775877,112,56,88,-24
14,32,1363378775853,32,1363378775941,88,88,64,-24
14,87,1363378776293,87,1363378776397,104,440,456,352
14,72,1363378776381,72,1363378776469,88,88,72,-16
14,65,1363378776469,65,1363378776573,104,88,104,0
14,84,1363378776525,84,1363378776605,80,56,32,-48
14,190,1363378776661,190,1363378776701,40,136,96,56
14,32,1363378777077,32,1363378777149,72,416,448,376
14,32,1363378777237,32,1363378777325,88,160,176,88
14,16,1363378777397,16,1363378778205,808,160,880,72
14,71,1363378778173,71,1363378778261,88,776,56,-32
14,79,1363378778278,79,1363378778365,87,105,104,17
14,84,1363378778365,84,1363378778461,96,87,96,0
14,32,1363378778461,32,1363378778525,64,96,64,0
14,77,1363378778685,77,1363378778781,96,224,256,160
14,79,1363378778781,79,1363378778861,80,96,80,0
14,82,1363378778885,82,1363378778989,104,104,128,24
14,69,1363378778949,69,1363378779036,87,64,47,-40
14,32,1363378778989,32,1363378779069,80,40,33,-47
14,87,1363378779213,87,1363378779292,79,224,223,144
14,79,1363378779340,79,1363378779396,56,127,104,48
14,82,1363378779469,82,1363378779573,104,129,177,73
14,75,1363378779549,75,1363378779628,79,80,55,-24
14,32,1363378779653,32,1363378779740,87,104,112,25
14,84,1363378779789,84,1363378779884,95,136,144,49
14,79,1363378779853,79,1363378779932,79,64,48,-31
14,32,1363378779909,32,1363378780036,127,56,104,-23
14,68,1363378780324,68,1363378780412,88,415,376,288
14,79,1363378780396,79,1363378780468,72,72,56,-16
14,190,1363378780821,190,1363378780909,88,425,441,353
14,190,1363378780996,190,1363378781045,49,175,136,87
14,190,1363378781116,190,1363378781221,105,120,176,71
14,32,1363378781221,32,1363378781301,80,105,80,0
14,77,1363378781349,77,1363378781420,71,128,119,48
14,65,1363378781468,65,1363378781548,80,119,128,48
14,89,1363378781564,89,1363378781620,56,96,72,16
14,66,1363378781724,66,1363378781788,64,160,168,104
14,69,1363378781772,69,1363378781852,80,48,64,-16
14,32,1363378781886,32,1363378781964,78,114,112,34
14,72,1363378782005,72,1363378782068,63,119,104,41
14,69,1363378782092,69,1363378782166,74,87,98,24
14,65,1363378782166,65,1363378782340,174,74,174,0
14,68,1363378782260,68,1363378782365,105,94,25,-80
14,32,1363378782341,32,1363378782429,88,81,64,-24
14,72,1363378782484,72,1363378782524,40,143,95,55
14,79,1363378782580,79,1363378782677,97,96,153,56
14,77,1363378782645,77,1363378782748,103,65,71,-32
14,69,1363378782716,69,1363378782788,72,71,40,-32
14,32,1363378782789,32,1363378782892,103,73,104,1
14,65,1363378782892,65,1363378782972,80,103,80,0
14,78,1363378782924,78,1363378783004,80,32,32,-48
14,68,1363378783044,68,1363378783108,64,120,104,40
14,32,1363378783077,32,1363378783172,95,33,64,-31
14,87,1363378783196,87,1363378783268,72,119,96,24
14,79,1363378783269,79,1363378783332,63,73,64,1
14,82,1363378783356,82,1363378783452,96,87,120,24
14,75,1363378783420,75,1363378783524,104,64,72,-32
14,32,1363378783524,32,1363378783628,104,104,104,0
14,79,1363378783716,79,1363378783804,88,192,176,88
14,85,1363378783780,85,1363378783860,80,64,56,-24
14,84,1363378783844,84,1363378783909,65,64,49,-16
14,190,1363378784044,190,1363378784124,80,200,215,135
14,32,1363378784365,32,1363378784468,103,321,344,241
14,87,1363378785172,87,1363378785260,88,807,792,704
14,72,1363378785348,72,1363378785420,72,176,160,88
14,65,1363378785420,65,1363378785524,104,72,104,0
14,84,1363378785492,84,1363378785604,112,72,80,-32
14,83,1363378785588,83,1363378785668,80,96,64,-16
14,32,1363378785684,32,1363378785804,120,96,136,16
14,70,1363378785980,70,1363378786068,88,296,264,176
14,79,1363378786068,79,1363378786132,64,88,64,0
14,82,1363378786164,82,1363378786252,88,96,120,32
14,32,1363378786268,32,1363378786348,80,104,96,16
14,68,1363378786676,68,1363378786749,73,408,401,328
14,73,1363378786732,73,1363378786796,64,56,47,-17
14,78,1363378786796,78,1363378786860,64,64,64,0
14,78,1363378786940,78,1363378787021,81,144,161,80
14,69,1363378787021,69,1363378787140,119,81,119,0
14,82,1363378787068,82,1363378787164,96,47,24,-72
14,16,1363378787212,16,1363378787324,112,144,160,48
14,191,1363378787252,191,1363378787364,112,40,40,-72
14,32,1363378787492,32,1363378787580,88,240,216,128
14,16,1363378787580,16,1363378787740,160,88,160,0
14,78,1363378787700,78,1363378787780,80,120,40,-40
14,79,1363378787836,79,1363378787932,96,136,152,56
14,84,1363378787932,84,1363378788020,88,96,88,0
14,32,1363378788204,32,1363378788276,72,272,256,184
14,83,1363378788356,83,1363378788460,104,152,184,80
14,85,1363378788460,85,1363378788532,72,104,72,0
14,82,1363378788556,82,1363378788684,128,96,152,24
14,69,1363378788620,69,1363378788724,104,64,40,-64
14,32,1363378788700,32,1363378788796,96,80,72,-24
14,8,1363378789804,8,1363378789884,80,1104,1088,1008
14,190,1363378790132,190,1363378790204,72,328,320,248
14,32,1363378790429,32,1363378790509,80,297,305,225
14,32,1363378790597,32,1363378790669,72,168,160,88
14,16,1363378792894,16,1363378793109,215,2297,2440,2225
14,75,1363378793037,75,1363378793109,72,143,0,-72
14,73,1363378793229,73,1363378793285,56,192,176,120
14,82,1363378793269,82,1363378793365,96,40,80,-16
14,73,1363378793429,73,1363378793541,112,160,176,64
14,78,1363378793525,78,1363378793581,56,96,40,-16
14,83,1363378793526,83,1363378793677,151,1,96,-55
14,84,1363378793621,84,1363378793709,88,95,32,-56
14,8,1363378793917,8,1363378793981,64,296,272,208
14,8,1363378794077,8,1363378794133,56,160,152,96
14,8,1363378794205,8,1363378794269,64,128,136,72
14,8,1363378794357,8,1363378794405,48,152,136,88
14,8,1363378794509,8,1363378794557,48,152,152,104
14,8,1363378794645,8,1363378794733,88,136,176,88
14,82,1363378795037,82,1363378795157,120,392,424,304
14,73,1363378795157,73,1363378795245,88,120,88,0
14,83,1363378795269,83,1363378795429,160,112,184,24
14,84,1363378795357,84,1363378795429,72,88,0,-72
14,73,1363378795541,73,1363378795605,64,184,176,112
14,78,1363378795581,78,1363378795661,80,40,56,-24
14,222,1363378796061,222,1363378796141,80,480,480,400
14,83,1363378796141,83,1363378796236,95,80,95,0
14,32,1363378796253,32,1363378796340,87,112,104,17
14,66,1363378796708,66,1363378796796,88,455,456,368
14,82,1363378797148,82,1363378797245,97,440,449,352
14,73,1363378797276,73,1363378797348,72,128,103,31
14,84,1363378797420,84,1363378797517,97,144,169,72
14,72,1363378797581,72,1363378797644,63,161,127,64
14,8,1363378797909,8,1363378797980,71,328,336,265
14,8,1363378798077,8,1363378798117,40,168,137,97
14,8,1363378798212,8,1363378798268,56,135,151,95
14,8,1363378798364,8,1363378798460,96,152,192,96
14,73,1363378798500,73,1363378798596,96,136,136,40
14,82,1363378798604,82,1363378798676,72,104,80,8
14,84,1363378798756,84,1363378798844,88,152,168,80
14,72,1363378798828,72,1363378798924,96,72,80,-16
14,68,1363378798964,68,1363378799084,120,136,160,40
14,65,1363378799060,65,1363378799164,104,96,80,-24
14,89,1363378799085,89,1363378799165,80,25,1,-79
14,32,1363378799444,32,1363378799524,80,359,359,279
14,73,1363378799572,73,1363378799660,88,128,136,48
14,83,1363378799684,83,1363378799772,88,112,112,24
14,32,1363378799756,32,1363378799844,88,72,72,-16
14,87,1363378799916,87,1363378799964,48,160,120,72
14,8,1363378800268,8,1363378800324,56,352,360,304
14,84,1363378800356,84,1363378800436,80,88,112,32
14,72,1363378800436,72,1363378800541,105,80,105,0
14,73,1363378800516,73,1363378800604,88,80,63,-25
14,83,1363378800604,83,1363378800685,81,88,81,0
14,32,1363378800686,32,1363378800772,86,82,87,1
14,87,1363378800804,87,1363378800916,112,118,144,32
14,69,1363378800844,69,1363378800964,120,40,48,-72
14,69,1363378801036,69,1363378801156,120,192,192,72
14,75,1363378801172,75,1363378801252,80,136,96,16
14,69,1363378801292,69,1363378801388,96,120,136,40
14,78,1363378801388,78,1363378801460,72,96,72,0
14,68,1363378801492,68,1363378801588,96,104,128,32
14,190,1363378801940,190,1363378802020,80,448,432,352
14,32,1363378802140,32,1363378802212,72,200,192,120
14,83,1363378802380,83,1363378802492,112,240,280,168
14,72,1363378802492,72,1363378802572,80,112,80,0
14,79,1363378802652,79,1363378802716,64,160,144,80
14,85,1363378802692,85,1363378802756,64,40,40,-24
14,76,1363378802820,76,1363378802900,80,128,144,64
14,68,1363378802900,68,1363378802980,80,80,80,0
14,32,1363378802940,32,1363378803004,64,40,24,-40
14,66,1363378803044,66,1363378803108,64,104,104,40
14,69,1363378803132,69,1363378803204,72,88,96,24
14,32,1363378803188,32,1363378803276,88,56,72,-16
14,70,1363378803524,70,1363378803612,88,336,336,248
14,85,1363378803588,85,1363378803700,112,64,88,-24
14,78,1363378803660,78,1363378803732,72,72,32,-40
14,190,1363378803878,190,1363378803925,47,218,193,146
14,32,1363378804092,32,1363378804180,88,214,255,167
14,32,1363378804276,32,1363378804324,48,184,144,96
14,16,1363378804308,16,1363378804460,152,32,136,-16
14,72,1363378804420,72,1363378804486,66,112,26,-40
14,69,1363378804524,69,1363378804620,96,104,134,38
14,65,1363378804620,65,1363378804748,128,96,128,0
14,68,1363378804716,68,1363378804836,120,96,88,-32
14,69,1363378804860,69,1363378805004,144,144,168,24
14,68,1363378804956,68,1363378805052,96,96,48,-48
14,32,1363378805156,32,1363378805252,96,200,200,104
14,84,1363378805308,84,1363378805380,72,152,128,56
14,79,1363378805356,79,1363378805436,80,48,56,-24
14,32,1363378805404,32,1363378805492,88,48,56,-32
14,65,1363378805532,65,1363378805628,96,128,136,40
14,78,1363378805628,78,1363378805692,64,96,64,0
14,78,1363378805780,78,1363378805868,88,152,176,88
14,8,1363378806036,8,1363378806092,56,256,224,168
14,8,1363378806188,8,1363378806252,64,152,160,96
14,8,1363378806332,8,1363378806412,80,144,160,80
14,32,1363378806412,32,1363378806508,96,80,96,0
14,78,1363378807244,78,1363378807324,80,832,816,736
14,78,1363378807444,78,1363378807524,80,200,200,120
14,32,1363378807628,32,1363378807709,81,184,185,104
14,65,1363378807789,65,1363378807869,80,161,160,80
14,65,1363378808278,65,1363378808413,135,489,544,409
14,82,1363378808509,82,1363378808573,64,231,160,96
14,66,1363378808765,66,1363378808805,40,256,232,192
14,79,1363378808853,79,1363378808917,64,88,112,48
14,82,1363378808949,82,1363378809021,72,96,104,32
14,32,1363378809325,32,1363378809469,144,376,448,304
14,70,1363378809645,70,1363378809701,56,320,232,176
14,79,1363378810141,79,1363378810229,88,496,528,440
14,82,1363378810229,82,1363378810285,56,88,56,0
14,32,1363378810285,32,1363378810373,88,56,88,0
14,84,1363378810397,84,1363378810477,80,112,104,24
14,72,1363378811365,72,1363378811429,64,968,952,888
14,69,1363378811429,69,1363378811509,80,64,80,0
14,32,1363378811509,32,1363378811613,104,80,104,0
14,69,1363378811669,69,1363378811757,88,160,144,56
14,78,1363378811741,78,1363378811821,80,72,64,-16
14,84,1363378811853,84,1363378811941,88,112,120,32
14,73,1363378811965,73,1363378812029,64,112,88,24
14,82,1363378812085,82,1363378812221,136,120,192,56
14,69,1363378812157,69,1363378812253,96,72,32,-64
14,84,1363378813037,84,1363378813109,72,880,856,784
14,8,1363378813357,8,1363378813453,96,320,344,248
14,73,1363378813477,73,1363378813581,104,120,128,24
14,84,1363378813581,84,1363378813661,80,104,80,0
14,89,1363378813678,89,1363378813741,63,97,80,17
14,32,1363378813789,32,1363378813861,72,111,120,48
14,79,1363378814581,79,1363378814669,88,792,808,720
14,70,1363378814669,70,1363378814732,63,88,63,0
14,32,1363378814692,32,1363378814789,97,23,57,-40
14,73,1363378814989,73,1363378815069,80,297,280,200
14,84,1363378815029,84,1363378815101,72,40,32,-40
14,190,1363378815236,190,1363378815300,64,207,199,135
14,32,1363378815453,32,1363378815524,71,217,224,153
14,32,1363378815652,32,1363378815716,64,199,192,128
14,16,1363378817444,16,1363378817692,248,1792,1976,1728
14,72,1363378817620,72,1363378817700,80,176,8,-72
14,79,1363378817780,79,1363378817948,168,160,248,80
14,80,1363378817852,80,1363378817948,96,72,0,-96
14,69,1363378817980,69,1363378818068,88,128,120,32
14,70,1363378818324,70,1363378818412,88,344,344,256
14,85,1363378818412,85,1363378818468,56,88,56,0
14,76,1363378818580,76,1363378818644,64,168,176,112
14,76,1363378818724,76,1363378818796,72,144,152,80
14,89,1363378818796,89,1363378818876,80,72,80,0
14,32,1363378818876,32,1363378818964,88,80,88,0
14,70,1363378819196,70,1363378819252,56,320,288,232
14,8,1363378819436,8,1363378819492,56,240,240,184
14,85,1363378819876,85,1363378819956,80,440,464,384
14,32,1363378820596,32,1363378820700,104,720,744,640
14,80,1363378821020,80,1363378821109,89,424,409,320
14,85,1363378821164,85,1363378821236,72,144,127,55
14,76,1363378821340,76,1363378821412,72,176,176,104
14,76,1363378821484,76,1363378821596,112,144,184,72
14,83,1363378821596,83,1363378821708,112,112,112,0
14,32,1363378821684,32,1363378821788,104,88,80,-24
14,73,1363378821804,73,1363378821886,82,120,98,16
14,84,1363378821940,84,1363378822028,88,136,142,54
14,32,1363378822044,32,1363378822116,72,104,88,16
14,79,1363378822172,79,1363378822292,120,128,176,56
14,85,1363378822252,85,1363378822348,96,80,56,-40
14,84,1363378822684,84,1363378822780,96,432,432,336
14,32,1363378823172,32,1363378823276,104,488,496,392
14,65,1363378823428,65,1363378823500,72,256,224,152
14,84,1363378823564,84,1363378823644,80,136,144,64
14,32,1363378823612,32,1363378823708,96,48,64,-32
14,84,1363378823740,84,1363378823820,80,128,112,32
14,72,1363378823836,72,1363378823916,80,96,96,16
14,69,1363378823916,69,1363378823996,80,80,80,0
14,32,1363378823996,32,1363378824100,104,80,104,0
14,84,1363378824444,84,1363378824724,280,448,624,344
14,190,1363378824900,190,1363378824996,96,456,272,176
14,32,1363378825701,32,1363378825757,56,801,761,705
14,32,1363378825837,32,1363378825917,80,136,160,80
14,16,1363378826045,16,1363378827005,960,208,1088,128
14,68,1363378826885,68,1363378827005,120,840,0,-120
14,65,1363378827101,65,1363378827253,152,216,248,96
14,87,1363378827184,87,1363378827333,149,83,80,-69
14,83,1363378827589,83,1363378827645,56,405,312,256
14,79,1363378827957,79,1363378828069,112,368,424,312
14,78,1363378828021,78,1363378828117,96,64,48,-48
14,32,1363378828141,32,1363378828229,88,120,112,24
14,78,1363378828285,78,1363378828365,80,144,136,56
14,69,1363378828381,69,1363378828438,57,96,73,16
14,69,1363378828517,69,1363378828645,128,136,207,79
14,68,1363378828605,68,1363378828733,128,88,88,-40
14,83,1363378828789,83,1363378828861,72,184,128,56
14,32,1363378828933,32,1363378828997,64,144,136,72
14,84,1363378829037,84,1363378829117,80,104,120,40
14,79,1363378829117,79,1363378829213,96,80,96,0
14,32,1363378829213,32,1363378829293,80,96,80,0
14,67,1363378829381,67,1363378829469,88,168,176,88
14,79,1363378829437,79,1363378829533,96,56,64,-32
14,77,1363378829493,77,1363378829597,104,56,64,-40
14,69,1363378829629,69,1363378829693,64,136,96,32
14,32,1363378829717,32,1363378829797,80,88,104,24
14,85,1363378829853,85,1363378829933,80,136,136,56
14,80,1363378829965,80,1363378830061,96,112,128,32
14,32,1363378830061,32,1363378830149,88,96,88,0
14,66,1363378830277,66,1363378830365,88,216,216,128
14,73,1363378830341,73,1363378830413,72,64,48,-24
14,71,1363378830461,71,1363378830549,88,120,136,48
14,32,1363378830549,32,1363378830653,104,88,104,0
14,66,1363378830861,66,1363378830949,88,312,296,208
14,69,1363378830981,69,1363378831037,56,120,88,32
14,67,1363378831109,67,1363378831221,112,128,184,72
14,65,1363378831197,65,1363378831341,144,88,120,-24
14,85,1363378831341,85,1363378831413,72,144,72,0
14,83,1363378831437,83,1363378831493,56,96,80,24
14,69,1363378831581,69,1363378831653,72,144,160,88
14,32,1363378831653,32,1363378831717,64,72,64,0
14,72,1363378831861,72,1363378831933,72,208,216,144
14,69,1363378831933,69,1363378832014,81,72,81,0
14,32,1363378832014,32,1363378832085,71,81,71,0
14,72,1363378832157,72,1363378832229,72,143,144,72
14,65,1363378832229,65,1363378832340,111,72,111,0
14,83,1363378832284,83,1363378832388,104,55,48,-56
14,32,1363378832341,32,1363378832420,79,57,32,-47
14,66,1363378832772,66,1363378832868,96,431,448,352
14,69,1363378832909,69,1363378832972,63,137,104,41
14,69,1363378833053,69,1363378833156,103,144,184,81
14,78,1363378833124,78,1363378833228,104,71,72,-32
14,32,1363378833244,32,1363378833324,80,120,96,16
14,83,1363378833596,83,1363378833724,128,352,400,272
14,76,1363378833764,76,1363378833869,105,168,145,40
14,65,1363378833869,65,1363378834020,151,105,151,0
14,67,1363378834004,67,1363378834076,72,135,56,-16
14,75,1363378834453,75,1363378834516,63,449,440,377
14,73,1363378834548,73,1363378834676,128,95,160,32
14,78,1363378834636,78,1363378834724,88,88,48,-40
14,71,1363378834708,71,1363378834764,56,72,40,-16
14,190,1363378834844,190,1363378834932,88,136,168,80
14,85,1363637676254,85,1363637676341,87,103,88,1
14,78,1363637676301,78,1363637676389,88,47,48,-40
14,78,1363637676461,78,1363637676533,72,160,144,72
14,65,1363637676589,65,1363637676685,96,128,152,56
14,32,1363637676685,32,1363637676765,80,96,80,0
14,84,1363637676853,84,1363637676925,72,168,160,88
14,82,1363637677021,82,1363637677109,88,168,184,96
14,89,1363637677109,89,1363637677173,64,88,64,0
14,32,1363637677189,32,1363637677293,104,80,120,16
14,65,1363637677357,65,1363637677461,104,168,168,64
14,78,1363637677461,78,1363637677533,72,104,72,0
14,68,1363637677557,68,1363637677629,72,96,96,24
14,32,1363637677597,32,1363637677717,120,40,88,-32
14,80,1363637678037,80,1363637678141,104,440,424,320
14,76,1363637678101,76,1363637678213,112,64,72,-40
14,65,1363637678213,65,1363637678301,88,112,88,0
14,89,1363637678333,89,1363637678405,72,120,104,32
14,32,1363637678437,32,1363637678541,104,104,136,32
14,66,1363637678693,66,1363637678773,80,256,232,152
14,65,1363637678789,65,1363637678893,104,96,120,16
14,83,1363637678837,83,1363637678949,112,48,56,-56
14,75,1363637678973,75,1363637679061,88,136,112,24
14,69,1363637679077,69,1363637679197,120,104,136,16
14,84,1363637679165,84,1363637679221,56,88,24,-32
14,66,1363637679349,66,1363637679421,72,184,200,128
14,65,1363637679445,65,1363637679549,104,96,128,24
14,76,1363637679501,76,1363637679589,88,56,40,-48
14,76,1363637679669,76,1363637679757,88,168,168,80
14,32,1363637679757,32,1363637679853,96,88,96,0
14,84,1363637679829,84,1363637679901,72,72,48,-24
14,79,1363637679901,79,1363637679973,72,72,72,0
14,68,1363637680021,68,1363637680109,88,120,136,48
14,65,1363637680069,65,1363637680173,104,48,64,-40
14,89,1363637680109,89,1363637680173,64,40,0,-64
14,190,1363637680317,190,1363637680397,80,208,224,144
14,32,1363637680709,32,1363637680789,80,392,392,312
14,32,1363637680877,32,1363637680957,80,168,168,88
14,80,1363637681653,80,1363637681725,72,776,768,696
14,82,1363637681725,82,1363637681829,104,72,104,0
14,69,1363637681789,69,1363637681869,80,64,40,-40
14,84,1363637681933,84,1363637682005,72,144,136,64
14,84,1363637682061,84,1363637682165,104,128,160,56
14,89,1363637682117,89,1363637682237,120,56,72,-48
14,32,1363637682317,32,1363637682413,96,200,176,80
14,84,1363637682445,84,1363637682541,96,128,128,32
14,73,1363637682541,73,1363637682637,96,96,96,0
14,82,1363637682637,82,1363637682749,112,96,112,0
14,69,1363637682701,69,1363637682877,176,64,128,-48
14,68,1363637682837,68,1363637682925,88,136,48,-40
14,32,1363637682925,32,1363637682997,72,88,72,0
14,84,1363637683045,84,1363637683125,80,120,128,48
14,72,1363637683085,72,1363637683173,88,40,48,-40
14,79,1363637683189,79,1363637683293,104,104,120,16
14,85,1363637683261,85,1363637683333,72,72,40,-32
14,71,1363637683358,71,1363637683429,71,97,96,25
14,72,1363637683429,72,1363637683477,48,71,48,0
14,190,1363637683661,190,1363637683741,80,232,264,184
14,190,1363637683829,190,1363637683885,56,168,144,88
14,190,1363637683973,190,1363637684061,88,144,176,88
14,32,1363637684149,32,1363637684261,112,176,200,88
14,68,1363637684437,68,1363637684525,88,288,264,176
14,73,1363637684526,73,1363637684613,87,89,88,1
14,68,1363637684613,68,1363637684725,112,87,112,0
14,78,1363637684725,78,1363637684797,72,112,72,0
14,84,1363637684845,84,1363637684917,72,120,120,48
14,32,1363637684933,32,1363637685037,104,88,120,16
14,83,1363637685133,83,1363637685215,82,200,178,96
14,69,1363637685349,69,1363637685413,64,216,198,134
14,8,1363637685613,8,1363637685693,80,264,280,200
14,76,1363637685717,76,1363637685805,88,104,112,24
14,69,1363637685829,69,1363637685885,56,112,80,24
14,69,1363637685965,69,1363637686053,88,136,168,80
14,80,1363637686013,80,1363637686117,104,48,64,-40
14,32,1363637686101,32,1363637686214,113,88,97,-16
14,70,1363637686510,70,1363637686582,72,409,368,296
14,8,1363637687150,8,1363637687238,88,640,656,568
14,71,1363637687366,71,1363637687430,64,216,192,128
14,82,1363637687542,82,1363637687669,127,176,239,112
14,69,1363637687638,69,1363637687782,144,96,113,-31
14,65,1363637687702,65,1363637687822,120,64,40,-80
14,84,1363637687782,84,1363637687878,96,80,56,-40
14,32,1363637687862,32,1363637687958,96,80,80,-16
14,76,1363637688022,76,1363637688094,72,160,136,64
14,65,1363637688046,65,1363637688166,120,24,72,-48
14,83,1363637688118,83,1363637688206,88,72,40,-48
14,84,1363637688254,84,1363637688358,104,136,152,48
14,32,1363637688302,32,1363637688405,103,48,47,-56
14,78,1363637688438,78,1363637688533,95,136,128,33
14,73,1363637688510,73,1363637688598,88,72,65,-23
14,71,1363637688598,71,1363637688678,80,88,80,0
14,72,1363637688678,72,1363637688750,72,80,72,0
14,84,1363637688750,84,1363637688821,71,72,71,0
14,190,1363637688894,190,1363637688981,87,144,160,73
14,32,1363637689342,32,1363637689429,87,448,448,361
14,73,1363637689637,73,1363637689726,89,295,297,208
14,32,1363637689726,32,1363637689813,87,89,87,0
14,87,1363637689789,87,1363637689893,104,63,80,-24
14,79,1363637689925,79,1363637690021,96,136,128,32
14,78,1363637689989,78,1363637690093,104,64,72,-32
14,68,1363637690061,68,1363637690141,80,72,48,-32
14,69,1363637690165,69,1363637690293,128,104,152,24
14,82,1363637690237,82,1363637690357,120,72,64,-56
14,32,1363637690285,32,1363637690389,104,48,32,-72
14,73,1363637690445,73,1363637690558,113,160,169,56
14,70,1363637690701,70,1363637690773,72,256,215,143
14,32,1363637690774,32,1363637690853,79,73,80,1
14,73,1363637690901,73,1363637690990,89,127,137,48
14,32,1363637691078,32,1363637691245,167,177,255,88
14,77,1363637691461,77,1363637691533,72,383,288,216
14,65,1363637691509,65,1363637691653,144,48,120,-24
14,84,1363637691653,84,1363637691702,49,144,49,0
14,84,1363637691789,84,1363637691878,89,136,176,87
14,69,1363637691862,69,1363637692013,151,73,135,-16
14,82,1363637691965,82,1363637692061,96,103,48,-48
14,83,1363637692205,83,1363637692277,72,240,216,144
14,32,1363637692317,32,1363637692453,136,112,176,40
14,73,1363637692830,73,1363637692933,103,513,480,377
14,78,1363637692885,78,1363637693013,128,55,80,-48
14,32,1363637693005,32,1363637693085,80,120,72,-8
14,84,1363637693253,84,1363637693317,64,248,232,168
14,72,1363637693317,72,1363637693397,80,64,80,0
14,73,1363637693429,73,1363637693509,80,112,112,32
14,83,1363637693525,83,1363637693597,72,96,88,16
14,32,1363637693597,32,1363637693725,128,72,128,0
14,83,1363637693830,83,1363637693901,71,233,176,105
14,84,1363637693957,84,1363637694021,64,127,120,56
14,85,1363637694053,85,1363637694101,48,96,80,32
14,68,1363637694165,68,1363637694205,40,112,104,64
14,89,1363637694341,89,1363637694413,72,176,208,136
14,32,1363637695237,32,1363637695373,136,896,960,824
14,73,1363637695349,73,1363637695421,72,112,48,-24
14,70,1363637695477,70,1363637695557,80,128,136,56
14,32,1363637695558,32,1363637695669,111,81,112,1
14,16,1363637695669,16,1363637695821,152,111,152,0
14,73,1363637695725,73,1363637695829,104,56,8,-96
14,32,1363637695797,32,1363637695925,128,72,96,-32
14,85,1363637695965,85,1363637696069,104,168,144,40
14,83,1363637696069,83,1363637696181,112,104,112,0
14,69,1363637696309,69,1363637696421,112,240,240,128
14,32,1363637696421,32,1363637696541,120,112,120,0
14,76,1363637696637,76,1363637696701,64,216,160,96
14,69,1363637696701,69,1363637696765,64,64,64,0
14,69,1363637696861,69,1363637697013,152,160,248,96
14,84,1363637696965,84,1363637697069,104,104,56,-48
14,32,1363637697069,32,1363637697181,112,104,112,0
14,83,1363637697589,83,1363637697701,112,520,520,408
14,80,1363637697702,80,1363637697765,63,113,64,1
14,69,1363637697821,69,1363637697909,88,119,144,56
14,65,1363637697989,65,1363637698101,112,168,192,80
14,75,1363637698069,75,1363637698181,112,80,80,-32
14,32,1363637698157,32,1363637698277,120,88,96,-24
14,79,1363637698277,79,1363637698357,80,120,80,0
14,82,1363637698389,82,1363637698477,88,112,120,32
14,32,1363637698437,32,1363637698565,128,48,88,-40
14,83,1363637699645,83,1363637699757,112,1208,1192,1080
14,84,1363637699821,84,1363637699917,96,176,160,64
14,65,1363637699917,65,1363637700013,96,96,96,0
14,78,1363637700013,78,1363637700093,80,96,80,0
14,68,1363637700069,68,1363637700165,96,56,72,-24
14,65,1363637700429,65,1363637700621,192,360,456,264
14,82,1363637700533,82,1363637700621,88,104,0,-88
14,68,1363637700725,68,1363637700813,88,192,192,104
14,32,1363637700813,32,1363637700901,88,88,88,0
14,76,1363637700933,76,1363637701013,80,120,112,32
14,8,1363637701205,8,1363637701269,64,272,256,192
14,78,1363637701421,78,1363637701485,64,216,216,152
14,69,1363637701422,69,1363637701485,63,1,0,-63
14,8,1363637701845,8,1363637701901,56,423,416,360
14,8,1363637701997,8,1363637702061,64,152,160,96
14,78,1363637702533,78,1363637702613,80,536,552,472
14,76,1363637702677,76,1363637702765,88,144,152,64
14,71,1363637702821,71,1363637702885,64,144,120,56
14,73,1363637702885,73,1363637702949,64,64,64,0
14,83,1363637703037,83,1363637703101,64,152,152,88
14,72,1363637703101,72,1363637703157,56,64,56,0
14,8,1363637703469,8,1363637703517,48,368,360,312
14,8,1363637703622,8,1363637703670,48,153,153,105
14,8,1363637703766,8,1363637703822,56,144,152,96
14,8,1363637703910,8,1363637704022,112,144,200,88
14,8,1363637704166,8,1363637704230,64,256,208,144
14,71,1363637704326,71,1363637704390,64,160,160,96
14,76,1363637704390,76,1363637704462,72,64,72,0
14,73,1363637704582,73,1363637704654,72,192,192,120
14,83,1363637704686,83,1363637704750,64,104,96,32
14,72,1363637704782,72,1363637704846,64,96,96,32
14,190,1363637705022,190,1363637705086,64,240,240,176
14,32,1363637705286,32,1363637705366,80,264,280,200
14,76,1363637705614,76,1363637705710,96,328,344,248
14,69,1363637705830,69,1363637705910,80,216,200,120
14,69,1363637706015,69,1363637706134,119,185,224,105
14,84,1363637706094,84,1363637706189,95,79,55,-40
14,32,1363637706221,32,1363637706366,145,127,177,32
14,73,1363637706366,73,1363637706437,71,145,71,0
14,83,1363637706477,83,1363637706573,96,111,136,40
14,8,1363637706725,8,1363637706789,64,248,216,152
14,8,1363637706869,8,1363637706950,81,144,161,80
14,83,1363637706918,83,1363637707005,87,49,55,-32
14,80,1363637707029,80,1363637707125,96,111,120,24
14,69,1363637707126,69,1363637707229,103,97,104,1
14,65,1363637707189,65,1363637707286,97,63,57,-40
14,75,1363637707253,75,1363637707342,89,64,56,-33
14,32,1363637707382,32,1363637707485,103,129,143,40
14,73,1363637707613,73,1363637707678,65,231,193,128
14,83,1363637707678,83,1363637707765,87,65,87,0
14,32,1363637707733,32,1363637707846,113,55,81,-32
14,83,1363637708141,83,1363637708237,96,408,391,295
14,79,1363637708238,79,1363637708309,71,97,72,1
14,32,1363637708310,32,1363637708437,127,72,128,1
14,77,1363637708405,77,1363637708477,72,95,40,-32
14,85,1363637708574,85,1363637708631,57,169,154,97
14,67,1363637708654,67,1363637708741,87,80,110,23
14,72,1363637708742,72,1363637708821,79,88,80,1
14,32,1363637708822,32,1363637708909,87,80,88,1
14,77,1363637708973,77,1363637709085,112,151,176,64
14,79,1363637709086,79,1363637709141,55,113,56,1
14,82,1363637709125,82,1363637709229,104,39,88,-16
14,69,1363637709205,69,1363637709294,89,80,65,-24
14,32,1363637709229,32,1363637709342,113,24,48,-65
14,70,1363637709518,70,1363637709589,71,289,247,176
14,85,1363637709559,85,1363637709677,118,41,88,-30
14,78,1363637709637,78,1363637709781,144,78,104,-40
14,32,1363637709757,32,1363637709837,80,120,56,-24
14,84,1363637709853,84,1363637709957,104,96,120,16
14,72,1363637709917,72,1363637710005,88,64,48,-40
14,79,1363637710005,79,1363637710141,136,88,136,0
14,85,1363637710101,85,1363637710173,72,96,32,-40
14,71,1363637710197,71,1363637710277,80,96,104,24
14,72,1363637710277,72,1363637710317,40,80,40,0
14,84,1363637710397,84,1363637710469,72,120,152,80
14,188,1363637710510,188,1363637710597,87,113,128,41
14,32,1363637710629,32,1363637710749,120,119,152,32
14,16,1363637710909,16,1363637711317,408,280,568,160
14,73,1363637711245,73,1363637711325,80,336,8,-72
14,8,1363637711517,8,1363637711589,72,272,264,192
14,73,1363637711653,73,1363637711749,96,136,160,64
14,83,1363637711749,83,1363637711829,80,96,80,0
14,78,1363637711981,78,1363637712061,80,232,232,152
14,222,1363637712085,222,1363637712157,72,104,96,24
14,84,1363637712197,84,1363637712285,88,112,128,40
14,32,1363637712285,32,1363637712389,104,88,104,0
14,73,1363637712461,73,1363637712557,96,176,168,72
14,84,1363637712613,84,1363637712693,80,152,136,56
14,32,1363637712677,32,1363637712789,112,64,96,-16
14,79,1363637713221,79,1363637713293,72,544,504,432
14,8,1363637713533,8,1363637713589,56,312,296,240
14,8,1363637713685,8,1363637713757,72,152,168,96
14,79,1363637714125,79,1363637714206,81,440,449,368
14,83,1363637714461,83,1363637714549,88,336,343,255
14,69,1363637714645,69,1363637714725,80,184,176,96
14,80,1363637714725,80,1363637714797,72,80,72,0
14,72,1363637714917,72,1363637714973,56,192,176,120
14,16,1363637715181,16,1363637715309,128,264,336,208
14,191,1363637715277,191,1363637715365,88,96,56,-32
14,32,1363637715709,32,1363637715765,56,432,400,344
14,32,1363637715861,32,1363637715925,64,152,160,96
14,16,1363637716469,16,1363637716789,320,608,864,544
14,87,1363637716709,87,1363637716805,96,240,16,-80
14,72,1363637716941,72,1363637716997,56,232,192,136
14,8,1363637717269,8,1363637717333,64,328,336,272
14,8,1363637717429,8,1363637717509,80,160,176,96
14,16,1363637717469,16,1363637717653,184,40,144,-40
14,89,1363637717630,89,1363637717701,71,161,48,-23
14,79,1363637717781,79,1363637717877,96,151,176,80
14,85,1363637717837,85,1363637717933,96,56,56,-40
14,32,1363637717933,32,1363637717997,64,96,64,0
14,83,1363637718045,83,1363637718125,80,112,128,48
14,72,1363637718069,72,1363637718149,80,24,24,-56
14,79,1363637718189,79,1363637718277,88,120,128,40
14,85,1363637718253,85,1363637718325,72,64,48,-24
14,76,1363637718381,76,1363637718461,80,128,136,56
14,68,1363637718477,68,1363637718565,88,96,104,16
14,32,1363637718565,32,1363637718653,88,88,88,0
14,68,1363637719223,68,1363637719309,86,658,656,570
14,79,1363637719333,79,1363637719413,80,110,104,24
14,32,1363637719413,32,1363637719517,104,80,104,0
14,65,1363637719613,65,1363637719685,72,200,168,96
14,32,1363637719669,32,1363637719805,136,56,120,-16
14,83,1363637719837,83,1363637719917,80,168,112,32
14,84,1363637720013,84,1363637720077,64,176,160,96
14,85,1363637720485,85,1363637720581,96,472,504,408
14,68,1363637720581,68,1363637720661,80,96,80,0
14,89,1363637720685,89,1363637720765,80,104,104,24
14,32,1363637720805,32,1363637720917,112,120,152,40
14,87,1363637720917,87,1363637720997,80,112,80,0
14,72,1363637721013,72,1363637721110,97,96,113,16
14,69,1363637721110,69,1363637721230,120,97,120,0
14,82,1363637721190,82,1363637721342,152,80,112,-40
14,69,1363637721302,69,1363637721422,120,112,80,-40
14,32,1363637721422,32,1363637721550,128,120,128,0
14,83,1363637721982,83,1363637722078,96,560,528,432
14,79,1363637722062,79,1363637722166,104,80,88,-16
14,77,1363637722134,77,1363637722238,104,72,72,-32
14,69,1363637722190,69,1363637722270,80,56,32,-48
14,32,1363637722286,32,1363637722422,136,96,152,16
14,80,1363637722422,80,1363637722518,96,136,96,0
14,69,1363637722518,69,1363637722622,104,96,104,0
14,79,1363637722590,79,1363637722670,80,72,48,-32
14,80,1363637722670,80,1363637722782,112,80,112,0
14,76,1363637722758,76,1363637722862,104,88,80,-24
14,69,1363637722862,69,1363637722950,88,104,88,0
14,32,1363637722950,32,1363637723109,159,88,159,0
14,82,1363637723446,82,1363637723525,79,496,416,337
14,8,1363637723821,8,1363637723893,72,375,368,296
14,87,1363637723878,87,1363637724029,151,57,136,-15
14,82,1363637723965,82,1363637724062,97,87,33,-64
14,73,1363637724062,73,1363637724133,71,97,71,0
14,84,1363637724181,84,1363637724294,113,119,161,48
14,69,1363637724229,69,1363637724325,96,48,31,-65
14,32,1363637724294,32,1363637724405,111,65,80,-31
14,73,1363637724525,73,1363637724621,96,231,216,120
14,78,1363637724661,78,1363637724765,104,136,144,40
14,32,1363637724757,32,1363637724845,88,96,80,-8
14,76,1363637725069,76,1363637725165,96,312,320,224
14,69,1363637725189,69,1363637725253,64,120,88,24
14,69,1363637725358,69,1363637725517,159,169,264,105
14,84,1363637725493,84,1363637725573,80,135,56,-24
14,32,1363637725541,32,1363637725669,128,48,96,-32
14,8,1363637726206,8,1363637726269,63,665,600,537
14,8,1363637726365,8,1363637726453,88,159,184,96
14,8,1363637726534,8,1363637726590,56,169,137,81
14,8,1363637726686,8,1363637726757,71,152,167,96
14,8,1363637726853,8,1363637726941,88,167,184,96
14,16,1363637726957,16,1363637727133,176,104,192,16
14,76,1363637727053,76,1363637727134,81,96,1,-80
14,69,1363637727245,69,1363637727342,97,192,208,111
14,69,1363637727501,69,1363637727557,56,256,215,159
14,84,1363637727805,84,1363637727861,56,304,304,248
14,32,1363637727933,32,1363637728021,88,128,160,72
14,8,1363637728949,8,1363637729013,64,1016,992,928
14,32,1363637729205,32,1363637729317,112,256,304,192
14,83,1363637729317,83,1363637729421,104,112,104,0
14,80,1363637729413,80,1363637729501,88,96,80,-8
14,69,1363637729549,69,1363637729637,88,136,136,48
14,65,1363637729741,65,1363637729845,104,192,208,104
14,75,1363637729893,75,1363637730013,120,152,168,48
14,32,1363637729981,32,1363637730101,120,88,88,-32
14,65,1363637730613,65,1363637730685,72,632,584,512
14,78,1363637730685,78,1363637730765,80,72,80,0
14,68,1363637730805,68,1363637730877,72,120,112,40
14,32,1363637730869,32,1363637730965,96,64,88,-8
14,79,1363637731069,79,1363637731149,80,200,184,104
14,84,1363637731149,84,1363637731229,80,80,80,0
14,72,1363637731269,72,1363637731349,80,120,120,40
14,69,1363637731309,69,1363637731421,112,40,72,-40
14,82,1363637731381,82,1363637731469,88,72,48,-40
14,83,1363637731605,83,1363637731669,64,224,200,136
14,32,1363637731725,32,1363637731853,128,120,184,56
14,87,1363637732053,87,1363637732181,128,328,328,200
14,82,1363637732229,82,1363637732309,80,176,128,48
14,73,1363637732357,73,1363637732429,72,128,120,48
14,84,1363637732437,84,1363637732565,128,80,136,8
14,69,1363637732501,69,1363637732597,96,64,32,-64
14,32,1363637732566,32,1363637732677,111,65,80,-31
14,73,1363637732901,73,1363637732925,24,335,248,224
14,78,1363637732903,78,1363637733021,118,2,96,-22
14,89,1364582972802,89,1364582972906,104,48,64,-40
14,32,1364582972978,32,1364582973074,96,176,168,72
14,74,1364582973387,74,1364582973499,112,409,425,313
14,79,1364582973475,79,1364582973555,80,88,56,-24
14,83,1364582973867,83,1364582973955,88,392,400,312
14,69,1364582974035,69,1364582974139,104,168,184,80
14,80,1364582974139,80,1364582974195,56,104,56,0
14,72,1364582974339,72,1364582974411,72,200,216,144
14,188,1364582974803,188,1364582974891,88,464,480,392
14,13,1364582975107,13,1364582975187,80,304,296,216
14,13,1364582975291,13,1364582975339,48,184,152,104
14,16,1364582975691,16,1364582975851,160,400,512,352
14,87,1364582975771,87,1364582975875,104,80,24,-80
14,72,1364582975875,72,1364582975995,120,104,120,0
14,79,1364582975995,79,1364582976091,96,120,96,0
14,89,1364582976555,89,1364582976611,56,560,520,464
14,8,1364582977027,8,1364582977099,72,472,488,416
14,79,1364582977395,79,1364582977491,96,368,392,296
14,32,1364582977539,32,1364582977683,144,144,192,48
14,89,1364582977699,89,1364582977795,96,160,112,16
14,79,1364582977843,79,1364582977931,88,144,136,48
14,85,1364582977899,85,1364582978003,104,56,72,-32
14,32,1364582977963,32,1364582978075,112,64,72,-40
14,84,1364582978107,84,1364582978187,80,144,112,32
14,72,1364582978235,72,1364582978323,88,128,136,48
14,73,1364582978323,73,1364582978395,72,88,72,0
14,78,1364582978419,78,1364582978523,104,96,128,24
14,75,1364582979083,75,1364582979227,144,664,704,560
14,32,1364582979267,32,1364582979378,111,184,151,40
14,73,1364582979355,73,1364582979435,80,88,57,-23
14,83,1364582979483,83,1364582979570,87,128,135,48
14,32,1364582979531,32,1364582979691,160,48,121,-39
14,71,1364582979691,71,1364582979763,72,160,72,0
14,79,1364582979715,79,1364582979802,87,24,39,-48
14,73,1364582979898,73,1364582979986,88,183,184,96
14,78,1364582979963,78,1364582980083,120,65,97,-23
14,71,1364582980042,71,1364582980106,64,79,23,-41
14,32,1364582980083,32,1364582980179,96,41,73,-23
14,84,1364582980203,84,1364582980274,71,120,95,24
14,79,1364582980235,79,1364582980339,104,32,65,-39
14,32,1364582980323,32,1364582980435,112,88,96,-16
14,87,1364582980386,87,1364582980467,81,63,32,-49
14,73,1364582980467,73,1364582980570,103,81,103,0
14,78,1364582980538,78,1364582980650,112,71,80,-32
14,32,1364582980651,32,1364582980746,95,113,96,1
14,84,1364582980955,84,1364582981018,63,304,272,209
14,79,1364582980995,79,1364582981050,55,40,32,-23
14,78,1364582981147,78,1364582981282,135,152,232,97
14,73,1364582981243,73,1364582981315,72,96,33,-39
14,71,1364582981338,71,1364582981394,56,95,79,23
14,72,1364582981410,72,1364582981491,81,72,97,16
14,84,1364582981491,84,1364582981546,55,81,55,0
14,16,1364582981674,16,1364582981802,128,183,256,128
14,191,1364582981714,191,1364582981834,120,40,32,-88
14,32,1364582982282,32,1364582982370,88,568,536,448
14,32,1364582982450,32,1364582982546,96,168,176,80
14,32,1364582984315,32,1364582984402,87,1865,1856,1769
14,84,1364582984442,84,1364582984538,96,127,136,40
14,72,1364582984491,72,1364582984587,96,49,49,-47
14,73,1364582984587,73,1364582984642,55,96,55,0
14,78,1364582984666,78,1364582984794,128,79,152,24
14,75,1364582984762,75,1364582984842,80,96,48,-32
14,32,1364582984818,32,1364582984930,112,56,88,-24
14,66,1364582985362,66,1364582985434,72,544,504,432
14,79,1364582985410,79,1364582985498,88,48,64,-24
14,84,1364582985554,84,1364582985634,80,144,136,56
14,72,1364582985658,72,1364582985730,72,104,96,24
14,32,1364582985762,32,1364582985850,88,104,120,32
14,32,1364582986306,32,1364582986394,88,544,544,456
14,65,1364582986482,65,1364582986563,81,176,169,88
14,78,1364582986538,78,1364582986610,72,56,47,-25
14,68,1364582986674,68,1364582986762,88,136,152,64
14,32,1364582986738,32,1364582986842,104,64,80,-24
14,67,1364582987626,67,1364582987714,88,888,872,784
14,72,1364582987706,72,1364582987786,80,80,72,-8
14,8,1364582987946,8,1364582988010,64,240,224,160
14,8,1364582988106,8,1364582988170,64,160,160,96
14,8,1364582988250,8,1364582988370,120,144,200,80
14,73,1364582988354,73,1364582988442,88,104,72,-16
14,67,1364582988546,67,1364582988642,96,192,200,104
14,72,1364582988643,72,1364582988746,103,97,104,1
14,73,1364582988746,73,1364582988834,88,103,88,0
14,71,1364582988835,71,1364582988922,87,89,88,1
14,65,1364582989362,65,1364582989482,120,527,560,440
14,78,1364582989442,78,1364582989498,56,80,16,-40
14,222,1364582989634,222,1364582989706,72,192,208,136
14,83,1364582989810,83,1364582989882,72,176,176,104
14,32,1364582989906,32,1364582989994,88,96,112,24
14,71,1364582990098,71,1364582990162,64,192,168,104
14,65,1364582990202,65,1364582990314,112,104,152,40
14,77,1364582990266,77,1364582990346,80,64,32,-48
14,69,1364582990378,69,1364582990450,72,112,104,32
14,83,1364582990538,83,1364582990626,88,160,176,88
14,32,1364582990586,32,1364582990690,104,48,64,-40
14,65,1364582990963,65,1364582991083,120,377,393,273
14,82,1364582991355,82,1364582991451,96,392,368,272
14,69,1364582991411,69,1364582991515,104,56,64,-40
14,32,1364582991467,32,1364582991595,128,56,80,-48
14,84,1364582991715,84,1364582991795,80,248,200,120
14,79,1364582991827,79,1364582991899,72,112,104,32
14,83,1364582991931,83,1364582992003,72,104,104,32
14,83,1364582992075,83,1364582992195,120,144,192,72
14,85,1364582992195,85,1364582992291,96,120,96,0
14,80,1364582992379,80,1364582992451,72,184,160,88
14,83,1364582992475,83,1364582992547,72,96,96,24
14,190,1364582992619,190,1364582992683,64,144,136,72
14,32,1364582993219,32,1364582993291,72,600,608,536
14,32,1364582993387,32,1364582993459,72,168,168,96
14,16,1364582994307,16,1364582996275,1968,920,2816,848
14,73,1364582996203,73,1364582996275,72,1896,0,-72
14,90,1364582996411,90,1364582996523,112,208,248,136
14,90,1364582996595,90,1364582996699,104,184,176,72
14,79,1364582996675,79,1364582996755,80,80,56,-24
14,32,1364582996755,32,1364582996859,104,80,104,0
14,72,1364582997051,72,1364582997115,64,296,256,192
14,65,1364582997115,65,1364582997211,96,64,96,0
14,83,1364582997163,83,1364582997259,96,48,48,-48
14,32,1364582997259,32,1364582997363,104,96,104,0
14,65,1364582997363,65,1364582997459,96,104,96,0
14,32,1364582997459,32,1364582997538,79,96,79,0
14,80,1364582997874,80,1364582997970,96,415,432,336
14,82,1364582997971,82,1364582998074,103,97,104,1
14,69,1364582998042,69,1364582998130,88,71,56,-32
14,84,1364582998186,84,1364582998250,64,144,120,56
14,84,1364582998323,84,1364582998410,87,137,160,73
14,89,1364582998378,89,1364582998459,81,55,49,-32
14,32,1364582998474,32,1364582998570,96,96,111,15
14,84,1364582998754,84,1364582998818,64,280,248,184
14,69,1364582998883,69,1364582999010,127,129,192,65
14,82,1364582998947,82,1364582999050,103,64,40,-63
14,82,1364582999154,82,1364582999210,56,207,160,104
14,73,1364582999675,73,1364582999770,95,521,560,465
14,66,1364582999771,66,1364582999850,79,96,80,1
14,76,1364582999906,76,1364583000018,112,135,168,56
14,69,1364583000019,69,1364583000090,71,113,72,1
14,32,1364583000122,32,1364583000218,96,103,128,32
14,82,1364583000290,82,1364583000410,120,168,192,72
14,69,1364583000362,69,1364583000466,104,72,56,-48
14,67,1364583000578,67,1364583000650,72,216,184,112
14,79,1364583000666,79,1364583000730,64,88,80,16
14,82,1364583000794,82,1364583000866,72,128,136,64
14,68,1364583000963,68,1364583001058,95,169,192,97
14,32,1364583001018,32,1364583001130,112,55,72,-40
14,65,1364583001170,65,1364583001258,88,152,128,40
14,71,1364583001306,71,1364583001410,104,136,152,48
14,65,1364583001378,65,1364583001490,112,72,80,-32
14,73,1364583001474,73,1364583001570,96,96,80,-16
14,78,1364583001530,78,1364583001634,104,56,64,-40
14,83,1364583001634,83,1364583001762,128,104,128,0
14,84,1364583001714,84,1364583001802,88,80,40,-48
14,32,1364583001778,32,1364583001866,88,64,64,-24
14,16,1364583003362,16,1364583003922,560,1584,2056,1496
14,68,1364583003850,68,1364583003954,104,488,32,-72
14,85,1364583004050,85,1364583004114,64,200,160,96
14,75,1364583004226,75,1364583004298,72,176,184,112
14,69,1364583004282,69,1364583004346,64,56,48,-16
14,188,1364583004419,188,1364583004490,71,137,144,73
14,32,1364583005386,32,1364583005466,80,967,976,896
14,73,1364583005586,73,1364583005668,82,200,202,120
14,32,1364583005668,32,1364583005762,94,82,94,0
14,84,1364583005794,84,1364583005882,88,126,120,32
14,72,1364583005850,72,1364583005930,80,56,48,-32
14,73,1364583005930,73,1364583005986,56,80,56,0
14,8,1364583006178,8,1364583006234,56,248,248,192
14,8,1364583006322,8,1364583006378,56,144,144,88
14,8,1364583006458,8,1364583006514,56,136,136,80
14,8,1364583006602,8,1364583006658,56,144,144,88
14,8,1364583006746,8,1364583006810,64,144,152,88
14,32,1364583007146,32,1364583007242,96,400,432,336
14,84,1364583007330,84,1364583007418,88,184,176,88
14,72,1364583007418,72,1364583007498,80,88,80,0
14,73,1364583007498,73,1364583007586,88,80,88,0
14,78,1364583007610,78,1364583007730,120,112,144,24
14,75,1364583007706,75,1364583007810,104,96,80,-24
14,32,1364583007850,32,1364583007962,112,144,152,40
14,76,1364583008467,76,1364583008515,48,617,553,505
14,73,1364583009155,73,1364583009227,72,688,712,640
14,75,1364583009315,75,1364583009403,88,160,176,88
14,69,1364583009403,69,1364583009475,72,88,72,0
14,32,1364583009475,32,1364583009547,72,72,72,0
14,49,1364583010275,49,1364583010379,104,800,832,728
14,189,1364583010379,189,1364583010459,80,104,80,0
14,53,1364583010595,53,1364583010659,64,216,200,136
14,190,1364583011323,190,1364583011411,88,728,752,664
14,32,1364583011763,32,1364583011835,72,440,424,352
14,32,1364583011923,32,1364583012003,80,160,168,88
14,16,1364583012451,16,1364583013411,960,528,1408,448
14,87,1364583013331,87,1364583013443,112,880,32,-80
14,69,1364583013555,69,1364583013635,80,224,192,112
14,32,1364583013635,32,1364583013723,88,80,88,0
14,72,1364583013827,72,1364583013899,72,192,176,104
14,65,1364583013875,65,1364583013947,72,48,48,-24
14,86,1364583014059,86,1364583014163,104,184,216,112
14,69,1364583014123,69,1364583014219,96,64,56,-40
14,32,1364583014179,32,1364583014251,72,56,32,-40
14,66,1364583014395,66,1364583014467,72,216,216,144
14,69,1364583014467,69,1364583014531,64,72,64,0
14,69,1364583014618,69,1364583014699,81,151,168,87
14,78,1364583014675,78,1364583014770,95,57,71,-24
14,32,1364583014755,32,1364583014851,96,80,81,-15
14,80,1364583015058,80,1364583015179,121,303,328,207
14,76,1364583015138,76,1364583015267,129,80,88,-41
14,65,1364583015267,65,1364583015347,80,129,80,0
14,89,1364583015394,89,1364583015467,73,127,120,47
14,73,1364583015587,73,1364583015699,112,193,232,120
14,78,1364583015666,78,1364583015763,97,79,64,-33
14,71,1364583015763,71,1364583015834,71,97,71,0
14,32,1364583015882,32,1364583015978,96,119,144,48
14,82,1364583016018,82,1364583016130,112,136,152,40
14,69,1364583016074,69,1364583016194,120,56,64,-56
14,76,1364583016163,76,1364583016258,95,89,64,-31
14,76,1364583016354,76,1364583016426,72,191,168,96
14,8,1364583016618,8,1364583016674,56,264,248,192
14,8,1364583016778,8,1364583016842,64,160,168,104
14,65,1364583016866,65,1364583016955,89,88,113,24
14,76,1364583016955,76,1364583017026,71,89,71,0
14,76,1364583017106,76,1364583017187,81,151,161,80
14,89,1364583017187,89,1364583017266,79,81,79,0
14,32,1364583017346,32,1364583017442,96,159,176,80
14,87,1364583017498,87,1364583017634,136,152,192,56
14,69,1364583017570,69,1364583017666,96,72,32,-64
14,76,1364583017634,76,1364583017706,72,64,40,-32
14,76,1364583017778,76,1364583017858,80,144,152,72
14,190,1364583017970,190,1364583018034,64,192,176,112
14,32,1364583018186,32,1364583018242,56,216,208,152
14,32,1364583018330,32,1364583018410,80,144,168,88
14,78,1364583018674,78,1364583018746,72,344,336,264
14,32,1364583018850,32,1364583018946,96,176,200,104
14,84,1364583018994,84,1364583019098,104,144,152,48
14,69,1364583019098,69,1364583019266,168,104,168,0
14,82,1364583019202,82,1364583019266,64,104,0,-64
14,77,1364583019242,77,1364583019314,72,40,48,-24
14,83,1364583019930,83,1364583020042,112,688,728,616
14,32,1364583020058,32,1364583020130,72,128,88,16
14,79,1364583020306,79,1364583020362,56,248,232,176
14,70,1364583020394,70,1364583020458,64,88,96,32
14,32,1364583020482,32,1364583020578,96,88,120,24
14,79,1364583021138,79,1364583021194,56,656,616,560
14,8,1364583022290,8,1364583022354,64,1152,1160,1096
14,70,1364583022586,70,1364583022674,88,296,320,232
14,32,1364583023106,32,1364583023210,104,520,536,432
14,86,1364583023930,86,1364583024018,88,824,808,720
14,83,1364583024106,83,1364583024202,96,176,184,88
14,190,1364583024274,190,1364583024354,80,168,152,72
14,32,1364583024618,32,1364583024722,104,344,368,264
14,67,1364583024722,67,1364583024778,56,104,56,0
14,8,1364583024970,8,1364583025026,56,248,248,192
14,16,1364583025002,16,1364583025154,152,32,128,-24
14,75,1364583025114,75,1364583025178,64,112,24,-40
14,65,1364583025266,65,1364583025362,96,152,184,88
14,78,1364583025378,78,1364583025402,24,112,40,16
14,83,1364583025802,83,1364583025931,129,424,529,400
14,65,1364583025963,65,1364583026107,144,161,176,32
14,83,1364583026067,83,1364583026202,135,104,95,-40
14,190,1364583026418,190,1364583026498,80,351,296,216
14,190,1364583026610,190,1364583026658,48,192,160,112
14,190,1364583026762,190,1364583026810,48,152,152,104
14,32,1364583027034,32,1364583027130,96,272,320,224
14,16,1364583027130,16,1364583027322,192,96,192,0
14,73,1364583027234,73,1364583027322,88,104,0,-88
14,32,1364583027322,32,1364583027442,120,88,120,0
14,74,1364583027450,74,1364583027498,48,128,56,8
14,85,1364583027594,85,1364583027658,64,144,160,96
14,83,1364583027626,83,1364583027770,144,32,112,-32
14,84,1364583027714,84,1364583027786,72,88,16,-56
14,32,1364583027746,32,1364583027850,104,32,64,-40
14,68,1364583027962,68,1364583028050,88,216,200,112
14,79,1364583028026,79,1364583028138,112,64,88,-24
14,78,1364583028098,78,1364583028194,96,72,56,-40
14,222,1364583028522,222,1364583028594,72,424,400,328
14,84,1364583029178,84,1364583029266,88,656,672,584
14,32,1364583029250,32,1364583029394,144,72,128,-16
14,75,1364583029418,75,1364583029482,64,168,88,24
14,78,1364583029466,78,1364583029554,88,48,72,-16
14,79,1364583029730,79,1364583029810,80,264,256,176
14,87,1364583029834,87,1364583029930,96,104,120,24
14,190,1364583030154,190,1364583030234,80,320,304,224
14,32,1364583030386,32,1364583030474,88,232,240,152
14,16,1364583030426,16,1364583030602,176,40,128,-48
14,87,1364583030546,87,1364583030674,128,120,72,-56
14,72,1364583030674,72,1364583030722,48,128,48,0
14,65,1364583030786,65,1364583030930,144,112,208,64
14,84,1364583030866,84,1364583030962,96,80,32,-64
14,32,1364583030930,32,1364583031018,88,64,56,-32
14,65,1364583031050,65,1364583031162,112,120,144,32
14,82,1364583031146,82,1364583031258,112,96,96,-16
14,69,1364583031194,69,1364583031306,112,48,48,-64
14,32,1364583031234,32,1364583031338,104,40,32,-72
14,89,1364583031362,89,1364583031450,88,128,112,24
14,79,1364583031490,79,1364583031586,96,128,136,40
14,85,1364583031562,85,1364583031650,88,72,64,-24
14,32,1364583031650,32,1364583031722,72,88,72,0
14,84,1364583031730,84,1364583031826,96,80,104,8
14,72,1364583031810,72,1364583031898,88,80,72,-16
14,73,1364583031898,73,1364583031986,88,88,88,0
14,78,1364583032010,78,1364583032089,79,112,103,24
14,75,1364583032154,75,1364583032233,79,144,144,65
14,16,1364583032482,16,1364583032610,128,328,377,249
14,191,1364583032546,191,1364583032649,103,64,39,-64
14,8,1364583033097,8,1364583033162,65,551,513,448
14,73,1364583033346,73,1364583033449,103,249,287,184
14,78,1364583033425,78,1364583033514,89,79,65,-24
14,71,1364583033514,71,1364583033577,63,89,63,0
14,16,1364583033665,16,1364583033833,168,151,256,88
14,191,1364583033761,191,1364583033834,73,96,1,-72
14,68,1365703291124,68,1365703291236,112,248,40,-72
14,69,1365703291292,69,1365703291396,104,168,160,56
14,70,1365703291396,70,1365703291492,96,104,96,0
14,73,1365703291508,73,1365703291580,72,112,88,16
14,78,1365703291580,78,1365703291684,104,72,104,0
14,73,1365703291684,73,1365703291772,88,104,88,0
14,84,1365703291772,84,1365703291860,88,88,88,0
14,69,1365703291812,69,1365703291908,96,40,48,-48
14,76,1365703291908,76,1365703291988,80,96,80,0
14,89,1365703292012,89,1365703292092,80,104,104,24
14,32,1365703292124,32,1365703292220,96,112,128,32
14,78,1365703292459,78,1365703292532,73,335,312,239
14,69,1365703292532,69,1365703292587,55,73,55,0
14,69,1365703292684,69,1365703292803,119,152,216,97
14,68,1365703292763,68,1365703292860,97,79,57,-40
14,32,1365703292860,32,1365703292939,79,97,79,0
14,84,1365703292972,84,1365703293067,95,112,128,33
14,79,1365703293028,79,1365703293115,87,56,48,-39
14,32,1365703293083,32,1365703293187,104,55,72,-32
14,83,1365703293212,83,1365703293307,95,129,120,25
14,84,1365703293371,84,1365703293468,97,159,161,64
14,65,1365703293468,65,1365703293619,151,97,151,0
14,82,1365703293572,82,1365703293651,79,104,32,-47
14,84,1365703293748,84,1365703293828,80,176,177,97
14,32,1365703293796,32,1365703293915,119,48,87,-32
14,79,1365703293963,79,1365703294075,112,167,160,48
14,85,1365703294027,85,1365703294123,96,64,48,-48
14,82,1365703294124,82,1365703294179,55,97,56,1
14,32,1365703294203,32,1365703294291,88,79,112,24
14,80,1365703294412,80,1365703294500,88,209,209,121
14,82,1365703294547,82,1365703294628,81,135,128,47
14,79,1365703294629,79,1365703294755,126,82,127,1
14,74,1365703294731,74,1365703294819,88,102,64,-24
14,69,1365703294795,69,1365703294955,160,64,136,-24
14,67,1365703294859,67,1365703294955,96,64,0,-96
14,32,1365703295131,32,1365703295275,144,272,320,176
14,8,1365703295507,8,1365703295595,88,376,320,232
14,84,1365703295595,84,1365703295667,72,88,72,0
14,32,1365703295643,32,1365703295739,96,48,72,-24
14,83,1365703295804,83,1365703295875,71,161,136,65
14,79,1365703295876,79,1365703295947,71,72,72,1
14,79,1365703296027,79,1365703296131,104,151,184,80
14,78,1365703296091,78,1365703296163,72,64,32,-40
14,190,1365703296291,190,1365703296355,64,200,192,128
14,32,1365703296483,32,1365703296555,72,192,200,128
14,32,1365703296643,32,1365703296731,88,160,176,88
14,32,1365703297195,32,1365703297267,72,552,536,464
14,67,1365703297315,67,1365703297395,80,120,128,48
14,65,1365703297363,65,1365703297459,96,48,64,-32
14,78,1365703297435,78,1365703297539,104,72,80,-24
14,222,1365703297667,222,1365703297755,88,232,216,128
14,84,1365703297795,84,1365703297867,72,128,112,40
14,32,1365703297867,32,1365703297979,112,72,112,0
14,86,1365703298267,86,1365703298339,72,400,360,288
14,69,1365703298387,69,1365703298451,64,120,112,48
14,76,1365703298475,76,1365703298547,72,88,96,24
14,73,1365703298635,73,1365703298683,48,160,136,88
14,8,1365703298843,8,1365703298907,64,208,224,160
14,8,1365703299003,8,1365703299067,64,160,160,96
14,8,1365703299155,8,1365703299211,56,152,144,88
14,8,1365703299307,8,1365703299387,80,152,176,96
14,86,1365703299579,86,1365703299643,64,272,256,192
14,69,1365703299644,69,1365703299747,103,65,104,1
14,8,1365703299963,8,1365703300019,56,319,272,216
14,8,1365703300107,8,1365703300187,80,144,168,88
14,86,1365703300251,86,1365703300363,112,144,176,64
14,69,1365703300419,69,1365703300499,80,168,136,56
14,8,1365703300771,8,1365703300835,64,352,336,272
14,8,1365703300923,8,1365703300995,72,152,160,88
14,66,1365703300995,66,1365703301075,80,72,80,0
14,69,1365703301091,69,1365703301179,88,96,104,16
14,76,1365703301219,76,1365703301299,80,128,120,40
14,73,1365703301412,73,1365703301467,55,193,168,113
14,69,1365703301523,69,1365703301675,152,111,208,56
14,86,1365703301699,86,1365703301771,72,176,96,24
14,69,1365703302092,69,1365703302180,88,393,409,321
14,32,1365703302180,32,1365703302284,104,88,104,0
14,87,1365703302476,87,1365703302612,136,296,328,192
14,69,1365703302548,69,1365703302668,120,72,56,-64
14,32,1365703302612,32,1365703302708,96,64,40,-56
14,72,1365703302796,72,1365703302884,88,184,176,88
14,65,1365703302852,65,1365703302948,96,56,64,-32
14,86,1365703303004,86,1365703303084,80,152,136,56
14,69,1365703303052,69,1365703303172,120,48,88,-32
14,32,1365703303100,32,1365703303212,112,48,40,-72
14,84,1365703303252,84,1365703303364,112,152,152,40
14,79,1365703303324,79,1365703303404,80,72,40,-40
14,32,1365703303364,32,1365703303468,104,40,64,-40
14,80,1365703303540,80,1365703303628,88,176,160,72
14,82,1365703303644,82,1365703303740,96,104,112,16
14,69,1365703303700,69,1365703303780,80,56,40,-40
14,83,1365703303884,83,1365703303940,56,184,160,104
14,69,1365703304020,69,1365703304092,72,136,152,80
14,78,1365703304124,78,1365703304204,80,104,112,32
14,84,1365703304204,84,1365703304316,112,80,112,0
14,32,1365703304317,32,1365703304380,63,113,64,1
14,70,1365703304580,70,1365703304652,72,263,272,200
14,79,1365703304652,79,1365703304700,48,72,48,0
14,82,1365703304748,82,1365703304804,56,96,104,48
14,32,1365703304804,32,1365703304908,104,56,104,0
14,51,1365703306652,51,1365703306748,96,1848,1840,1744
14,48,1365703306748,48,1365703306860,112,96,112,0
14,32,1365703306852,32,1365703306988,136,104,128,-8
14,77,1365703306988,77,1365703307108,120,136,120,0
14,73,1365703307108,73,1365703307228,120,120,120,0
14,78,1365703307204,78,1365703307308,104,96,80,-24
14,83,1365703307308,83,1365703307364,56,104,56,0
14,190,1365703307988,190,1365703308092,104,680,728,624
14,32,1365703308260,32,1365703308332,72,272,240,168
14,32,1365703308420,32,1365703308516,96,160,184,88
14,16,1365703308540,16,1365703308764,224,120,248,24
14,83,1365703308724,83,1365703308812,88,184,48,-40
14,69,1365703308916,69,1365703308980,64,192,168,104
14,69,1365703309044,69,1365703309140,96,128,160,64
14,77,1365703309156,77,1365703309236,80,112,96,16
14,83,1365703309236,83,1365703309332,96,80,96,0
14,32,1365703309332,32,1365703309443,111,96,111,0
14,76,1365703309396,76,1365703309476,80,64,33,-47
14,73,1365703309556,73,1365703309628,72,160,152,80
14,75,1365703309708,75,1365703309788,80,152,160,80
14,69,1365703309788,69,1365703309860,72,80,72,0
14,32,1365703309876,32,1365703309980,104,88,120,16
14,65,1365703309956,65,1365703310060,104,80,80,-24
14,32,1365703310060,32,1365703310132,72,104,72,0
14,76,1365703310132,76,1365703310172,40,72,40,0
14,79,1365703310260,79,1365703310340,80,128,168,88
14,84,1365703310372,84,1365703310460,88,112,120,32
14,190,1365703310636,190,1365703310692,56,264,232,176
14,32,1365703310924,32,1365703311004,80,288,312,232
14,32,1365703311243,32,1365703311331,88,319,327,239
14,72,1365703311419,72,1365703311475,56,176,144,88
14,79,1365703311635,79,1365703311787,152,216,312,160
14,80,1365703311723,80,1365703311835,112,88,48,-64
14,69,1365703311836,69,1365703311899,63,113,64,1
14,70,1365703311979,70,1365703312075,96,143,176,80
14,85,1365703312076,85,1365703312131,55,97,56,1
14,76,1365703312267,76,1365703312323,56,191,192,136
14,76,1365703312411,76,1365703312483,72,144,160,88
14,89,1365703312932,89,1365703313027,95,521,544,449
14,32,1365703313115,32,1365703313244,129,183,217,88
14,87,1365703313244,87,1365703313363,119,129,119,0
14,69,1365703313291,69,1365703313412,121,47,49,-72
14,222,1365703314179,222,1365703314235,56,888,823,767
14,76,1365703314363,76,1365703314427,64,184,192,128
14,76,1365703314515,76,1365703314603,88,152,176,88
14,32,1365703314603,32,1365703314691,88,88,88,0
14,72,1365703314755,72,1365703314819,64,152,128,64
14,65,1365703314819,65,1365703314932,113,64,113,0
14,86,1365703314932,86,1365703315043,111,113,111,0
14,69,1365703314987,69,1365703315107,120,55,64,-56
14,32,1365703315027,32,1365703315155,128,40,48,-80
14,69,1365703315243,69,1365703315323,80,216,168,88
14,78,1365703315299,78,1365703315347,48,56,24,-24
14,79,1365703315395,79,1365703315539,144,96,192,48
14,85,1365703315515,85,1365703315587,72,120,48,-24
14,71,1365703315603,71,1365703315691,88,88,104,16
14,72,1365703315715,72,1365703315787,72,112,96,24
14,32,1365703315867,32,1365703315955,88,152,168,80
14,67,1365703316315,67,1365703316419,104,448,464,360
14,79,1365703316411,79,1365703316523,112,96,104,-8
14,78,1365703316483,78,1365703316579,96,72,56,-40
14,67,1365703316659,67,1365703316731,72,176,152,80
14,8,1365703317075,8,1365703317163,88,416,432,344
14,84,1365703317187,84,1365703317299,112,112,136,24
14,69,1365703317275,69,1365703317387,112,88,88,-24
14,67,1365703317459,67,1365703317515,56,184,128,72
14,84,1365703317627,84,1365703317723,96,168,208,112
14,191,1365703318155,191,1365703318243,88,528,520,432
14,8,1365703318572,8,1365703318619,47,417,376,329
14,8,1365703318723,8,1365703318779,56,151,160,104
14,8,1365703318875,8,1365703318939,64,152,160,96
14,8,1365703319027,8,1365703319107,80,152,168,88
14,78,1365703319291,78,1365703319363,72,264,256,184
14,84,1365703319387,84,1365703319492,105,96,129,24
14,49,1365703319900,49,1365703319964,64,513,472,408
14,191,1365703319964,191,1365703320020,56,64,56,0
14,8,1365703320524,8,1365703320580,56,560,560,504
14,8,1365703320660,8,1365703320732,72,136,152,80
14,16,1365703320876,16,1365703320988,112,216,256,144
14,191,1365703320948,191,1365703321028,80,72,40,-40
14,32,1365703321364,32,1365703321444,80,416,416,336
14,32,1365703321532,32,1365703321604,72,168,160,88
14,84,1365703323766,84,1365703323844,78,2234,2240,2162
14,83,1365703324036,83,1365703324116,80,270,272,192
14,32,1365703324140,32,1365703324252,112,104,136,24
14,87,1365703324316,87,1365703324428,112,176,176,64
14,69,1365703324884,69,1365703324964,80,568,536,456
14,73,1365703325060,73,1365703325124,64,176,160,96
14,82,1365703325404,82,1365703325484,80,344,360,280
14,68,1365703325572,68,1365703325652,80,168,168,88
14,32,1365703325652,32,1365703325740,88,80,88,0
14,87,1365703325796,87,1365703325900,104,144,160,56
14,65,1365703325948,65,1365703326084,136,152,184,48
14,84,1365703326052,84,1365703326084,32,104,0,-32
14,67,1365703326556,67,1365703326684,128,504,600,472
14,72,1365703326732,72,1365703326835,103,176,151,48
14,73,1365703326836,73,1365703326955,119,104,120,1
14,78,1365703326923,78,1365703327012,89,87,57,-32
14,71,1365703326996,71,1365703327067,71,73,55,-16
14,32,1365703327092,32,1365703327203,111,96,136,25
14,77,1365703327204,77,1365703327299,95,112,96,1
14,89,1365703327435,89,1365703327499,64,231,200,136
14,32,1365703327532,32,1365703327620,88,97,121,33
14,72,1365703327643,72,1365703327723,80,111,103,23
14,65,1365703327747,65,1365703327828,81,104,105,24
14,78,1365703327828,78,1365703327915,87,81,87,0
14,68,1365703327939,68,1365703328075,136,111,160,24
14,83,1365703328163,83,1365703328243,80,224,168,88
14,32,1365703328363,32,1365703328459,96,200,216,120
14,84,1365703329098,84,1365703329163,65,735,704,639
14,89,1365703329259,89,1365703329347,88,161,184,96
14,80,1365703329347,80,1365703329411,64,88,64,0
14,78,1365703329603,78,1365703329683,80,256,272,192
14,71,1365703329651,71,1365703329707,56,48,24,-32
14,8,1365703329964,8,1365703330043,79,313,336,257
14,8,1365703330139,8,1365703330211,72,175,168,96
14,8,1365703330315,8,1365703330387,72,176,176,104
14,73,1365703330659,73,1365703330787,128,344,400,272
14,78,1365703330739,78,1365703330851,112,80,64,-48
14,71,1365703330852,71,1365703330939,87,113,88,1
14,8,1365703331395,8,1365703331444,49,543,505,456
14,8,1365703331539,8,1365703331611,72,144,167,95
14,8,1365703331699,8,1365703331779,80,160,168,88
14,80,1365703332187,80,1365703332260,73,488,481,408
14,73,1365703332667,73,1365703332763,96,480,503,407
14,78,1365703332723,78,1365703332827,104,56,64,-40
14,71,1365703332803,71,1365703332891,88,80,64,-24
14,32,1365703332891,32,1365703332971,80,88,80,0
14,79,1365703333139,79,1365703333243,104,248,272,168
14,78,1365703333251,78,1365703333283,32,112,40,8
14,32,1365703333307,32,1365703333427,120,56,144,24
14,84,1365703333579,84,1365703333675,96,272,248,152
14,72,1365703333675,72,1365703333755,80,96,80,0
14,69,1365703333779,69,1365703333859,80,104,104,24
14,32,1365703333851,32,1365703333979,128,72,120,-8
14,83,1365703333979,83,1365703334059,80,128,80,0
14,67,1365703334171,67,1365703334235,64,192,176,112
14,82,1365703334387,82,1365703334475,88,216,240,152
14,69,1365703334523,69,1365703334563,40,136,88,48
14,69,1365703335035,69,1365703335115,80,512,552,472
14,78,1365703335155,78,1365703335243,88,120,128,40
14,190,1365703335379,190,1365703335475,96,224,232,136
14,32,1365703335571,32,1365703335675,104,192,200,96
14,32,1365703336115,32,1365703336211,96,544,536,440
14,16,1365703336252,16,1365703336403,151,137,192,41
14,78,1365703336339,78,1365703336419,80,87,16,-64
14,69,1365703336523,69,1365703336598,75,184,179,104
14,86,1365703336691,86,1365703336771,80,168,173,93
14,69,1365703336811,69,1365703336939,128,120,168,40
14,82,1365703336899,82,1365703337012,113,88,73,-40
14,32,1365703337012,32,1365703337092,80,113,80,0
14,78,1365703337572,78,1365703337676,104,560,584,480
14,79,1365703337676,79,1365703337756,80,104,80,0
14,84,1365703337796,84,1365703337884,88,120,128,40
14,73,1365703337884,73,1365703337964,80,88,80,0
14,67,1365703338020,67,1365703338172,152,136,208,56
14,69,1365703338140,69,1365703338244,104,120,72,-32
14,68,1365703338428,68,1365703338524,96,288,280,184
14,32,1365703338620,32,1365703338748,128,192,224,96
14,72,1365703338916,72,1365703339020,104,296,272,168
14,79,1365703339036,79,1365703339124,88,120,104,16
14,87,1365703339148,87,1365703339220,72,112,96,24
14,32,1365703339188,32,1365703339292,104,40,72,-32
14,77,1365703339340,77,1365703339428,88,152,136,48
14,65,1365703339428,65,1365703339524,96,88,96,0
14,8,1365703339740,8,1365703339796,56,312,272,216
14,8,1365703339900,8,1365703339964,64,160,168,104
14,65,1365703340124,65,1365703340196,72,224,232,160
14,77,1365703340188,77,1365703340284,96,64,88,-8
14,65,1365703340332,65,1365703340500,168,144,216,48
14,90,1365703340452,90,1365703340532,80,120,32,-48
14,73,1365703341100,73,1365703341204,104,648,672,568
14,78,1365703341172,78,1365703341284,112,72,80,-32
14,71,1365703341324,71,1365703341420,96,152,136,40
14,76,1365703341420,76,1365703341516,96,96,96,0
14,89,1365703341652,89,1365703341708,56,232,192,136
14,32,1365703341788,32,1365703341860,72,136,152,80
14,68,1365703342036,68,1365703342172,136,248,312,176
14,69,1365703342148,69,1365703342260,112,112,88,-24
14,88,1365703342380,88,1365703342484,104,232,224,120
14,84,1365703342604,84,1365703342684,80,224,200,120
14,82,1365703342772,82,1365703342876,104,168,192,88
14,79,1365703342868,79,1365703342956,88,96,80,-8
14,85,1365703342908,85,1365703343012,104,40,56,-48
14,83,1365703343052,83,1365703343140,88,144,128,40
14,32,1365703343132,32,1365703343204,72,80,64,-8
14,73,1365703343868,73,1365703343964,96,736,760,664
14,32,1365703344012,32,1365703344108,96,144,144,48
14,65,1365703344300,65,1365703344396,96,288,288,192
14,77,1365703344348,77,1365703344460,112,48,64,-48
14,186,1365703344612,186,1365703344643,31,264,183,152
14,190,1365703344613,190,1365703344700,87,1,57,-30
14,32,1365703344900,32,1365703344964,64,287,264,200
14,8,1365703345188,8,1365703345236,48,288,272,224
14,8,1365703345332,8,1365703345388,56,144,152,96
14,8,1365703345492,8,1365703345540,48,160,152,104
14,190,1365703345540,190,1365703345620,80,48,80,0
14,190,1365703345724,190,1365703345772,48,184,152,104
14,8,1365703346123,8,1365703346187,64,399,415,351
14,32,1365703346227,32,1365703346315,88,104,128,40
14,32,1365703346412,32,1365703346603,191,185,288,97
14,65,1365703347115,65,1365703347204,89,703,601,512
14,76,1365703347315,76,1365703347379,64,200,175,111
14,83,1365703347395,83,1365703347483,88,80,104,16
14,79,1365703347499,79,1365703347555,56,104,72,16
14,32,1365703347587,32,1365703347667,80,88,112,32
14,73,1365703347715,73,1365703347803,88,128,136,48
14,32,1365703347804,32,1365703347915,111,89,112,1
14,8,1365703348219,8,1365703348300,81,415,385,304
14,8,1365703348387,8,1365703348491,104,168,191,87
14,32,1365703348604,32,1365703348707,103,217,216,113
14,78,1365703348755,78,1365703348819,64,151,112,48
14,69,1365703348819,69,1365703348907,88,64,88,0
14,86,1365703348963,86,1365703349067,104,144,160,56
14,69,1365703349083,69,1365703349235,152,120,168,16
14,82,1365703349179,82,1365703349299,120,96,64,-56
14,32,1365703349259,32,1365703349363,104,80,64,-40
14,82,1365703349444,82,1365703349555,111,185,192,81
14,69,1365703349500,69,1365703349619,119,56,64,-55
14,76,1365703349659,76,1365703349723,64,159,104,40
14,8,1365703349995,8,1365703350067,72,336,344,272
14,65,1365703350091,65,1365703350163,72,96,96,24
14,76,1365703350163,76,1365703350251,88,72,88,0
14,73,1365703350363,73,1365703350411,48,200,160,112
14,90,1365703350364,90,1365703350475,111,1,64,-47
14,69,1365703350599,69,1365703350667,68,235,192,124
14,68,1365703350771,68,1365703350867,96,172,200,104
14,32,1365703350843,32,1365703350931,88,72,64,-24
14,72,1365703351003,72,1365703351099,96,160,168,72
14,79,1365703351099,79,1365703351187,88,96,88,0
14,87,1365703351187,87,1365703351267,80,88,80,0
14,32,1365703351259,32,1365703351371,112,72,104,-8
14,66,1365703351515,66,1365703351579,64,256,208,144
14,65,1365703351595,65,1365703351723,128,80,144,16
14,68,1365703351723,68,1365703351819,96,128,96,0
14,32,1365703351819,32,1365703351915,96,96,96,0
14,65,1365703351955,65,1365703351971,16,136,56,40
14,8,1365703352403,8,1365703352483,80,448,512,432
14,32,1365703352675,32,1365703352755,80,272,272,192
14,65,1365703352843,65,1365703352955,112,168,200,88
14,77,1365703352915,77,1365703352987,72,72,32,-40
14,32,1365703352987,32,1365703353075,88,72,88,0
14,65,1365703353155,65,1365703353283,128,168,208,80
14,84,1365703353395,84,1365703353467,72,240,184,112
14,32,1365703353467,32,1365703353539,72,72,72,0
14,65,1365703353587,65,1365703353691,104,120,152,48
14,8,1365703354011,8,1365703354075,64,424,384,320
14,83,1365703354075,83,1365703354155,80,64,80,0
14,80,1365703354187,80,1365703354259,72,112,104,32
14,69,1365703354291,69,1365703354355,64,104,96,32
14,76,1365703354387,76,1365703354452,65,96,97,32
14,76,1365703354532,76,1365703354620,88,145,168,80
14,73,1365703354700,73,1365703354780,80,168,160,80
14,78,1365703354756,78,1365703354804,48,56,24,-24
14,71,1365703354804,71,1365703354868,64,48,64,0
14,190,1365703354948,190,1365703355012,64,144,144,80
14,16,1366316359556,16,1366316359740,184,1359,1351,1167
14,83,1366316359644,83,1366316359781,137,88,41,-96
14,79,1366316359781,79,1366316359852,71,137,71,0
14,82,1366316359892,82,1366316359956,64,111,104,40
14,82,1366316360012,82,1366316360125,113,120,169,56
14,89,1366316360093,89,1366316360181,88,81,56,-32
14,32,1366316360300,32,1366316360381,81,207,200,119
14,65,1366316360397,65,1366316360460,63,97,79,16
14,66,1366316360556,66,1366316360644,88,159,184,96
14,79,1366316360645,79,1366316360700,55,89,56,1
14,85,1366316360668,85,1366316360764,96,23,64,-32
14,84,1366316360764,84,1366316360828,64,96,64,0
14,32,1366316360829,32,1366316360901,72,65,73,1
14,84,1366316360940,84,1366316361005,65,111,104,39
14,72,1366316361005,72,1366316361061,56,65,56,0
14,65,1366316361092,65,1366316361220,128,87,159,31
14,66,1366316361476,66,1366316361548,72,384,328,256
14,76,1366316361628,76,1366316361700,72,152,152,80
14,8,1366316361892,8,1366316361940,48,264,240,192
14,8,1366316362036,8,1366316362100,64,144,160,96
14,8,1366316362188,8,1366316362236,48,152,136,88
14,8,1366316362316,8,1366316362372,56,128,136,80
14,84,1366316362373,84,1366316362460,87,57,88,1
14,32,1366316362461,32,1366316362580,119,88,120,1
14,66,1366316362612,66,1366316362716,104,151,136,32
14,76,1366316362756,76,1366316362828,72,144,112,40
14,65,1366316362860,65,1366316362940,80,104,112,32
14,78,1366316362956,78,1366316363044,88,96,104,16
14,75,1366316363268,75,1366316363348,80,312,304,224
14,32,1366316363388,32,1366316363484,96,120,136,40
14,83,1366316363868,83,1366316363916,48,480,432,384
14,85,1366316364140,85,1366316364212,72,272,296,224
14,78,1366316364261,78,1366316364284,23,121,72,49
14,66,1366316364262,66,1366316364308,46,1,24,-22
14,77,1366316364372,77,1366316364476,104,110,168,64
14,8,1366316364836,8,1366316364908,72,464,432,360
14,8,1366316365004,8,1366316365068,64,168,160,96
14,8,1366316365164,8,1366316365236,72,160,168,96
14,66,1366316365397,66,1366316365460,63,233,224,161
14,77,1366316365644,77,1366316365764,120,247,304,184
14,73,1366316365724,73,1366316365804,80,80,40,-40
14,83,1366316365844,83,1366316365908,64,120,104,40
14,83,1366316365980,83,1366316366085,105,136,177,72
14,73,1366316366028,73,1366316366117,89,48,32,-57
14,79,1366316366085,79,1366316366181,96,57,64,-32
14,78,1366316366229,78,1366316366293,64,144,112,48
14,190,1366316366445,190,1366316366517,72,216,224,152
14,32,1366316366645,32,1366316366725,80,200,208,128
14,32,1366316367037,32,1366316367133,96,392,408,312
14,78,1366316367173,78,1366316367277,104,136,144,40
14,79,1366316367245,79,1366316367349,104,72,72,-32
14,84,1366316367349,84,1366316367413,64,104,64,0
14,8,1366316367629,8,1366316367685,56,280,272,216
14,8,1366316367773,8,1366316367837,64,144,152,88
14,8,1366316367917,8,1366316367989,72,144,152,80
14,67,1366316368101,67,1366316368213,112,184,224,112
14,65,1366316368190,65,1366316368277,87,89,64,-23
14,77,1366316368501,77,1366316368573,72,311,296,224
14,69,1366316368677,69,1366316368741,64,176,168,104
14,32,1366316368781,32,1366316368853,72,104,112,40
14,73,1366316369069,73,1366316369157,88,288,304,216
14,78,1366316369133,78,1366316369237,104,64,80,-24
14,32,1366316369205,32,1366316369301,96,72,64,-32
14,72,1366316369349,72,1366316369405,56,144,104,48
14,69,1366316369405,69,1366316369485,80,56,80,0
14,82,1366316369461,82,1366316369597,136,56,112,-24
14,69,1366316369557,69,1366316369653,96,96,56,-40
14,32,1366316369621,32,1366316369709,88,64,56,-32
14,65,1366316369741,65,1366316369805,64,120,96,32
14,78,1366316369805,78,1366316369869,64,64,64,0
14,68,1366316369837,68,1366316369933,96,32,64,-32
14,32,1366316369989,32,1366316370101,112,152,168,56
14,84,1366316370101,84,1366316370173,72,112,72,0
14,72,1366316370173,72,1366316370245,72,72,72,0
14,69,1366316370245,69,1366316370317,72,72,72,0
14,32,1366316370285,32,1366316370413,128,40,96,-32
14,76,1366316370453,76,1366316370533,80,168,120,40
14,73,1366316370637,73,1366316370717,80,184,184,104
14,71,1366316370717,71,1366316370773,56,80,56,0
14,72,1366316370813,72,1366316370885,72,96,112,40
14,84,1366316370885,84,1366316370981,96,72,96,0
14,83,1366316370981,83,1366316371093,112,96,112,0
14,32,1366316371125,32,1366316371221,96,144,128,32
14,87,1366316371341,87,1366316371445,104,216,224,120
14,69,1366316371549,69,1366316371637,88,208,192,104
14,82,1366316371637,82,1366316371773,136,88,136,0
14,69,1366316371725,69,1366316371829,104,88,56,-48
14,32,1366316371797,32,1366316371909,112,72,80,-32
14,76,1366316371965,76,1366316372013,48,168,104,56
14,8,1366316372229,8,1366316372293,64,264,280,216
14,79,1366316372341,79,1366316372429,88,112,136,48
14,70,1366316372461,70,1366316372525,64,120,96,32
14,70,1366316372621,70,1366316372709,88,160,184,96
14,32,1366316372757,32,1366316372917,160,136,208,48
14,66,1366316373189,66,1366316373269,80,432,352,272
14,85,1366316373269,85,1366316373333,64,80,64,0
14,84,1366316373373,84,1366316373437,64,104,104,40
14,32,1366316373437,32,1366316373517,80,64,80,0
14,32,1366316373629,32,1366316373725,96,192,208,112
14,72,1366316373765,72,1366316373845,80,136,120,40
14,65,1366316373813,65,1366316373965,152,48,120,-32
14,67,1366316373917,67,1366316373965,48,104,0,-48
14,8,1366316374213,8,1366316374269,56,296,304,248
14,68,1366316374317,68,1366316374381,64,104,112,48
14,32,1366316374413,32,1366316374493,80,96,112,32
14,65,1366316374861,65,1366316374972,111,448,479,368
14,76,1366316374997,76,1366316375077,80,136,105,25
14,82,1366316375116,82,1366316375237,121,119,160,39
14,69,1366316375221,69,1366316375333,112,105,96,-16
14,65,1366316375293,65,1366316375461,168,72,128,-40
14,68,1366316375389,68,1366316375484,95,96,23,-72
14,89,1366316375461,89,1366316375533,72,72,49,-23
14,32,1366316375620,32,1366316375700,80,159,167,87
14,67,1366316375869,67,1366316375973,104,249,273,169
14,76,1366316375973,76,1366316376044,71,104,71,0
14,73,1366316376164,73,1366316376229,65,191,185,120
14,67,1366316376268,67,1366316376356,88,104,127,39
14,75,1366316376373,75,1366316376444,71,105,88,17
14,69,1366316376468,69,1366316376596,128,95,152,24
14,68,1366316376532,68,1366316376620,88,64,24,-64
14,32,1366316376597,32,1366316376692,95,65,72,-23
14,84,1366316376764,84,1366316376820,56,167,128,72
14,72,1366316376796,72,1366316376860,64,32,40,-24
14,69,1366316376893,69,1366316376973,80,97,113,33
14,32,1366316376973,32,1366316377068,95,80,95,0
14,67,1366316378108,67,1366316378212,104,1135,1144,1040
14,65,1366316378213,65,1366316378284,71,105,72,1
14,77,1366316378324,77,1366316378380,56,111,96,40
14,77,1366316378468,77,1366316378540,72,144,160,88
14,69,1366316378516,69,1366316378637,121,48,97,-24
14,82,1366316378572,82,1366316378685,113,56,48,-65
14,8,1366316379220,8,1366316379284,64,648,599,535
14,8,1366316379388,8,1366316379452,64,168,168,104
14,8,1366316379540,8,1366316379612,72,152,160,88
14,69,1366316379852,69,1366316379980,128,312,368,240
14,82,1366316379940,82,1366316380004,64,88,24,-40
14,65,1366316380068,65,1366316380156,88,128,152,64
14,32,1366316381892,32,1366316381980,88,1824,1824,1736
14,79,1366316382004,79,1366316382109,105,112,129,24
14,78,1366316382068,78,1366316382148,80,64,39,-41
14,190,1366316382300,190,1366316382388,88,232,240,152
14,32,1366316382500,32,1366316382564,64,200,176,112
14,32,1366316382652,32,1366316382756,104,152,192,88
14,32,1366316383428,32,1366316383548,120,776,792,672
14,8,1366316383757,8,1366316383813,56,329,265,209
14,8,1366316383909,8,1366316384013,104,152,200,96
14,8,1366316384477,8,1366316384533,56,568,520,464
14,8,1366316384645,8,1366316384710,65,168,177,112
14,8,1366316384805,8,1366316384885,80,160,175,95
14,8,1366316386965,8,1366316387045,80,2160,2160,2080
14,16,1366316387037,16,1366316387093,56,72,48,-8
14,83,1366316387285,83,1366316387421,136,248,328,192
14,85,1366316387805,85,1366316387861,56,520,440,384
14,80,1366316388021,80,1366316388085,64,216,224,160
14,80,1366316388189,80,1366316388269,80,168,184,104
14,79,1366316388237,79,1366316388349,112,48,80,-32
14,83,1366316388349,83,1366316388429,80,112,80,0
14,69,1366316388509,69,1366316388637,128,160,208,80
14,32,1366316388637,32,1366316388717,80,128,80,0
14,84,1366316388733,84,1366316388821,88,96,104,16
14,72,1366316388821,72,1366316388877,56,88,56,0
14,69,1366316388893,69,1366316388981,88,72,104,16
14,82,1366316388981,82,1366316389110,129,88,129,0
14,69,1366316389069,69,1366316389157,88,88,47,-41
14,32,1366316389110,32,1366316389221,111,41,64,-47
14,73,1366316389221,73,1366316389309,88,111,88,0
14,83,1366316389333,83,1366316389405,72,112,96,24
14,32,1366316389365,32,1366316389509,144,32,104,-40
14,83,1366316389565,83,1366316389637,72,200,128,56
14,79,1366316389639,79,1366316389725,86,74,88,2
14,77,1366316389693,77,1366316389805,112,54,80,-32
14,69,1366316389805,69,1366316389886,81,112,81,0
14,32,1366316389957,32,1366316390061,104,152,175,71
14,87,1366316390061,87,1366316390117,56,104,56,0
14,65,1366316390389,65,1366316390461,72,328,344,272
14,89,1366316390517,89,1366316390581,64,128,120,56
14,32,1366316390605,32,1366316390693,88,88,112,24
14,73,1366316390741,73,1366316390821,80,136,128,48
14,32,1366316390837,32,1366316390949,112,96,128,16
14,8,1366316391189,8,1366316391253,64,352,304,240
14,8,1366316391349,8,1366316391469,120,160,216,96
14,16,1366316391413,16,1366316391605,192,64,136,-56
14,73,1366316391533,73,1366316391605,72,120,0,-72
14,32,1366316391605,32,1366316391701,96,72,96,0
14,67,1366316391741,67,1366316391829,88,136,128,40
14,79,1366316391805,79,1366316391893,88,64,64,-24
14,85,1366316391877,85,1366316391924,47,72,31,-16
14,76,1366316391997,76,1366316392085,88,120,161,73
14,68,1366316392085,68,1366316392141,56,88,56,0
14,32,1366316392109,32,1366316392221,112,24,80,-32
14,72,1366316392245,72,1366316392316,71,136,95,24
14,65,1366316392293,65,1366316392397,104,48,81,-23
14,86,1366316392413,86,1366316392517,104,120,120,16
14,69,1366316392485,69,1366316392596,111,72,79,-32
14,32,1366316392517,32,1366316392636,119,32,40,-79
14,65,1366316392965,65,1366316393061,96,448,425,329
14,86,1366316393197,86,1366316393285,88,232,224,136
14,79,1366316393317,79,1366316393429,112,120,144,32
14,73,1366316393381,73,1366316393461,80,64,32,-48
14,68,1366316393429,68,1366316393557,128,48,96,-32
14,73,1366316393917,73,1366316394020,103,488,463,360
14,78,1366316393988,78,1366316394068,80,71,48,-32
14,71,1366316394044,71,1366316394092,48,56,24,-24
14,32,1366316394164,32,1366316394285,121,120,193,72
14,83,1366316394461,83,1366316394556,95,297,271,176
14,85,1366316394684,85,1366316394780,96,223,224,128
14,66,1366316394860,66,1366316394940,80,176,160,80
14,77,1366316395084,77,1366316395196,112,224,256,144
14,73,1366316395180,73,1366316395252,72,96,56,-16
14,84,1366316395253,84,1366316395308,55,73,56,1
14,84,1366316395396,84,1366316395500,104,143,192,88
14,73,1366316395501,73,1366316395606,105,105,106,1
14,78,1366316395573,78,1366316395677,104,72,71,-33
14,71,1366316395709,71,1366316395766,57,136,89,32
14,32,1366316395814,32,1366316395941,127,105,175,48
14,66,1366316396061,66,1366316396141,80,247,200,120
14,85,1366316396142,85,1366316396213,71,81,72,1
14,84,1366316396269,84,1366316396349,80,127,136,56
14,32,1366316396349,32,1366316396461,112,80,112,0
14,16,1366316396646,16,1366316396829,183,297,368,185
14,73,1366316396717,73,1366316396829,112,71,0,-112
14,77,1366316396989,77,1366316397053,64,272,224,160
14,8,1366316397549,8,1366316397613,64,560,560,496
14,222,1366316397789,222,1366316397925,136,240,312,176
14,77,1366316398117,77,1366316398237,120,328,312,192
14,32,1366316398725,32,1366316398885,160,608,648,488
14,84,1366316400165,84,1366316400245,80,1440,1360,1280
14,79,1366316400277,79,1366316400349,72,112,104,32
14,32,1366316400373,32,1366316400469,96,96,120,24
14,8,1366316400685,8,1366316400741,56,312,272,216
14,79,1366316400853,79,1366316400925,72,168,184,112
14,32,1366316400925,32,1366316401021,96,72,96,0
14,84,1366316401270,84,1366316401358,88,345,337,249
14,73,1366316401358,73,1366316401422,64,88,64,0
14,82,1366316401462,82,1366316401582,120,104,160,40
14,69,1366316401550,69,1366316401710,160,88,128,-32
14,68,1366316401678,68,1366316401750,72,128,40,-32
14,32,1366316401750,32,1366316401846,96,72,96,0
14,84,1366316401910,84,1366316401982,72,160,136,64
14,79,1366316401934,79,1366316402014,80,24,32,-48
14,32,1366316402014,32,1366316402110,96,80,96,0
14,84,1366316403774,84,1366316403886,112,1760,1776,1664
14,72,1366316403886,72,1366316403990,104,112,104,0
14,73,1366316403974,73,1366316404054,80,88,64,-16
14,78,1366316404102,78,1366316404206,104,128,152,48
14,75,1366316404166,75,1366316404270,104,64,64,-40
14,32,1366316404246,32,1366316404374,128,80,104,-24
14,65,1366316404342,65,1366316404414,72,96,40,-32
14,66,1366316404502,66,1366316404590,88,160,176,88
14,79,1366316404542,79,1366316404646,104,40,56,-48
14,85,1366316404606,85,1366316404710,104,64,64,-40
14,84,1366316404710,84,1366316404782,72,104,72,0
14,32,1366316404782,32,1366316404854,72,72,72,0
14,84,1366316404886,84,1366316404974,88,104,120,32
14,72,1366316404958,72,1366316405030,72,72,56,-16
14,65,1366316405031,65,1366316405198,167,73,168,1
14,84,1366316405102,84,1366316405198,96,71,0,-96
14,32,1366316405158,32,1366316405286,128,56,88,-40
14,16,1366316405702,16,1366316405910,208,544,624,416
14,73,1366316405846,73,1366316405934,88,144,24,-64
14,32,1366316405910,32,1366316406022,112,64,88,-24
14,71,1366316406046,71,1366316406134,88,136,112,24
14,85,1366316406134,85,1366316406222,88,88,88,0
14,69,1366316406222,69,1366316406294,72,88,72,0
14,83,1366316406598,83,1366316406662,64,376,368,304
14,83,1366316406758,83,1366316406830,72,160,168,96
14,190,1366316406854,190,1366316406918,64,96,88,24
14,32,1366316407062,32,1366316407142,80,208,224,144
14,32,1366316407222,32,1366316407310,88,160,168,80
14,16,1366316407286,16,1366316407998,712,64,688,-24
14,84,1366316407958,84,1366316408046,88,672,48,-40
14,72,1366316408046,72,1366316408094,48,88,48,0
14,69,1366316408126,69,1366316408222,96,80,128,32
14,32,1366316408182,32,1366316408294,112,56,72,-40
14,88,1366316408350,88,1366316408398,48,168,104,56
14,8,1366316408678,8,1366316408742,64,328,344,280
14,69,1366316408718,69,1366316408814,96,40,72,-24
14,88,1366316408910,88,1366316408998,88,192,184,96
14,65,1366316408958,65,1366316409070,112,48,72,-40
14,77,1366316409022,77,1366316409118,96,64,48,-48
14,32,1366316409150,32,1366316409230,80,128,112,32
14,87,1366316409478,87,1366316409542,64,328,312,248
14,72,1366316409614,72,1366316409646,32,136,104,72
14,8,1366316409918,8,1366316409974,56,304,328,272
14,69,1366316410046,69,1366316410109,63,128,135,72
14,78,1366316410134,78,1366316410198,64,88,89,25
14,66,1366316410135,66,1366316410198,63,1,0,-63
14,84,1366316410262,84,1366316410349,87,127,151,64
14,8,1366316411054,8,1366316411109,55,792,760,705
14,8,1366316411206,8,1366316411285,79,152,176,97
14,84,1366316411317,84,1366316411389,72,111,104,32
14,32,1366316411469,32,1366316411613,144,152,224,80
14,87,1366316411773,87,1366316411925,152,304,312,160
14,69,1366316412077,69,1366316412149,72,304,224,152
14,76,1366316412189,76,1366316412245,56,112,96,40
14,76,1366316412342,76,1366316412421,79,153,176,97
14,188,1366316412726,188,1366316412813,87,384,392,305
14,32,1366316412894,32,1366316413013,119,168,200,81
14,222,1366316414677,222,1366316414765,88,1783,1752,1664
14,77,1366316414909,77,1366316414989,80,232,224,144
14,32,1366316415005,32,1366316415125,120,96,136,16
14,76,1366316415093,76,1366316415189,96,88,64,-32
14,79,1366316415286,79,1366316415333,47,193,144,97
14,79,1366316415429,79,1366316415517,88,143,184,96
14,75,1366316415493,75,1366316415589,96,64,72,-24
14,73,1366316415669,73,1366316415734,65,176,145,80
14,78,1366316415709,78,1366316415797,88,40,63,-25
14,71,1366316415798,71,1366316415869,71,89,72,1
14,32,1366316415869,32,1366316415957,88,71,88,0
14,70,1366316416029,70,1366316416109,80,160,152,72
14,79,1366316416109,79,1366316416181,72,80,72,0
14,82,1366316416221,82,1366316416373,152,112,192,40
14,87,1366316416373,87,1366316416477,104,152,104,0
14,65,1366316416421,65,1366316416645,224,48,168,-56
14,82,1366316417141,82,1366316417221,80,720,576,496
14,68,1366316417309,68,1366316417406,97,168,185,88
14,32,1366316417389,32,1366316417485,96,80,79,-17
14,84,1366316417565,84,1366316417653,88,176,168,80
14,79,1366316417613,79,1366316417693,80,48,40,-40
14,32,1366316417693,32,1366316417781,88,80,88,0
14,84,1366316417781,84,1366316417877,96,88,96,0
14,72,1366316417877,72,1366316417949,72,96,72,0
14,69,1366316417933,69,1366316418029,96,56,80,-16
14,32,1366316418029,32,1366316418117,88,96,88,0
14,69,1366316418157,69,1366316418261,104,128,144,40
14,78,1366316418277,78,1366316418341,64,120,80,16
14,68,1366316418365,68,1366316418445,80,88,104,24
14,32,1366316418469,32,1366316418566,97,104,121,24
14,83,1366316418798,83,1366316418822,24,329,256,232
14,8,1366316419134,8,1366316419206,72,336,384,312
14,79,1366316419278,79,1366316419358,80,144,152,72
14,70,1366316419374,70,1366316419430,56,96,72,16
14,32,1366316419454,32,1366316419574,120,80,144,24
14,67,1366316419694,67,1366316419774,80,240,200,120
14,76,1366316419830,76,1366316419902,72,136,128,56
14,65,1366316419902,65,1366316419998,96,72,96,0
14,83,1366316419950,83,1366316420054,104,48,56,-48
14,83,1366316420134,83,1366316420238,104,184,184,80
14,190,1366316420422,190,1366316420510,88,288,272,184
14,32,1366316420670,32,1366316420742,72,248,232,160
14,32,1366316420830,32,1366316420926,96,160,184,88
14,16,1366316421425,16,1366316421798,373,595,872,499
14,8,1366316490397,8,1366316490469,72,68972,68671,68599
14,16,1366316496829,16,1366316497189,360,6432,6720,6360
14,72,1366316497069,72,1366316497189,120,240,0,-120
14,79,1366316497269,79,1366316497413,144,200,224,80
14,80,1366316497317,80,1366316497453,136,48,40,-96
14,69,1366316497541,69,1366316497605,64,224,152,88
14,87,1366316497543,87,1366316497605,62,2,0,-62
14,70,1366316497733,70,1366316497780,47,190,175,128
14,8,1366316497988,8,1366316498044,56,255,264,208
14,8,1366316498149,8,1366316498228,79,161,184,105
14,70,1366316498325,70,1366316498413,88,176,185,97
14,85,1366316498445,85,1366316498517,72,120,104,32
14,76,1366316498652,76,1366316498700,48,207,183,135
14,76,1366316498789,76,1366316498852,63,137,152,89
14,89,1366316498877,89,1366316498948,71,88,96,25
14,188,1366316498972,188,1366316499061,89,95,113,24
14,32,1366316499149,32,1366316499244,95,177,183,88
14,32,1366316499533,32,1366316499692,159,384,448,289
14,68,1366316499764,68,1366316499844,80,231,152,72
14,73,1366316499877,73,1366316499933,56,113,89,33
14,68,1366316499956,68,1366316500052,96,79,119,23
14,78,1366316500053,78,1366316500116,63,97,64,1
14,222,1366316500244,222,1366316500300,56,191,184,128
14,84,1366316500348,84,1366316500420,72,104,120,48
14,32,1366316500492,32,1366316500588,96,144,168,72
14,74,1366316500636,74,1366316500708,72,144,120,48
14,85,1366316500804,85,1366316500868,64,168,160,96
14,83,1366316500869,83,1366316500988,119,65,120,1
14,84,1366316500924,84,1366316501012,88,55,24,-64
14,32,1366316500988,32,1366316501068,80,64,56,-24
14,83,1366316501276,83,1366316501356,80,288,288,208
14,67,1366316501437,67,1366316501508,71,161,152,81
14,82,1366316501629,82,1366316501756,127,192,248,121
14,69,1366316501700,69,1366316501804,104,71,48,-56
14,87,1366316501892,87,1366316502004,112,192,200,88
14,32,1366316501996,32,1366316502100,104,104,96,-8
14,85,1366316502132,85,1366316502236,104,136,136,32
14,80,1366316502284,80,1366316502380,96,152,144,48
14,32,1366316502381,32,1366316502476,95,97,96,1
14,89,1366316502596,89,1366316502668,72,215,192,120
14,79,1366316502724,79,1366316502820,96,128,152,56
14,85,1366316502796,85,1366316502868,72,72,48,-24
14,82,1366316502892,82,1366316502964,72,96,96,24
14,32,1366316503020,32,1366316503117,97,128,153,56
14,87,1366316503452,87,1366316503532,80,432,415,335
14,72,1366316503484,72,1366316503572,88,32,40,-48
14,79,1366316503548,79,1366316503628,80,64,56,-24
14,76,1366316503716,76,1366316503796,80,168,168,88
14,69,1366316503796,69,1366316503868,72,80,72,0
14,32,1366316503860,32,1366316503972,112,64,104,-8
14,83,1366316504004,83,1366316504060,56,144,88,32
14,89,1366316504060,89,1366316504132,72,56,72,0
14,83,1366316504172,83,1366316504284,112,112,152,40
14,84,1366316504316,84,1366316504444,128,144,160,32
14,69,1366316504380,69,1366316504500,120,64,56,-64
14,77,1366316504444,77,1366316504548,104,64,48,-56
14,32,1366316504516,32,1366316504620,104,72,72,-32
14,72,1366316504772,72,1366316504836,64,256,216,152
14,69,1366316504852,69,1366316504988,136,80,152,16
14,82,1366316505004,82,1366316505124,120,152,136,16
14,69,1366316505085,69,1366316505180,95,81,56,-39
14,190,1366316505212,190,1366316505268,56,127,88,32
14,32,1366316505404,32,1366316505468,64,192,200,136
14,72,1366316505684,72,1366316505724,40,280,256,216
14,65,1366316505804,65,1366316505924,120,120,200,80
14,86,1366316505900,86,1366316506021,121,96,97,-24
14,73,1366316506021,73,1366316506109,88,121,88,0
14,78,1366316506077,78,1366316506165,88,56,56,-32
14,71,1366316506125,71,1366316506229,104,48,64,-40
14,32,1366316506245,32,1366316506333,88,120,104,16
14,79,1366316506477,79,1366316506581,104,232,248,144
14,78,1366316506533,78,1366316506645,112,56,64,-48
14,69,1366316506613,69,1366316506693,80,80,48,-32
14,32,1366316506669,32,1366316506773,104,56,80,-24
14,79,1366316506774,79,1366316506853,79,105,80,1
14,70,1366316506869,70,1366316506933,64,95,80,16
14,32,1366316506933,32,1366316507021,88,64,88,0
14,84,1366316507037,84,1366316507117,80,104,96,16
14,72,1366316507101,72,1366316507197,96,64,80,-16
14,79,1366316507165,79,1366316507261,96,64,64,-32
14,83,1366316507237,83,1366316507293,56,72,32,-24
14,69,1366316507373,69,1366316507445,72,136,152,80
14,32,1366316507429,32,1366316507517,88,56,72,-16
14,68,1366316507541,68,1366316507645,104,112,128,24
14,65,1366316507621,65,1366316507725,104,80,80,-24
14,89,1366316507677,89,1366316507741,64,56,16,-48
14,83,1366316507821,83,1366316507885,64,144,144,80
14,190,1366316508053,190,1366316508141,88,232,256,168
14,32,1366316508413,32,1366316508485,72,360,344,272
14,32,1366316508573,32,1366316508653,80,160,168,88
14,16,1366316509213,16,1366316510013,800,640,1360,560
14,84,1366316509965,84,1366316510037,72,752,24,-48
14,82,1366316509966,82,1366316510037,71,1,0,-71
14,72,1366316510061,72,1366316510125,64,95,88,24
14,69,1366316510157,69,1366316510229,72,96,104,32
14,8,1366316510389,8,1366316510445,56,232,216,160
14,8,1366316510549,8,1366316510605,56,160,160,104
14,8,1366316510693,8,1366316510757,64,144,152,88
14,72,1366316510853,72,1366316510933,80,160,176,96
14,69,1366316510917,69,1366316510989,72,64,56,-16
14,32,1366316511021,32,1366316511101,80,104,112,32
14,69,1366316511213,69,1366316511285,72,192,184,112
14,88,1366316511389,88,1366316511477,88,176,192,104
14,65,1366316511445,65,1366316511565,120,56,88,-32
14,77,1366316511533,77,1366316511613,80,88,48,-32
14,32,1366316511613,32,1366316511693,80,80,80,0
14,87,1366316511701,87,1366316511805,104,88,112,8
14,69,1366316511853,69,1366316511933,80,152,128,48
14,78,1366316511967,78,1366316512037,70,114,104,34
14,84,1366316512077,84,1366316512157,80,110,120,40
14,32,1366316512181,32,1366316512269,88,104,112,24
14,87,1366316512477,87,1366316512589,112,296,320,208
14,69,1366316512525,69,1366316512621,96,48,32,-64
14,76,1366316512589,76,1366316512661,72,64,40,-32
14,76,1366316512749,76,1366316512813,64,160,152,88
14,190,1366316512933,190,1366316512997,64,184,184,120
14,8,1366316513973,8,1366316514036,63,1040,1039,976
14,188,1366316514109,188,1366316514189,80,136,153,73
14,32,1366316514189,32,1366316514244,55,80,55,0
14,16,1366316514317,16,1366316514917,600,128,673,73
14,65,1366316515741,65,1366316515148,-593,1424,231,824
14,84,1366316515981,84,1366316515381,-600,240,233,833
14,32,1366316516004,32,1366316515468,-536,23,87,623
14,190,1366316517757,190,1366316517820,63,1753,2352,2289
14,32,1366316517964,32,1366316518012,48,207,192,144
14,32,1366316518100,32,1366316518188,88,136,176,88
14,222,1366316518612,222,1366316518668,56,512,480,424
14,77,1366316518812,77,1366316518892,80,200,224,144
14,32,1366316518924,32,1366316519044,120,112,152,32
14,76,1366316519020,76,1366316519117,97,96,73,-24
14,79,1366316519213,79,1366316519277,64,193,160,96
14,79,1366316519374,79,1366316519461,87,161,184,97
14,75,1366316519461,75,1366316519525,64,87,64,0
14,73,1366316519605,73,1366316519669,64,144,144,80
14,78,1366316519653,78,1366316519741,88,48,72,-16
14,71,1366316519701,71,1366316519789,88,48,48,-40
14,32,1366316519869,32,1366316519973,104,168,184,80
14,87,1366316520069,87,1366316520189,120,200,216,96
14,8,1366316520358,8,1366316520413,55,289,224,169
14,70,1366316520414,70,1366316520485,71,56,72,1
14,79,1366316520518,79,1366316520597,79,104,112,33
14,82,1366316520597,82,1366316520709,112,79,112,0
14,87,1366316520677,87,1366316520805,128,80,96,-32
14,65,1366316520765,65,1366316520941,176,88,136,-40
14,82,1366316520861,82,1366316520957,96,96,16,-80
14,68,1366316521037,68,1366316521101,64,176,144,80
14,32,1366316521101,32,1366316521189,88,64,88,0
14,84,1366316521213,84,1366316521301,88,112,112,24
14,79,1366316521277,79,1366316521357,80,64,56,-24
14,32,1366316521357,32,1366316521445,88,80,88,0
14,84,1366316521421,84,1366316521517,96,64,72,-24
14,72,1366316521533,72,1366316521597,64,112,80,16
14,69,1366316521597,69,1366316521661,64,64,64,0
14,32,1366316521797,32,1366316521869,72,200,208,136
14,69,1366316522117,69,1366316522221,104,320,352,248
14,78,1366316522221,78,1366316522277,56,104,56,0
14,68,1366316522325,68,1366316522390,65,104,113,48
14,32,1366316522390,32,1366316522509,119,65,119,0
14,79,1366316522509,79,1366316522573,64,119,64,0
14,70,1366316522597,70,1366316522645,48,88,72,24
14,32,1366316522758,32,1366316522853,95,161,208,113
14,67,1366316523205,67,1366316523293,88,447,440,352
14,76,1366316523317,76,1366316523389,72,112,96,24
14,65,1366316523430,65,1366316523534,104,113,145,41
14,83,1366316523502,83,1366316523598,96,72,64,-32
14,83,1366316523679,83,1366316523750,71,177,152,81
14,69,1366316523838,69,1366316523910,72,159,160,88
14,83,1366316524006,83,1366316524102,96,168,192,96
14,32,1366316524094,32,1366316524230,136,88,128,-8
14,66,1366316524719,66,1366316524806,87,625,576,489
14,73,1366316524806,73,1366316524870,64,87,64,0
14,71,1366316524910,71,1366316524990,80,104,120,40
14,32,1366316524974,32,1366316525110,136,64,120,-16
14,84,1366316525111,84,1366316525206,95,137,96,1
14,73,1366316525206,73,1366316525286,80,95,80,0
14,77,1366316525286,77,1366316525334,48,80,48,0
14,69,1366316525366,69,1366316525446,80,80,112,32
14,190,1366316525502,190,1366316525550,48,136,104,56
14,32,1366316525726,32,1366316525790,64,224,240,176
14,32,1366316525902,32,1366316525982,80,176,192,112
14,16,1366316526918,16,1366316527686,768,1016,1704,936
14,84,1366316527622,84,1366316527726,104,704,40,-64
14,72,1366316527726,72,1366316527790,64,104,64,0
14,69,1366316527822,69,1366316527926,104,96,136,32
14,78,1366316528270,78,1366316528342,72,448,416,344
14,188,1366316528526,188,1366316528558,32,256,216,184
14,32,1366316528662,32,1366316528742,80,136,184,104
14,32,1366316528934,32,1366316529030,96,272,288,192
14,67,1366316529150,67,1366316529214,64,216,184,120
14,65,1366316529190,65,1366316529302,112,40,88,-24
14,78,1366316529366,78,1366316529438,72,176,136,64
14,32,1366316529526,32,1366316529598,72,160,160,88
14,70,1366316529750,70,1366316529838,88,224,240,152
14,73,1366316529838,73,1366316529934,96,88,96,0
14,78,1366316529894,78,1366316529974,80,56,40,-40
14,65,1366316529998,65,1366316530062,64,104,88,24
14,76,1366316530078,76,1366316530150,72,80,88,16
14,76,1366316530222,76,1366316530286,64,144,136,72
14,89,1366316530326,89,1366316530390,64,104,104,40
14,32,1366316530406,32,1366316530502,96,80,112,16
14,71,1366316530606,71,1366316530670,64,200,168,104
14,69,1366316530710,69,1366316530846,136,104,176,40
14,84,1366316530798,84,1366316530886,88,88,40,-48
14,32,1366316530862,32,1366316530982,120,64,96,-24
14,83,1366316530982,83,1366316531062,80,120,80,0
14,79,1366316531062,79,1366316531174,112,80,112,0
14,77,1366316531134,77,1366316531198,64,72,24,-40
14,69,1366316531174,69,1366316531238,64,40,40,-24
14,32,1366316531262,32,1366316531382,120,88,144,24
14,87,1366316531518,87,1366316531598,80,256,216,136
14,79,1366316531622,79,1366316531686,64,104,88,24
14,82,1366316531686,82,1366316531782,96,64,96,0
14,75,1366316531782,75,1366316531878,96,96,96,0
14,32,1366316531878,32,1366316531958,80,96,80,0
14,87,1366316532006,87,1366316532053,47,128,95,48
14,8,1366316532278,8,1366316532333,55,272,280,225
14,68,1366316532374,68,1366316532430,56,96,97,41
14,79,1366316532462,79,1366316532582,120,88,152,32
14,78,1366316532533,78,1366316532605,72,71,23,-49
14,69,1366316532582,69,1366316532638,56,49,33,-23
14,190,1366316533014,190,1366316533085,71,432,447,376
14,32,1366316533270,32,1366316533334,64,256,249,185
14,32,1366316533477,32,1366316533549,72,207,215,143
14,82,1366316533902,82,1366316533981,79,425,432,353
14,69,1366316533941,69,1366316534037,96,39,56,-40
14,84,1366316534125,84,1366316534181,56,184,144,88
14,84,1366316534269,84,1366316534349,80,144,168,88
14,89,1366316534301,89,1366316534381,80,32,32,-48
14,32,1366316534437,32,1366316534549,112,136,168,56
14,67,1366316534637,67,1366316534726,89,200,177,88
14,82,1366316534837,82,1366316534925,88,200,199,111
14,65,1366316534949,65,1366316535086,137,112,161,24
14,90,1366316535349,90,1366316535469,120,400,383,263
14,89,1366316535574,89,1366316535661,87,225,192,105
14,32,1366316535717,32,1366316535813,96,143,152,56
14,84,1366316535925,84,1366316536021,96,208,208,112
14,72,1366316535989,72,1366316536069,80,64,48,-32
14,65,1366316536093,65,1366316536237,144,104,168,24
14,84,1366316536165,84,1366316536269,104,72,32,-72
14,32,1366316536213,32,1366316536309,96,48,40,-56
14,84,1366316536485,84,1366316536565,80,272,256,176
14,72,1366316536565,72,1366316536638,73,80,73,0
14,69,1366316536638,69,1366316536734,96,73,96,0
14,32,1366316536726,32,1366316536805,79,88,71,-8
14,73,1366316537485,73,1366316537557,72,759,752,680
14,83,1366316537557,83,1366316537621,64,72,64,0
14,84,1366316537685,84,1366316537797,112,128,176,64
14,79,1366316537725,79,1366316537853,128,40,56,-72
14,78,1366316537797,78,1366316537901,104,72,48,-56
14,222,1366316538101,222,1366316538197,96,304,296,200
14,83,1366316538213,83,1366316538286,73,112,89,16
14,32,1366316538286,32,1366316538389,103,73,103,0
14,86,1366316538837,86,1366316538933,96,551,544,448
14,8,1366316539109,8,1366316539181,72,272,248,176
14,70,1366316539285,70,1366316539389,104,176,208,104
14,73,1366316539389,73,1366316539453,64,104,64,0
14,84,1366316539533,84,1366316539589,56,144,136,80
14,8,1366316539965,8,1366316540053,88,432,464,376
14,82,1366316540053,82,1366316540181,128,88,128,0
14,69,1366316540301,69,1366316540365,64,248,184,120
14,68,1366316540461,68,1366316540525,64,160,160,96
14,32,1366316540613,32,1366316540685,72,152,160,88
14,84,1366316540749,84,1366316540837,88,136,152,64
14,72,1366316540861,72,1366316540926,65,112,89,24
14,69,1366316540958,69,1366316541030,72,97,104,32
14,73,1366316541062,73,1366316541134,72,104,104,32
14,82,1366316541150,82,1366316541230,80,88,96,16
14,32,1366316541198,32,1366316541294,96,48,64,-32
14,67,1366316542174,67,1366316542254,80,976,960,880
14,79,1366316542206,79,1366316542270,64,32,16,-48
14,65,1366316542374,65,1366316542494,120,168,224,104
14,67,1366316542878,67,1366316542974,96,504,480,384
14,72,1366316542990,72,1366316543054,64,112,80,16
14,32,1366316543542,32,1366316543654,112,552,600,488
14,84,1366316543806,84,1366316543854,48,264,200,152
14,79,1366316543870,79,1366316543910,40,64,56,16
14,68,1366316544310,68,1366316544422,112,440,512,400
14,65,1366316544382,65,1366316544486,104,72,64,-40
14,89,1366316544438,89,1366316544518,80,56,32,-48
14,190,1366316544790,190,1366316544846,56,352,328,272
14,32,1366316545478,32,1366316545534,56,688,688,632
14,32,1366316545622,32,1366316545718,96,144,184,88
14,16,1366316545718,16,1366316546414,696,96,696,0
14,87,1366316546358,87,1366316546462,104,640,48,-56
14,72,1366316546462,72,1366316546558,96,104,96,0
14,79,1366316546534,79,1366316546614,80,72,56,-24
14,32,1366316546782,32,1366316546878,96,248,264,168
14,65,1366316546878,65,1366316546998,120,96,120,0
14,82,1366316546998,82,1366316547102,104,120,104,0
14,69,1366316547046,69,1366316547150,104,48,48,-56
14,32,1366316547086,32,1366316547182,96,40,32,-64
14,84,1366316547214,84,1366316547294,80,128,112,32
14,72,1366316547270,72,1366316547334,64,56,40,-24
14,69,1366316547310,69,1366316547422,112,40,88,-24
14,89,1366316547446,89,1366316547502,56,136,80,24
14,32,1366316547534,32,1366316547598,64,88,96,32
14,65,1366316547606,65,1366316547686,80,72,88,8
14,8,1366316547918,8,1366316547982,64,312,296,232
14,71,1366316548022,71,1366316548110,88,104,128,40
14,79,1366316548110,79,1366316548198,88,88,88,0
14,79,1366316548326,79,1366316548390,64,216,192,128
14,73,1366316548327,73,1366316548406,79,1,16,-63
14,78,1366316548390,78,1366316548478,88,63,72,-16
14,71,1366316548478,71,1366316548542,64,88,64,0
14,32,1366316548582,32,1366316548710,128,104,168,40
14,8,1366316548854,8,1366316548918,64,272,208,144
14,8,1366316549014,8,1366316549070,56,160,152,96
14,8,1366316549166,8,1366316549222,56,152,152,96
14,8,1366316549310,8,1366316549358,48,144,136,88
14,8,1366316549454,8,1366316549518,64,144,160,96
14,73,1366316549646,73,1366316549742,96,192,224,128
14,78,1366316549718,78,1366316549814,96,72,72,-24
14,71,1366316549782,71,1366316549846,64,64,32,-32
14,32,1366316549910,32,1366316550013,103,128,167,64
14,84,1366316549990,84,1366316550085,95,80,72,-23
14,79,1366316550062,79,1366316550142,80,72,57,-23
14,32,1366316550142,32,1366316550237,95,80,95,0
14,72,1366316550374,72,1366316550438,64,232,201,137
14,73,1366316550573,73,1366316550638,65,199,200,135
14,82,1366316550670,82,1366316550798,128,97,160,32
14,69,1366316550781,69,1366316550878,97,111,80,-17
14,32,1366316550910,32,1366316550997,87,129,119,32
14,65,1366316551029,65,1366316551085,56,119,88,32
14,83,1366316551262,83,1366316551333,71,233,248,177
14,32,1366316551349,32,1366316551429,80,87,96,16
14,65,1366316551453,65,1366316551525,72,104,96,24
14,32,1366316551526,32,1366316551614,88,73,89,1
14,82,1366316551838,82,1366316551949,111,312,335,224
14,69,1366316551886,69,1366316551997,111,48,48,-63
14,80,1366316552021,80,1366316552102,81,135,105,24
14,76,1366316552086,76,1366316552158,72,65,56,-16
14,65,1366316552141,65,1366316552245,104,55,87,-17
14,67,1366316552213,67,1366316552350,137,72,105,-32
14,69,1366316552333,69,1366316552430,97,120,80,-17
14,77,1366316552750,77,1366316552806,56,417,376,320
14,69,1366316552838,69,1366316552917,79,88,111,32
14,78,1366316552933,78,1366316553005,72,95,88,16
14,84,1366316553006,84,1366316553085,79,73,80,1
14,16,1366316553141,16,1366316553269,128,135,184,56
14,191,1366316553205,191,1366316553325,120,64,56,-64
14,32,1366316553877,32,1366316553957,80,672,632,552
14,32,1366316554013,32,1366316554085,72,136,128,56
14,16,1366316554053,16,1366316554245,192,40,160,-32
14,78,1366316554166,78,1366316554245,79,113,0,-79
14,79,1366316554285,79,1366316554365,80,119,120,40
14,32,1366316554613,32,1366316554701,88,328,336,248
14,73,1366316554741,73,1366316554829,88,128,128,40
14,68,1366316554853,68,1366316554909,56,112,80,24
14,69,1366316554989,69,1366316555093,104,136,184,80
14,65,1366316555053,65,1366316555165,112,64,72,-40
14,190,1366316555125,190,1366316555189,64,72,24,-40
15,69,1363628664981,69,1363628665060,79,112,119,40
15,76,1363628665349,76,1363628665420,71,368,360,289
15,76,1363628665492,76,1363628665572,80,143,152,72
15,79,1363628665676,79,1363628665756,80,184,184,104
15,188,1363628665909,188,1363628666004,95,233,248,153
15,13,1363628666276,13,1363628666340,64,367,336,272
15,13,1363628666428,13,1363628666508,80,152,168,88
15,16,1363628666908,16,1363628667196,288,480,688,400
15,74,1363628667164,74,1363628667228,64,256,32,-32
15,72,1363628667166,72,1363628667228,62,2,0,-62
15,79,1363628667276,79,1363628667356,80,110,128,48
15,8,1363628667668,8,1363628667740,72,392,384,312
15,8,1363628667828,8,1363628667876,48,160,136,88
15,8,1363628667948,8,1363628668012,64,120,136,72
15,8,1363628668077,8,1363628668140,63,129,128,65
15,13,1363628668924,13,1363628669004,80,847,864,784
15,16,1363628669244,16,1363628669604,360,320,600,240
15,72,1363628669540,72,1363628669636,96,296,32,-64
15,79,1363628669692,79,1363628669788,96,152,152,56
15,87,1363628669916,87,1363628670012,96,224,224,128
15,32,1363628670140,32,1363628670276,136,224,264,128
15,65,1363628670332,65,1363628670412,80,192,136,56
15,82,1363628670500,82,1363628670556,56,168,144,88
15,69,1363628670644,69,1363628670716,72,144,160,88
15,32,1363628670700,32,1363628670788,88,56,72,-16
15,89,1363628670948,89,1363628671004,56,248,216,160
15,79,1363628671100,79,1363628671188,88,152,184,96
15,85,1363628671156,85,1363628671236,80,56,48,-32
15,16,1363628671676,16,1363628671868,192,520,632,440
15,191,1363628671828,191,1363628671908,80,152,40,-40
15,13,1363628672084,13,1363628672164,80,256,256,176
15,13,1363628672492,13,1363628672572,80,408,408,328
15,16,1363628672748,16,1363628672956,208,256,384,176
15,73,1363628672900,73,1363628672988,88,152,32,-56
15,32,1363628673116,32,1363628673180,64,216,192,128
15,72,1363628673292,72,1363628673380,88,176,200,112
15,65,1363628673380,65,1363628673468,88,88,88,0
15,86,1363628673492,86,1363628673572,80,112,104,24
15,69,1363628673572,69,1363628673652,80,80,80,0
15,32,1363628673692,32,1363628673764,72,120,112,40
15,77,1363628673908,77,1363628673980,72,216,216,144
15,78,1363628673909,78,1363628673980,71,1,0,-71
15,79,1363628673980,79,1363628674076,96,71,96,0
15,84,1363628674044,84,1363628674108,64,64,32,-32
15,8,1363628674460,8,1363628674516,56,416,408,352
15,8,1363628674596,8,1363628674668,72,136,152,80
15,8,1363628674732,8,1363628674796,64,136,128,64
15,8,1363628674860,8,1363628674932,72,128,136,64
15,78,1363628675756,78,1363628675820,64,896,888,824
15,79,1363628675924,79,1363628676052,128,168,232,104
15,84,1363628676084,84,1363628676156,72,160,104,32
15,32,1363628676212,32,1363628676292,80,128,136,56
15,83,1363628676444,83,1363628676532,88,232,240,152
15,69,1363628676620,69,1363628676676,56,176,144,88
15,69,1363628676756,69,1363628676836,80,136,160,80
15,78,1363628676852,78,1363628676916,64,96,80,16
15,32,1363628677012,32,1363628677092,80,160,176,96
15,89,1363628677284,89,1363628677348,64,272,256,192
15,79,1363628677428,79,1363628677540,112,144,192,80
15,85,1363628677484,85,1363628677564,80,56,24,-56
15,32,1363628677676,32,1363628677780,104,192,216,112
15,70,1363628677780,70,1363628677836,56,104,56,0
15,79,1363628677884,79,1363628677948,64,104,112,48
15,82,1363628677948,82,1363628678028,80,64,80,0
15,32,1363628678045,32,1363628678140,95,97,112,17
15,32,1363628678268,32,1363628678380,112,223,240,128
15,8,1363628679132,8,1363628679203,71,864,823,752
15,65,1363628679364,65,1363628679452,88,232,249,161
15,32,1363628679524,32,1363628679620,96,160,168,72
15,87,1363628679788,87,1363628679860,72,264,240,168
15,72,1363628679988,72,1363628680068,80,200,208,128
15,73,1363628680068,73,1363628680179,111,80,111,0
15,76,1363628680332,76,1363628680427,95,264,248,153
15,69,1363628680467,69,1363628680547,80,135,120,40
15,190,1363628680643,190,1363628680723,80,176,176,96
15,32,1363628680916,32,1363628681019,103,273,296,193
15,16,1363628681163,16,1363628681379,216,247,360,144
15,73,1363628681323,73,1363628681403,80,160,24,-56
15,32,1363628681563,32,1363628681659,96,240,256,160
15,72,1363628681780,72,1363628681860,80,217,201,121
15,65,1363628681860,65,1363628681931,71,80,71,0
15,86,1363628681971,86,1363628682060,89,111,129,40
15,69,1363628682060,69,1363628682148,88,89,88,0
15,32,1363628682149,32,1363628682228,79,89,80,1
15,66,1363628682332,66,1363628682420,88,183,192,104
15,69,1363628682468,69,1363628682524,56,136,104,48
15,69,1363628682612,69,1363628682708,96,144,184,88
15,78,1363628682748,78,1363628682820,72,136,112,40
15,32,1363628682908,32,1363628682988,80,160,168,88
15,68,1363628683012,68,1363628683116,104,104,128,24
15,79,1363628683892,79,1363628683964,72,880,848,776
15,73,1363628684116,73,1363628684260,144,224,296,152
15,78,1363628684172,78,1363628684261,89,56,1,-88
15,71,1363628684372,71,1363628684444,72,200,183,111
15,32,1363628684564,32,1363628684644,80,192,200,120
15,79,1363628684852,79,1363628684932,80,288,288,208
15,75,1363628684900,75,1363628685028,128,48,96,-32
15,32,1363628685485,32,1363628685564,79,585,536,457
15,82,1363628685684,82,1363628685756,72,199,192,120
15,69,1363628685844,69,1363628685908,64,160,152,88
15,67,1363628686060,67,1363628686188,128,216,280,152
15,69,1363628686148,69,1363628686276,128,88,88,-40
15,78,1363628686332,78,1363628686412,80,184,136,56
15,84,1363628686468,84,1363628686548,80,136,136,56
15,76,1363628686636,76,1363628686724,88,168,176,88
15,89,1363628686908,89,1363628686972,64,272,248,184
15,190,1363628687244,190,1363628687300,56,336,328,272
15,32,1363628687788,32,1363628687884,96,544,584,488
15,16,1363628688044,16,1363628688228,184,256,344,160
15,84,1363628688172,84,1363628688260,88,128,32,-56
15,72,1363628688436,72,1363628688580,144,264,320,176
15,73,1363628688644,73,1363628688804,160,208,224,64
15,78,1363628688716,78,1363628688820,104,72,16,-88
15,71,1363628688964,71,1363628689052,88,248,232,144
15,83,1363628689532,83,1363628689636,104,568,584,480
15,32,1363628689676,32,1363628689748,72,144,112,40
15,72,1363628689868,72,1363628689964,96,192,216,120
15,65,1363628689996,65,1363628690076,80,128,112,32
15,86,1363628690204,86,1363628690284,80,208,208,128
15,69,1363628690300,69,1363628690396,96,96,112,16
15,32,1363628690460,32,1363628690556,96,160,160,64
15,66,1363628690676,66,1363628690764,88,216,208,120
15,69,1363628690828,69,1363628690876,48,152,112,64
15,69,1363628690956,69,1363628691060,104,128,184,80
15,78,1363628691076,78,1363628691148,72,120,88,16
15,32,1363628691244,32,1363628691324,80,168,176,96
15,77,1363628691564,77,1363628691708,144,320,384,240
15,8,1363628692316,8,1363628692396,80,752,688,608
15,73,1363628694068,73,1363628694164,96,1752,1768,1672
15,77,1363628694260,77,1363628694348,88,192,184,96
15,80,1363628694468,80,1363628694548,80,208,200,120
15,82,1363628694900,82,1363628694972,72,432,424,352
15,79,1363628695076,79,1363628695140,64,176,168,104
15,86,1363628695412,86,1363628695500,88,336,360,272
15,69,1363628695516,69,1363628695612,96,104,112,16
15,8,1363628696476,8,1363628696564,88,960,952,864
15,73,1363628696852,73,1363628696988,136,376,424,288
15,78,1363628696948,78,1363628697036,88,96,48,-40
15,71,1363628697156,71,1363628697236,80,208,200,120
15,32,1363628697940,32,1363628698084,144,784,848,704
15,79,1363628698868,79,1363628698971,103,928,887,784
15,86,1363628699172,86,1363628699267,95,304,296,201
15,69,1363628699227,69,1363628699339,112,55,72,-40
15,82,1363628699403,82,1363628699531,128,176,192,64
15,32,1363628699515,32,1363628699644,129,112,113,-16
15,84,1363628699700,84,1363628699788,88,185,144,56
15,72,1363628699829,72,1363628699892,63,129,104,41
15,69,1363628699972,69,1363628700085,113,143,193,80
15,32,1363628700196,32,1363628700380,184,224,295,111
15,68,1363628700604,68,1363628700724,120,408,344,224
15,65,1363628700732,65,1363628700820,88,128,96,8
15,84,1363628700868,84,1363628700956,88,136,136,48
15,83,1363628701068,83,1363628701164,96,200,208,112
15,8,1363628701828,8,1363628701900,72,760,736,664
15,8,1363628702044,8,1363628702164,120,216,264,144
15,89,1363628702501,89,1363628702564,63,457,400,337
15,83,1363628702596,83,1363628702684,88,95,120,32
15,190,1363628703948,190,1363628704012,64,1352,1328,1264
15,32,1363628704156,32,1363628704308,152,208,296,144
15,16,1363628704844,16,1363628705012,168,688,704,536
15,70,1363628704964,70,1363628705052,88,120,40,-48
15,79,1363628705196,79,1363628705284,88,232,232,144
15,82,1363628705324,82,1363628705420,96,128,136,40
15,32,1363628705420,32,1363628705540,120,96,120,0
15,69,1363628705604,69,1363628705685,81,184,145,64
15,88,1363628705788,88,1363628705860,72,184,175,103
15,65,1363628706004,65,1363628706076,72,216,216,144
15,77,1363628706140,77,1363628706244,104,136,168,64
15,80,1363628706444,80,1363628706532,88,304,288,200
15,76,1363628706732,76,1363628706844,112,288,312,200
15,69,1363628706892,69,1363628706972,80,160,128,48
15,188,1363628707012,188,1363628707108,96,120,136,40
15,32,1363628707228,32,1363628707340,112,216,232,120
15,82,1363628708068,82,1363628708156,88,840,816,728
15,73,1363628708268,73,1363628708364,96,200,208,112
15,71,1363628708540,71,1363628708660,120,272,296,176
15,72,1363628708628,72,1363628708772,144,88,112,-32
15,84,1363628708700,84,1363628708772,72,72,0,-72
15,32,1363628708828,32,1363628708940,112,128,168,56
15,78,1363628709076,78,1363628709140,64,248,200,136
15,79,1363628709092,79,1363628709204,112,16,64,-48
15,87,1363628709204,87,1363628709260,56,112,56,0
15,32,1363628709732,32,1363628709844,112,528,584,472
15,16,1363628709972,16,1363628710188,216,240,344,128
15,73,1363628710140,73,1363628710236,96,168,48,-48
15,32,1363628710380,32,1363628710524,144,240,288,144
15,67,1363628710524,67,1363628710636,112,144,112,0
15,65,1363628710596,65,1363628710692,96,72,56,-40
15,78,1363628710732,78,1363628710812,80,136,120,40
15,32,1363628710924,32,1363628711044,120,192,232,112
15,83,1363628712916,83,1363628712996,80,1992,1952,1872
15,84,1363628713068,84,1363628713164,96,152,168,72
15,65,1363628713164,65,1363628713278,114,96,114,0
15,82,1363628713380,82,1363628713444,64,216,166,102
15,84,1363628713548,84,1363628713612,64,168,168,104
15,32,1363628714054,32,1363628714164,110,506,552,442
15,65,1363628714220,65,1363628714308,88,166,144,56
15,32,1363628714308,32,1363628714460,152,88,152,0
15,78,1363628714716,78,1363628714804,88,408,344,256
15,69,1363628714804,69,1363628714868,64,88,64,0
15,87,1363628714964,87,1363628715036,72,160,168,96
15,32,1363628715060,32,1363628715155,95,96,119,24
15,73,1363628715276,73,1363628715372,96,216,217,121
15,68,1363628715372,68,1363628715419,47,96,47,0
15,69,1363628715508,69,1363628715612,104,136,193,89
15,65,1363628715612,65,1363628715740,128,104,128,0
15,32,1363628715924,32,1363628716059,135,312,319,184
15,65,1363628716187,65,1363628716323,136,263,264,128
15,78,1363628716340,78,1363628716443,103,153,120,17
15,68,1363628716452,68,1363628716571,119,112,128,9
15,32,1363628716587,32,1363628716707,120,135,136,16
15,68,1363628717684,68,1363628717740,56,1097,1033,977
15,69,1363628717836,69,1363628717916,80,152,176,96
15,86,1363628718093,86,1363628718164,71,257,248,177
15,69,1363628718228,69,1363628718332,104,135,168,64
15,76,1363628719228,76,1363628719292,64,1000,960,896
15,80,1363628719404,80,1363628719500,96,176,208,112
15,8,1363628719948,8,1363628720020,72,544,520,448
15,79,1363628720228,79,1363628720300,72,280,280,208
15,80,1363628720404,80,1363628720484,80,176,184,104
15,32,1363628720892,32,1363628720972,80,488,488,408
15,73,1363628721092,73,1363628721188,96,200,216,120
15,84,1363628721204,84,1363628721284,80,112,96,16
15,32,1363628721332,32,1363628721420,88,128,136,48
15,87,1363628721468,87,1363628721564,96,136,144,48
15,73,1363628721564,73,1363628721660,96,96,96,0
15,84,1363628721692,84,1363628721756,64,128,96,32
15,72,1363628721756,72,1363628721844,88,64,88,0
15,32,1363628721964,32,1363628722052,88,208,208,120
15,77,1363628722188,77,1363628722252,64,224,200,136
15,89,1363628722396,89,1363628722484,88,208,232,144
15,32,1363628722604,32,1363628722724,120,208,240,120
15,83,1363628722844,83,1363628722916,72,240,192,120
15,84,1363628723084,84,1363628723172,88,240,256,168
15,85,1363628723236,85,1363628723340,104,152,168,64
15,68,1363628723316,68,1363628723404,88,80,64,-24
15,69,1363628723492,69,1363628723643,151,176,239,88
15,78,1363628723523,78,1363628723643,120,31,0,-120
15,84,1363628723755,84,1363628723851,96,232,208,112
15,83,1363628723987,83,1363628724075,88,232,224,136
15,190,1363628724763,190,1363628724819,56,776,744,688
15,32,1363628724971,32,1363628725059,88,208,240,152
15,16,1363628725659,16,1363628725923,264,688,864,600
15,65,1363628725819,65,1363628725947,128,160,24,-104
15,78,1363628726052,78,1363628726139,87,233,192,105
15,68,1363628726140,68,1363628726235,95,88,96,1
15,32,1363628726251,32,1363628726347,96,111,112,16
15,16,1363628726459,16,1363628726627,168,208,280,112
15,73,1363628726571,73,1363628726667,96,112,40,-56
15,32,1363628726787,32,1363628726891,104,216,224,120
15,67,1363628726867,67,1363628726995,128,80,104,-24
15,65,1363628727411,65,1363628727523,112,544,528,416
15,78,1363628727571,78,1363628727643,72,160,120,48
15,32,1363628727747,32,1363628727843,96,176,200,104
15,65,1363628727955,65,1363628728051,96,208,208,112
15,76,1363628728075,76,1363628728163,88,120,112,24
15,83,1363628728195,83,1363628728291,96,120,128,32
15,79,1363628728307,79,1363628728403,96,112,112,16
15,190,1363628728995,190,1363628729083,88,688,680,592
15,13,1363628730539,13,1363628730619,80,1544,1536,1456
15,13,1363628730987,13,1363628731083,96,448,464,368
15,84,1363628732635,84,1363628732723,88,1648,1640,1552
15,72,1363628732859,72,1363628732931,72,224,208,136
15,65,1363628732963,65,1363628733051,88,104,120,32
15,78,1363628733051,78,1363628733179,128,88,128,0
15,75,1363628733107,75,1363628733251,144,56,72,-72
15,83,1363628733219,83,1363628733315,96,112,64,-32
15,32,1363628733371,32,1363628733475,104,152,160,56
15,89,1363628733634,89,1363628733691,57,263,216,159
15,79,1363628733795,79,1363628733890,95,161,199,104
15,85,1363628733866,85,1363628733938,72,71,48,-24
15,190,1363628734466,190,1363628734554,88,600,616,528
15,13,1363628734715,13,1363628734795,80,249,241,161
15,16,1363628735259,16,1363628735507,248,544,712,464
15,84,1363628735427,84,1363628735508,81,168,1,-80
15,65,1363628735643,65,1363628735732,89,216,224,135
15,76,1363628735772,76,1363628735835,63,129,103,40
15,75,1363628735939,75,1363628736019,80,167,184,104
15,32,1363628736075,32,1363628736203,128,136,184,56
15,84,1363628736204,84,1363628736283,79,129,80,1
15,79,1363628736283,79,1363628736339,56,79,56,0
15,32,1363628736411,32,1363628736507,96,128,168,72
15,89,1363628736651,89,1363628736699,48,240,192,144
15,79,1363628736779,79,1363628736891,112,128,192,80
15,85,1363628736851,85,1363628736907,56,72,16,-40
15,32,1363628737043,32,1363628737115,72,192,208,136
15,83,1363628737115,83,1363628737195,80,72,80,0
15,79,1363628737243,79,1363628737299,56,128,104,48
15,79,1363628737387,79,1363628737475,88,144,176,88
15,78,1363628737595,78,1363628737675,80,208,200,120
15,190,1363628738243,190,1363628738331,88,648,656,568
15,13,1363628738611,13,1363628738683,72,368,352,280
15,13,1363628738803,13,1363628738835,32,192,152,120
15,16,1363628739179,16,1363628739395,216,376,560,344
15,88,1363628739307,88,1363628739395,88,128,0,-88
15,73,1363628739547,73,1363628739603,56,240,208,152
15,65,1363628739548,65,1363628739627,79,1,24,-55
15,79,1363628739707,79,1363628739795,88,159,168,80
15,77,1363628739796,77,1363628739899,103,89,104,1
15,73,1363628739899,73,1363628740011,112,103,112,0
15,78,1363628739979,78,1363628740059,80,80,48,-32
15,71,1363628740155,71,1363628740227,72,176,168,96
15,13,1363628740459,13,1363628740555,96,304,328,232
15,72,1363899414464,72,1363899414568,104,249,48,-56
15,73,1363899414672,73,1363899414744,72,208,176,104
15,188,1363899415136,188,1363899415224,88,464,480,392
15,13,1363899415408,13,1363899415472,64,272,248,184
15,13,1363899415560,13,1363899415632,72,152,160,88
15,16,1363899417128,16,1363899417440,312,1568,1808,1496
15,72,1363899417392,72,1363899417528,136,264,88,-48
15,79,1363899417544,79,1363899417656,112,152,128,16
15,87,1363899417696,87,1363899417768,72,152,112,40
15,32,1363899417800,32,1363899417928,128,104,160,32
15,65,1363899417952,65,1363899418048,96,152,120,24
15,82,1363899418128,82,1363899418200,72,176,152,80
15,69,1363899418288,69,1363899418400,112,160,200,88
15,32,1363899418312,32,1363899418473,161,24,73,-88
15,89,1363899418960,89,1363899419032,72,648,559,487
15,79,1363899419112,79,1363899419208,96,152,176,80
15,85,1363899419160,85,1363899419240,80,48,32,-48
15,16,1363899419496,16,1363899419632,136,336,392,256
15,191,1363899419544,191,1363899419704,160,48,72,-88
15,32,1363899420408,32,1363899420480,72,864,776,704
15,16,1363899421000,16,1363899421544,544,592,1064,520
15,84,1363899421464,84,1363899421544,80,464,0,-80
15,72,1363899421776,72,1363899421880,104,312,336,232
15,73,1363899421848,73,1363899421992,144,72,112,-32
15,83,1363899422016,83,1363899422120,104,168,128,24
15,32,1363899422616,32,1363899422736,120,600,616,496
15,87,1363899422912,87,1363899422992,80,296,256,176
15,69,1363899423080,69,1363899423144,64,168,152,88
15,69,1363899423232,69,1363899423328,96,152,184,88
15,75,1363899423376,75,1363899423488,112,144,160,48
15,32,1363899424576,32,1363899424688,112,1200,1200,1088
15,84,1363899424871,84,1363899424943,72,295,255,183
15,72,1363899424959,72,1363899425064,105,88,121,16
15,73,1363899425064,73,1363899425223,159,105,159,0
15,78,1363899425191,78,1363899425263,72,127,40,-32
15,71,1363899425375,71,1363899425455,80,184,192,112
15,83,1363899425968,83,1363899426048,80,593,593,513
15,32,1363899426088,32,1363899426167,79,120,119,40
15,72,1363899426279,72,1363899426368,89,191,201,112
15,65,1363899426400,65,1363899426495,95,121,127,32
15,86,1363899427135,86,1363899427223,88,735,728,640
15,69,1363899427319,69,1363899427423,104,184,200,96
15,32,1363899427855,32,1363899427943,88,536,520,432
15,66,1363899428159,66,1363899428223,64,304,280,216
15,8,1363899428719,8,1363899428783,64,560,560,496
15,66,1363899430783,66,1363899430871,88,2064,2088,2000
15,69,1363899431023,69,1363899431079,56,240,208,152
15,69,1363899431159,69,1363899431247,88,136,168,80
15,78,1363899431279,78,1363899431359,80,120,112,32
15,32,1363899431471,32,1363899431591,120,192,232,112
15,71,1363899432384,71,1363899432456,72,913,865,793
15,79,1363899432632,79,1363899432696,64,248,240,176
15,73,1363899432848,73,1363899432976,128,216,280,152
15,78,1363899432936,78,1363899433024,88,88,48,-40
15,71,1363899433152,71,1363899433232,80,216,208,128
15,32,1363899433600,32,1363899433736,136,448,504,368
15,79,1363899433880,79,1363899433968,88,280,232,144
15,78,1363899433936,78,1363899434040,104,56,72,-32
15,32,1363899434144,32,1363899434248,104,208,208,104
15,80,1363899434376,80,1363899434480,104,232,232,128
15,82,1363899434512,82,1363899434576,64,136,96,32
15,69,1363899434672,69,1363899434768,96,160,192,96
15,84,1363899434920,84,1363899434984,64,248,216,152
15,84,1363899435048,84,1363899435129,81,128,145,64
15,89,1363899435232,89,1363899435304,72,184,175,103
15,32,1363899435408,32,1363899435528,120,176,224,104
15,87,1363899435544,87,1363899435696,152,136,168,16
15,69,1363899435672,69,1363899435784,112,128,88,-24
15,76,1363899435840,76,1363899435920,80,168,136,56
15,76,1363899436008,76,1363899436088,80,168,168,88
15,32,1363899436176,32,1363899436280,104,168,192,88
15,70,1363899436328,70,1363899436408,80,152,128,48
15,79,1363899436408,79,1363899436496,88,80,88,0
15,82,1363899436520,82,1363899436624,104,112,128,24
15,32,1363899436608,32,1363899436720,112,88,96,-16
15,77,1363899436848,77,1363899436920,72,240,200,128
15,89,1363899437136,89,1363899437200,64,288,280,216
15,32,1363899437360,32,1363899437432,72,224,232,160
15,70,1363899437496,70,1363899437552,56,136,120,64
15,65,1363899437624,65,1363899437744,120,128,192,72
15,77,1363899437800,77,1363899437968,168,176,224,56
15,73,1363899437912,73,1363899438016,104,112,48,-56
15,76,1363899438136,76,1363899438232,96,224,216,120
15,89,1363899438416,89,1363899438496,80,280,264,184
15,190,1363899438784,190,1363899438880,96,368,384,288
15,32,1363899439472,32,1363899439568,96,688,688,592
15,16,1363899440424,16,1363899440921,497,952,1353,856
15,77,1363899440856,77,1363899440952,96,432,31,-65
15,89,1363899441168,89,1363899441240,72,312,288,216
15,32,1363899441360,32,1363899441456,96,192,216,120
15,83,1363899441456,83,1363899441552,96,96,96,0
15,79,1363899441584,79,1363899441672,88,128,120,32
15,78,1363899441648,78,1363899441720,72,64,48,-24
15,32,1363899441824,32,1363899441888,64,176,168,104
15,74,1363899441984,74,1363899442063,79,160,175,96
15,85,1363899442215,85,1363899442288,73,231,225,152
15,83,1363899442256,83,1363899442344,88,41,56,-32
15,84,1363899442472,84,1363899442560,88,216,216,128
15,32,1363899442664,32,1363899442784,120,192,224,104
15,72,1363899442983,72,1363899443079,96,319,295,199
15,65,1363899443159,65,1363899443231,72,176,152,80
15,68,1363899443287,68,1363899443375,88,128,144,56
15,32,1363899443415,32,1363899443511,96,128,136,40
15,72,1363899443647,72,1363899443767,120,232,256,136
15,73,1363899443768,73,1363899443904,136,121,137,1
15,83,1363899443904,83,1363899443968,64,136,64,0
15,32,1363899444055,32,1363899444151,96,151,183,87
15,52,1363899444991,52,1363899445071,80,936,920,840
15,32,1363899445239,32,1363899445359,120,248,288,168
15,89,1363899445623,89,1363899445711,88,384,352,264
15,69,1363899445751,69,1363899445919,168,128,208,40
15,65,1363899445975,65,1363899446071,96,224,152,56
15,82,1363899446031,82,1363899446132,101,56,61,-40
15,83,1363899446415,83,1363899446535,120,384,403,283
15,32,1363899447039,32,1363899447159,120,624,624,504
15,66,1363899447536,66,1363899447623,87,497,464,377
15,73,1363899448327,73,1363899448439,112,791,816,704
15,82,1363899448503,82,1363899448575,72,176,136,64
15,84,1363899448719,84,1363899448791,72,216,216,144
15,72,1363899448839,72,1363899448919,80,120,128,48
15,68,1363899448983,68,1363899449079,96,144,160,64
15,65,1363899449055,65,1363899449136,81,72,57,-24
15,89,1363899449199,89,1363899449271,72,144,135,63
15,190,1363899450192,190,1363899450296,104,993,1025,921
15,32,1363899450592,32,1363899450640,48,400,344,296
15,16,1363899451008,16,1363899451280,272,416,640,368
15,65,1363899451192,65,1363899451280,88,184,0,-88
15,65,1363899451656,65,1363899451704,48,464,424,376
15,82,1363899451856,82,1363899451920,64,200,216,152
15,79,1363899452032,79,1363899452128,96,176,208,112
15,78,1363899452112,78,1363899452200,88,80,72,-16
15,32,1363899452296,32,1363899452416,120,184,216,96
15,87,1363899452448,87,1363899452504,56,152,88,32
15,65,1363899452544,65,1363899452672,128,96,168,40
15,83,1363899452712,83,1363899452776,64,168,104,40
15,32,1363899452808,32,1363899452904,96,96,128,32
15,86,1363899453096,86,1363899453184,88,288,280,192
15,69,1363899453224,69,1363899453304,80,128,120,40
15,82,1363899453368,82,1363899453464,96,144,160,64
15,89,1363899453488,89,1363899453568,80,120,104,24
15,32,1363899453704,32,1363899453800,96,216,232,136
15,72,1363899453928,72,1363899454008,80,224,208,128
15,65,1363899454032,65,1363899454112,80,104,104,24
15,80,1363899454640,80,1363899454712,72,608,600,528
15,80,1363899454801,80,1363899454888,87,161,176,89
15,89,1363899455144,89,1363899455224,80,343,336,256
15,32,1363899455360,32,1363899455456,96,216,232,136
15,84,1363899455520,84,1363899455592,72,160,136,64
15,72,1363899455592,72,1363899455680,88,72,88,0
15,65,1363899455728,65,1363899455792,64,136,112,48
15,84,1363899455832,84,1363899455904,72,104,112,40
15,32,1363899456040,32,1363899456152,112,208,248,136
15,66,1363899456680,66,1363899456744,64,640,592,528
15,84,1363899456984,84,1363899457056,72,304,312,240
15,8,1363899458000,8,1363899458064,64,1016,1008,944
15,79,1363899458408,79,1363899458472,64,408,408,344
15,84,1363899458768,84,1363899458896,128,360,424,296
15,72,1363899459096,72,1363899459177,81,328,281,200
15,32,1363899459288,32,1363899459408,120,192,231,111
15,71,1363899459704,71,1363899459792,88,416,384,296
15,82,1363899459792,82,1363899459848,56,88,56,0
15,65,1363899459960,65,1363899460032,72,168,184,112
15,78,1363899460391,78,1363899460463,72,431,431,359
15,68,1363899460511,68,1363899460607,96,120,144,48
15,32,1363899461039,32,1363899461136,97,528,529,432
15,8,1363899461946,8,1363899462007,61,907,871,810
15,80,1363899462399,80,1363899462479,80,453,472,392
15,65,1363899462511,65,1363899462575,64,112,96,32
15,82,1363899462719,82,1363899462823,104,208,248,144
15,69,1363899463175,69,1363899463271,96,456,448,352
15,78,1363899463335,78,1363899463423,88,160,152,64
15,84,1363899463423,84,1363899463495,72,88,72,0
15,83,1363899463679,83,1363899463735,56,256,240,184
15,32,1363899463807,32,1363899463911,104,128,176,72
15,65,1363899463975,65,1363899464071,96,168,160,64
15,82,1363899464167,82,1363899464231,64,192,160,96
15,69,1363899464327,69,1363899464399,72,160,168,96
15,32,1363899464399,32,1363899464551,152,72,152,0
15,87,1363899464919,87,1363899464999,80,520,448,368
15,73,1363899465015,73,1363899465111,96,96,112,16
15,84,1363899465111,84,1363899465199,88,96,88,0
15,72,1363899465199,72,1363899465271,72,88,72,0
15,32,1363899465391,32,1363899465487,96,192,216,120
15,72,1363899465815,72,1363899465887,72,424,400,328
15,73,1363899466423,73,1363899466535,112,608,648,536
15,77,1363899466599,77,1363899466735,136,176,200,64
15,32,1363899466832,32,1363899466936,104,233,201,97
15,70,1363899466936,70,1363899467000,64,104,64,0
15,79,1363899467024,79,1363899467120,96,88,120,24
15,82,1363899467128,82,1363899467200,72,104,80,8
15,32,1363899467216,32,1363899467304,88,88,104,16
15,84,1363899467305,84,1363899467376,71,89,72,1
15,72,1363899467401,72,1363899467488,87,96,112,25
15,69,1363899467488,69,1363899467584,96,87,96,0
15,32,1363899467584,32,1363899467666,82,96,82,0
15,66,1363899467752,66,1363899467848,96,168,182,86
15,73,1363899468000,73,1363899468096,96,248,248,152
15,82,1363899468192,82,1363899468288,96,192,192,96
15,84,1363899468432,84,1363899468512,80,240,224,144
15,72,1363899468536,72,1363899468616,80,104,104,24
15,68,1363899468712,68,1363899468808,96,176,192,96
15,65,1363899468784,65,1363899468872,88,72,64,-24
15,84,1363899468944,84,1363899468992,48,160,120,72
15,8,1363899469672,8,1363899469728,56,728,736,680
15,89,1363899469992,89,1363899470056,64,320,328,264
15,190,1363899470512,190,1363899470584,72,520,528,456
15,32,1363899470704,32,1363899470848,144,192,264,120
15,16,1363899471008,16,1363899471200,192,304,352,160
15,73,1363899471152,73,1363899471232,80,144,32,-48
15,32,1363899471368,32,1363899471464,96,216,232,136
15,65,1363899471480,65,1363899471552,72,112,88,16
15,76,1363899471584,76,1363899471656,72,104,104,32
15,83,1363899471696,83,1363899471784,88,112,128,40
15,79,1363899471800,79,1363899471872,72,104,88,16
15,32,1363899471984,32,1363899472088,104,184,216,112
15,66,1363899472272,66,1363899472368,96,288,280,184
15,79,1363899472488,79,1363899472616,128,216,248,120
15,85,1363899472584,85,1363899472656,72,96,40,-32
15,71,1363899472808,71,1363899472888,80,224,232,152
15,72,1363899472864,72,1363899473008,144,56,120,-24
15,84,1363899473008,84,1363899473096,88,144,88,0
15,32,1363899473136,32,1363899473223,87,128,127,40
15,83,1363899473295,83,1363899473375,80,159,152,72
15,79,1363899473391,79,1363899473503,112,96,128,16
15,77,1363899473479,77,1363899473575,96,88,72,-24
15,69,1363899473535,69,1363899473615,80,56,40,-40
15,32,1363899473719,32,1363899473767,48,184,152,104
15,78,1363899475479,78,1363899475591,112,1760,1824,1712
15,8,1363899476199,8,1363899476263,64,720,672,608
15,83,1363899476351,83,1363899476439,88,152,176,88
15,78,1363899476471,78,1363899476559,88,120,120,32
15,65,1363899476615,65,1363899476695,80,144,136,56
15,67,1363899476863,67,1363899476943,80,248,248,168
15,75,1363899477039,75,1363899477087,48,176,144,96
15,83,1363899477607,83,1363899477687,80,568,600,520
15,32,1363899477751,32,1363899477862,111,144,175,64
15,84,1363899477910,84,1363899477990,80,159,128,48
15,79,1363899478023,79,1363899478055,32,113,65,33
15,32,1363899478182,32,1363899478278,96,159,223,127
15,84,1363899478310,84,1363899478358,48,128,80,32
15,72,1363899478398,72,1363899478470,72,88,112,40
15,69,1363899478502,69,1363899478550,48,104,80,32
15,32,1363899478582,32,1363899478702,120,80,152,32
15,68,1363899478710,68,1363899478799,89,128,97,8
15,65,1363899478799,65,1363899478878,79,89,79,0
15,89,1363899478934,89,1363899479022,88,135,144,56
15,67,1363899479406,67,1363899479542,136,472,520,384
15,65,1363899479510,65,1363899479606,96,104,64,-32
15,82,1363899479686,82,1363899479750,64,176,144,80
15,69,1363899479831,69,1363899479926,95,145,176,81
15,32,1363899479951,32,1363899480070,119,120,144,25
15,84,1363899480294,84,1363899480366,72,343,296,224
15,79,1363899480398,79,1363899480478,80,104,112,32
15,32,1363899480598,32,1363899480694,96,200,216,120
15,83,1363899480766,83,1363899480862,96,168,168,72
15,72,1363899480822,72,1363899480918,96,56,56,-40
15,65,1363899480990,65,1363899481070,80,168,152,72
15,82,1363899481134,82,1363899481214,80,144,144,64
15,69,1363899481398,69,1363899481543,145,264,329,184
15,32,1363899481734,32,1363899481838,104,336,295,191
15,87,1363899482062,87,1363899482158,96,328,320,224
15,73,1363899482207,73,1363899482326,119,145,168,49
15,84,1363899482278,84,1363899482366,88,71,40,-48
15,72,1363899482414,72,1363899482494,80,136,128,48
15,32,1363899482606,32,1363899482710,104,192,216,112
15,72,1363899482862,72,1363899482990,128,256,280,152
15,73,1363899482966,73,1363899483102,136,104,112,-24
15,83,1363899483102,83,1363899483190,88,136,88,0
15,32,1363899483278,32,1363899483390,112,176,200,88
15,70,1363899483462,70,1363899483518,56,184,128,72
15,82,1363899483614,82,1363899483679,65,152,161,96
15,73,1363899484182,73,1363899484254,72,568,575,503
15,69,1363899484351,69,1363899484423,72,169,169,97
15,78,1363899484487,78,1363899484575,88,136,152,64
15,68,1363899484575,68,1363899484655,80,88,80,0
15,83,1363899484831,83,1363899484895,64,256,240,176
15,190,1363899485559,190,1363899485647,88,728,752,664
15,32,1363899485871,32,1363899485975,104,312,328,224
15,16,1363899488007,16,1363899488231,224,2136,2256,2032
15,79,1363899488167,79,1363899488255,88,160,24,-64
15,86,1363899488519,86,1363899488615,96,352,360,264
15,69,1363899488679,69,1363899488775,96,160,160,64
15,82,1363899488855,82,1363899488935,80,176,160,80
15,32,1363899488999,32,1363899489127,128,144,192,64
15,84,1363899489151,84,1363899489231,80,152,104,24
15,72,1363899489271,72,1363899489383,112,120,152,40
15,73,1363899489343,73,1363899489455,112,72,72,-40
15,83,1363899489407,83,1363899489503,96,64,48,-48
15,32,1363899489559,32,1363899489687,128,152,184,56
15,87,1363899489687,87,1363899489767,80,128,80,0
15,69,1363899489839,69,1363899489919,80,152,152,72
15,69,1363899489999,69,1363899490119,120,160,200,80
15,75,1363899490103,75,1363899490207,104,104,88,-16
15,69,1363899490639,69,1363899490711,72,536,504,432
15,78,1363899490751,78,1363899490855,104,112,144,40
15,68,1363899490855,68,1363899490967,112,104,112,0
15,32,1363899490967,32,1363899491095,128,112,128,0
15,87,1363899491279,87,1363899491399,120,312,304,184
15,69,1363899491367,69,1363899491487,120,88,88,-32
15,32,1363899491455,32,1363899491591,136,88,104,-32
15,80,1363899491735,80,1363899491783,48,280,192,144
15,76,1363899491927,76,1363899492007,80,192,224,144
15,65,1363899492047,65,1363899492159,112,120,152,40
15,78,1363899492207,78,1363899492287,80,160,128,48
15,32,1363899492407,32,1363899492543,136,200,256,120
15,84,1363899492567,84,1363899492663,96,160,120,24
15,8,1363899493151,8,1363899493239,88,584,576,488
15,65,1363899493799,65,1363899493879,80,648,640,560
15,8,1363899494191,8,1363899494287,96,392,408,312
15,84,1363899494439,84,1363899494511,72,248,224,152
15,79,1363899495310,79,1363899495391,81,871,880,799
15,32,1363899495503,32,1363899495615,112,193,224,112
15,72,1363899495742,72,1363899495806,64,239,191,127
15,65,1363899495838,65,1363899495910,72,96,104,32
15,86,1363899495935,86,1363899496031,96,97,121,25
15,69,1363899496031,69,1363899496134,103,96,103,0
15,32,1363899496134,32,1363899496199,65,103,65,0
15,65,1363899496247,65,1363899496335,88,113,136,48
15,32,1363899496271,32,1363899496359,88,24,24,-64
15,71,1363899496942,71,1363899497014,72,671,655,583
15,65,1363899497046,65,1363899497110,64,104,96,32
15,82,1363899497215,82,1363899497270,55,169,160,105
15,68,1363899497382,68,1363899497446,64,167,176,112
15,69,1363899497542,69,1363899497622,80,160,176,96
15,78,1363899497622,78,1363899497719,97,80,97,0
15,32,1363899498030,32,1363899498158,128,408,439,311
15,84,1363899498622,84,1363899498686,64,592,528,464
15,82,1363899498774,82,1363899498854,80,152,168,88
15,73,1363899499222,73,1363899499286,64,448,432,368
15,80,1363899499414,80,1363899499470,56,192,184,128
15,191,1363899499927,191,1363899500078,151,513,608,457
15,8,1363899501046,8,1363899501126,80,1119,1048,968
15,190,1363899501574,190,1363899501654,80,528,528,448
15,13,1363899501855,13,1363899501911,56,281,257,201
15,13,1363899502015,13,1363899502087,72,160,176,104
15,16,1363899502639,16,1363899503615,976,624,1528,552
15,84,1363899503543,84,1363899503615,72,904,0,-72
15,76,1363899504543,76,1363899504591,48,1000,976,928
15,65,1363899504695,65,1363899504783,88,152,192,104
15,8,1363899504991,8,1363899505063,72,296,280,208
15,8,1363899505143,8,1363899505223,80,152,160,80
15,65,1363899505319,65,1363899505399,80,176,176,96
15,76,1363899505463,76,1363899505543,80,144,144,64
15,75,1363899505671,75,1363899505759,88,208,216,128
15,32,1363899505887,32,1363899506023,136,216,264,128
15,84,1363899506063,84,1363899506143,80,176,120,40
15,79,1363899506143,79,1363899506207,64,80,64,0
15,32,1363899506287,32,1363899506367,80,144,160,80
15,89,1363899506511,89,1363899506583,72,224,216,144
15,79,1363899506639,79,1363899506743,104,128,160,56
15,85,1363899506727,85,1363899506767,40,88,24,-16
15,188,1363899506967,188,1363899507031,64,240,264,200
15,13,1363899507439,13,1363899507519,80,472,488,408
15,16,1363899507671,16,1363899507879,208,232,360,152
15,88,1363899507823,88,1363899507919,96,152,40,-56
15,73,1363899508031,73,1363899508103,72,208,184,112
15,65,1363899508079,65,1363899508151,72,48,48,-24
15,79,1363899508191,79,1363899508279,88,112,128,40
15,77,1363899508279,77,1363899508359,80,88,80,0
15,73,1363899508375,73,1363899508511,136,96,152,16
15,78,1363899508471,78,1363899508543,72,96,32,-40
15,71,1363899508655,71,1363899508735,80,184,192,112
15,69,1364326519978,69,1364326520050,72,184,152,80
15,76,1364326520394,76,1364326520466,72,416,416,344
15,76,1364326520538,76,1364326520618,80,144,152,72
15,79,1364326520738,79,1364326520802,64,200,184,120
15,188,1364326522082,188,1364326522154,72,1344,1352,1280
15,13,1364326522442,13,1364326522506,64,360,352,288
15,13,1364326522594,13,1364326522690,96,152,184,88
15,16,1364326523098,16,1364326523370,272,504,680,408
15,84,1364326523322,84,1364326523394,72,224,24,-48
15,72,1364326523586,72,1364326523674,88,264,280,192
15,73,1364326523674,73,1364326523778,104,88,104,0
15,83,1364326523738,83,1364326523858,120,64,80,-40
15,32,1364326523874,32,1364326523954,80,136,96,16
15,77,1364326524058,77,1364326524210,152,184,256,104
15,82,1364326524234,82,1364326524298,64,176,88,24
15,8,1364326524898,8,1364326524978,80,664,680,600
15,79,1364326525330,79,1364326525410,80,432,432,352
15,82,1364326525706,82,1364326525786,80,376,376,296
15,78,1364326525858,78,1364326525938,80,152,152,72
15,73,1364326525970,73,1364326526098,128,112,160,32
15,78,1364326526058,78,1364326526138,80,88,40,-40
15,71,1364326526258,71,1364326526330,72,200,192,120
15,32,1364326526426,32,1364326526506,80,168,176,96
15,16,1364326526674,16,1364326526938,264,248,432,168
15,73,1364326526834,73,1364326526938,104,160,0,-104
15,32,1364326527066,32,1364326527202,136,232,264,128
15,84,1364326527666,84,1364326527762,96,600,560,464
15,79,1364326527922,79,1364326527970,48,256,208,160
15,79,1364326528058,79,1364326528114,56,136,144,88
15,75,1364326528226,75,1364326528330,104,168,216,112
15,32,1364326528443,32,1364326528523,80,217,193,113
15,65,1364326529683,65,1364326529731,48,1240,1208,1160
15,65,1364326529811,65,1364326529907,96,128,176,80
15,82,1364326530099,82,1364326530179,80,288,272,192
15,79,1364326530266,79,1364326530378,112,167,199,87
15,78,1364326530339,78,1364326530442,103,73,64,-39
15,32,1364326530539,32,1364326530667,128,200,225,97
15,84,1364326530698,84,1364326530778,80,159,111,31
15,79,1364326530794,79,1364326530867,73,96,89,16
15,32,1364326530971,32,1364326531050,79,177,183,104
15,65,1364326532010,65,1364326532083,73,1039,1033,960
15,78,1364326532154,78,1364326532210,56,144,127,71
15,78,1364326532290,78,1364326532378,88,136,168,80
15,85,1364326532546,85,1364326532626,80,256,248,168
15,65,1364326532835,65,1364326532922,87,289,296,209
15,76,1364326532923,76,1364326532994,71,88,72,1
15,32,1364326533090,32,1364326533186,96,167,192,96
15,67,1364326533218,67,1364326533298,80,128,112,32
15,72,1364326533330,72,1364326533418,88,112,120,32
15,69,1364326533434,69,1364326533498,64,104,80,16
15,67,1364326533627,67,1364326533714,87,193,216,129
15,75,1364326533714,75,1364326533786,72,87,72,0
15,85,1364326534394,85,1364326534466,72,680,680,608
15,80,1364326534658,80,1364326534722,64,264,256,192
15,190,1364326535187,190,1364326535242,55,529,520,465
15,32,1364326535362,32,1364326535458,96,175,216,120
15,16,1364326535602,16,1364326535842,240,240,384,144
15,73,1364326535762,73,1364326535874,112,160,32,-80
15,84,1364326535962,84,1364326536058,96,200,184,88
15,32,1364326536098,32,1364326536218,120,136,160,40
15,87,1364326536338,87,1364326536410,72,240,192,120
15,65,1364326536442,65,1364326536610,168,104,200,32
15,83,1364326536562,83,1364326536666,104,120,56,-48
15,32,1364326536722,32,1364326536852,130,160,186,56
15,71,1364326537554,71,1364326537618,64,832,766,702
15,79,1364326537818,79,1364326537906,88,264,288,200
15,8,1364326538218,8,1364326538266,48,400,360,312
15,8,1364326538378,8,1364326538466,88,160,200,112
15,65,1364326538802,65,1364326538874,72,424,408,336
15,32,1364326538994,32,1364326539114,120,192,240,120
15,71,1364326539298,71,1364326539370,72,304,256,184
15,79,1364326539482,79,1364326539546,64,184,176,112
15,79,1364326539618,79,1364326539738,120,136,192,72
15,32,1364326539866,32,1364326539962,96,248,224,128
15,8,1364326540306,8,1364326540386,80,440,424,344
15,68,1364326540426,68,1364326540538,112,120,152,40
15,32,1364326540938,32,1364326541026,88,512,488,400
15,69,1364326541170,69,1364326541242,72,232,216,144
15,88,1364326541362,88,1364326541434,72,192,192,120
15,80,1364326541506,80,1364326541602,96,144,168,72
15,69,1364326541802,69,1364326541906,104,296,304,200
15,8,1364326542506,8,1364326542594,88,704,688,600
15,69,1364326543026,69,1364326543106,80,520,512,432
15,82,1364326543194,82,1364326543274,80,168,168,88
15,73,1364326543394,73,1364326543466,72,200,192,120
15,69,1364326543490,69,1364326543570,80,96,104,24
15,78,1364326543642,78,1364326543738,96,152,168,72
15,67,1364326543770,67,1364326543898,128,128,160,32
15,69,1364326543858,69,1364326543938,80,88,40,-40
15,190,1364326543994,190,1364326544090,96,136,152,56
15,32,1364326544234,32,1364326544362,128,240,272,144
15,16,1364326544618,16,1364326544858,240,384,496,256
15,73,1364326544810,73,1364326544882,72,192,24,-48
15,32,1364326545018,32,1364326545090,72,208,208,136
15,32,1364326545242,32,1364326545314,72,224,224,152
15,8,1364326545746,8,1364326545842,96,504,528,432
15,8,1364326546155,8,1364326546299,144,409,457,313
15,78,1364326546595,78,1364326546675,80,440,376,296
15,32,1364326546779,32,1364326546883,104,184,208,104
15,84,1364326546923,84,1364326546987,64,144,104,40
15,72,1364326547011,72,1364326547083,72,88,96,24
15,69,1364326547115,69,1364326547211,96,104,128,32
15,32,1364326547211,32,1364326547323,112,96,112,0
15,78,1364326547554,78,1364326547651,97,343,328,231
15,8,1364326548035,8,1364326548099,64,481,448,384
15,66,1364326548491,66,1364326548574,83,456,475,392
15,69,1364326548610,69,1364326548660,50,119,86,36
15,71,1364326548778,71,1364326548867,89,168,207,118
15,73,1364326549034,73,1364326549130,96,256,263,167
15,78,1364326549098,78,1364326549131,33,64,1,-32
15,78,1364326549315,78,1364326549410,95,217,279,184
15,78,1364326549514,78,1364326549594,80,199,184,104
15,73,1364326549658,73,1364326549754,96,144,160,64
15,78,1364326549714,78,1364326549794,80,56,40,-40
15,71,1364326549898,71,1364326549978,80,184,184,104
15,32,1364326550099,32,1364326550202,103,201,224,121
15,16,1364326551146,16,1364326551346,200,1047,1144,944
15,65,1364326551650,65,1364326551722,72,504,376,304
15,65,1364326551810,65,1364326551906,96,160,184,88
15,82,1364326552042,82,1364326552114,72,232,208,136
15,79,1364326552218,79,1364326552362,144,176,248,104
15,78,1364326552298,78,1364326552418,120,80,56,-64
15,32,1364326552506,32,1364326552634,128,208,216,88
15,87,1364326552666,87,1364326552738,72,160,104,32
15,65,1364326552850,65,1364326553034,184,184,296,112
15,83,1364326552978,83,1364326553082,104,128,48,-56
15,32,1364326553138,32,1364326553266,128,160,184,56
15,72,1364326553490,72,1364326553570,80,352,304,224
15,8,1364326553930,8,1364326554002,72,440,432,360
15,83,1364326554066,83,1364326554171,105,136,169,64
15,72,1364326554282,72,1364326554362,80,216,191,111
15,73,1364326554482,73,1364326554594,112,200,232,120
15,8,1364326556402,8,1364326556466,64,1920,1872,1808
15,89,1364326556810,89,1364326556890,80,408,424,344
15,190,1364326558506,190,1364326558578,72,1696,1688,1616
15,32,1364326559554,32,1364326559658,104,1048,1080,976
15,85,1364326561650,85,1364326561746,96,2096,2088,1992
15,84,1364326561866,84,1364326561986,120,216,240,120
15,32,1364326562250,32,1364326562346,96,384,360,264
15,84,1364326562370,84,1364326562442,72,120,96,24
15,72,1364326562498,72,1364326562546,48,128,104,56
15,69,1364326562586,69,1364326562642,56,88,96,40
15,32,1364326562682,32,1364326562778,96,96,136,40
15,68,1364326562786,68,1364326562858,72,104,80,8
15,79,1364326562914,79,1364326563034,120,128,176,56
15,67,1364326563058,67,1364326563162,104,144,128,24
15,84,1364326563379,84,1364326563459,80,321,297,217
15,79,1364326563507,79,1364326563611,104,128,152,48
15,82,1364326563611,82,1364326563706,95,104,95,0
15,32,1364326563795,32,1364326563923,128,184,217,89
15,87,1364326563930,87,1364326564035,105,135,112,7
15,65,1364326564035,65,1364326564202,167,105,167,0
15,83,1364326564155,83,1364326564261,106,120,59,-47
15,32,1364326564274,32,1364326564394,120,119,133,13
15,86,1364326564691,86,1364326564779,88,417,385,297
15,69,1364326564803,69,1364326564875,72,112,96,24
15,82,1364326564939,82,1364326565051,112,136,176,64
15,89,1364326565027,89,1364326565107,80,88,56,-24
15,32,1364326565235,32,1364326565291,56,208,184,128
15,71,1364326565419,71,1364326565475,56,184,184,128
15,79,1364326565579,79,1364326565651,72,160,176,104
15,79,1364326565730,79,1364326565826,96,151,175,79
15,68,1364326565802,68,1364326565890,88,72,64,-24
15,32,1364326565955,32,1364326566010,55,153,120,65
15,73,1364326566091,73,1364326566186,95,136,176,81
15,78,1364326566162,78,1364326566234,72,71,48,-24
15,32,1364326566314,32,1364326566450,136,152,216,80
15,84,1364326566418,84,1364326566490,72,104,40,-32
15,65,1364326566586,65,1364326566674,88,168,184,96
15,76,1364326566666,76,1364326566714,48,80,40,-8
15,73,1364326566834,73,1364326566947,113,168,233,120
15,78,1364326566923,78,1364326566986,63,89,39,-24
15,71,1364326567098,71,1364326567194,96,175,208,112
15,8,1364326567474,8,1364326567538,64,376,344,280
15,8,1364326567626,8,1364326567666,40,152,128,88
15,8,1364326567746,8,1364326567818,72,120,152,80
15,75,1364326568434,75,1364326568506,72,688,688,616
15,73,1364326568626,73,1364326568730,104,192,224,120
15,78,1364326568682,78,1364326568770,88,56,40,-48
15,71,1364326568882,71,1364326568946,64,200,176,112
15,32,1364326569042,32,1364326569138,96,160,192,96
15,84,1364326569186,84,1364326569274,88,144,136,48
15,79,1364326569274,79,1364326569346,72,88,72,0
15,32,1364326569426,32,1364326569539,113,152,193,80
15,83,1364326569594,83,1364326569674,80,168,135,55
15,84,1364326569842,84,1364326569938,96,248,264,168
15,85,1364326569995,85,1364326570098,103,153,160,57
15,68,1364326570099,68,1364326570154,55,104,56,1
15,69,1364326570234,69,1364326570314,80,135,160,80
15,78,1364326570338,78,1364326570418,80,104,104,24
15,84,1364326570420,84,1364326570531,111,82,113,2
15,83,1364326571098,83,1364326571178,80,678,647,567
15,8,1364326571530,8,1364326571596,66,432,418,352
15,8,1364326571674,8,1364326571730,56,144,134,78
15,8,1364326571810,8,1364326571866,56,136,136,80
15,8,1364326571946,8,1364326572010,64,136,144,80
15,8,1364326572090,8,1364326572154,64,144,144,80
15,8,1364326572234,8,1364326572290,56,144,136,80
15,8,1364326572370,8,1364326572434,64,136,144,80
15,8,1364326572514,8,1364326572594,80,144,160,80
15,73,1364326573314,73,1364326573370,56,800,776,720
15,8,1364326573930,8,1364326574010,80,616,640,560
15,75,1364326574490,75,1364326574554,64,560,544,480
15,73,1364326574674,73,1364326574738,64,184,184,120
15,68,1364326574890,68,1364326574978,88,216,240,152
15,83,1364326575106,83,1364326575178,72,216,200,128
15,190,1364326575298,190,1364326575418,120,192,240,120
15,32,1364326575650,32,1364326575738,88,352,320,232
15,16,1364326580610,16,1364326580794,184,4960,5056,4872
15,65,1364326580770,65,1364326580851,81,160,57,-24
15,65,1364326580963,65,1364326581067,104,193,216,112
15,82,1364326581203,82,1364326581267,64,240,200,136
15,79,1364326581331,79,1364326581450,119,128,183,64
15,78,1364326581418,78,1364326581514,96,87,64,-32
15,32,1364326581642,32,1364326581723,81,224,209,128
15,87,1364326581723,87,1364326581819,96,81,96,0
15,65,1364326581835,65,1364326582019,184,112,200,16
15,83,1364326581955,83,1364326582067,112,120,48,-64
15,32,1364326582067,32,1364326582211,144,112,144,0
15,86,1364326582906,86,1364326583011,105,839,800,695
15,69,1364326583050,69,1364326583122,72,144,111,39
15,82,1364326583194,82,1364326583283,89,144,161,72
15,89,1364326583283,89,1364326583354,71,89,71,0
15,32,1364326583619,32,1364326583731,112,336,377,265
15,32,1364326585178,32,1364326585290,112,1559,1559,1447
15,72,1364326586170,72,1364326586250,80,992,960,880
15,65,1364326586274,65,1364326586346,72,104,96,24
15,80,1364326586506,80,1364326586563,57,232,217,160
15,80,1364326586658,80,1364326586761,103,152,198,95
15,80,1364326586874,80,1364326586978,104,216,217,113
15,89,1364326587186,89,1364326587274,88,312,296,208
15,72,1364504455206,72,1364504455310,104,303,40,-64
15,69,1364504455390,69,1364504455510,120,184,200,80
15,76,1364504455606,76,1364504455670,64,216,160,96
15,76,1364504455750,76,1364504455814,64,144,144,80
15,79,1364504455926,79,1364504455982,56,176,168,112
15,188,1364504456102,188,1364504456182,80,176,200,120
15,13,1364504456358,13,1364504456414,56,256,232,176
15,13,1364504456502,13,1364504456590,88,144,176,88
15,16,1364504456862,16,1364504457270,408,360,680,272
15,72,1364504457190,72,1364504457294,104,328,24,-80
15,79,1364504457366,79,1364504457470,104,176,176,72
15,87,1364504457502,87,1364504457574,72,136,104,32
15,32,1364504457646,32,1364504457790,144,144,216,72
15,65,1364504457790,65,1364504457862,72,144,72,0
15,82,1364504457942,82,1364504458022,80,152,160,80
15,69,1364504458086,69,1364504458199,113,144,177,64
15,32,1364504458142,32,1364504458271,129,56,72,-57
15,89,1364504458479,89,1364504458559,80,337,288,208
15,79,1364504458735,79,1364504458775,40,256,216,176
15,85,1364504460031,85,1364504460103,72,1296,1328,1256
15,16,1364504460487,16,1364504460783,296,456,680,384
15,191,1364504460727,191,1364504460839,112,240,56,-56
15,13,1364504461303,13,1364504461367,64,576,528,464
15,13,1364504461599,13,1364504461679,80,296,312,232
15,8,1364504462647,8,1364504462727,80,1048,1048,968
15,16,1364504462967,16,1364504463175,208,320,448,240
15,79,1364504463151,79,1364504463223,72,184,48,-24
15,75,1364504463351,75,1364504463423,72,200,200,128
15,190,1364504463815,190,1364504463887,72,464,464,392
15,32,1364504464007,32,1364504464095,88,192,208,120
15,16,1364504464183,16,1364504464359,176,176,264,88
15,87,1364504464279,87,1364504464359,80,96,0,-80
15,65,1364504464591,65,1364504464671,80,312,312,232
15,72,1364504464703,72,1364504464767,64,112,96,32
15,89,1364504464895,89,1364504464959,64,192,192,128
15,32,1364504465103,32,1364504465191,88,208,232,144
15,65,1364504465543,65,1364504465615,72,440,424,352
15,77,1364504465671,77,1364504465735,64,128,120,56
15,32,1364504465839,32,1364504465927,88,168,192,104
15,16,1364504466223,16,1364504466399,176,384,472,296
15,73,1364504466375,73,1364504466455,80,152,56,-24
15,32,1364504466591,32,1364504466671,80,216,216,136
15,71,1364504466815,71,1364504466879,64,224,208,144
15,79,1364504467015,79,1364504467087,72,200,208,136
15,73,1364504467215,73,1364504467311,96,200,224,128
15,78,1364504467287,78,1364504467359,72,72,48,-24
15,71,1364504467463,71,1364504467527,64,176,168,104
15,32,1364504467623,32,1364504467703,80,160,176,96
15,84,1364504467727,84,1364504467798,71,104,95,24
15,79,1364504467815,79,1364504467879,64,88,81,17
15,32,1364504467959,32,1364504468047,88,144,168,80
15,84,1364504468095,84,1364504468167,72,136,120,48
15,89,1364504468215,89,1364504468270,55,120,103,48
15,80,1364504468486,80,1364504468606,120,271,336,216
15,69,1364504468654,69,1364504468766,112,168,160,48
15,32,1364504468838,32,1364504468958,120,184,192,72
15,84,1364504469110,84,1364504469190,80,272,232,152
15,68,1364504469334,68,1364504469422,88,224,232,144
15,65,1364504469382,65,1364504469494,112,48,72,-40
15,8,1364504470095,8,1364504470158,63,713,664,601
15,8,1364504470254,8,1364504470342,88,159,184,96
15,79,1364504470878,79,1364504470958,80,624,616,536
15,68,1364504470999,68,1364504471126,127,121,168,41
15,65,1364504471094,65,1364504471191,97,95,65,-32
15,89,1364504471255,89,1364504471326,71,161,135,64
15,190,1364504472094,190,1364504472158,64,839,832,768
15,32,1364504472278,32,1364504472358,80,184,200,120
15,16,1364504472430,16,1364504472598,168,152,240,72
15,73,1364504472558,73,1364504472638,80,128,40,-40
15,32,1364504472758,32,1364504472854,96,200,216,120
15,78,1364504472950,78,1364504473046,96,192,192,96
15,69,1364504473086,69,1364504473150,64,136,104,40
15,69,1364504473230,69,1364504473326,96,144,176,80
15,68,1364504473438,68,1364504473566,128,208,240,112
15,32,1364504473566,32,1364504473678,112,128,112,0
15,84,1364504473702,84,1364504473806,104,136,128,24
15,79,1364504473806,79,1364504473878,72,104,72,0
15,32,1364504473998,32,1364504474102,104,192,224,120
15,77,1364504474598,77,1364504474686,88,600,584,496
15,65,1364504474718,65,1364504474790,72,120,104,32
15,75,1364504474878,75,1364504474990,112,160,200,88
15,69,1364504475046,69,1364504475190,144,168,200,56
15,32,1364504475294,32,1364504475406,112,248,216,104
15,83,1364504475414,83,1364504475510,96,120,104,8
15,85,1364504475598,85,1364504475679,81,184,169,88
15,82,1364504475647,82,1364504475703,56,49,24,-32
15,69,1364504475799,69,1364504475863,64,152,160,96
15,32,1364504475863,32,1364504475983,120,64,120,0
15,84,1364504476015,84,1364504476119,104,152,136,32
15,72,1364504476271,72,1364504476343,72,256,224,152
15,65,1364504476559,65,1364504476639,80,288,296,216
15,84,1364504476767,84,1364504476831,64,208,192,128
15,32,1364504476831,32,1364504476911,80,64,80,0
15,84,1364504476935,84,1364504476999,64,104,88,24
15,72,1364504477031,72,1364504477119,88,96,120,32
15,69,1364504477119,69,1364504477183,64,88,64,0
15,32,1364504477239,32,1364504477312,73,120,129,56
15,67,1364504477319,67,1364504477399,80,80,87,7
15,79,1364504477455,79,1364504477559,104,136,160,56
15,78,1364504477527,78,1364504477647,120,72,88,-32
15,84,1364504477807,84,1364504477879,72,280,232,160
15,69,1364504478063,69,1364504478167,104,256,288,184
15,78,1364504478215,78,1364504478295,80,152,128,48
15,84,1364504478383,84,1364504478479,96,168,184,88
15,83,1364504478647,83,1364504478735,88,264,256,168
15,32,1364504478847,32,1364504478951,104,200,216,112
15,65,1364504478951,65,1364504479015,64,104,64,0
15,82,1364504479119,82,1364504479175,56,168,160,104
15,69,1364504479263,69,1364504479335,72,144,160,88
15,32,1364504479327,32,1364504479431,104,64,96,-8
15,68,1364504479487,68,1364504479567,80,160,136,56
15,73,1364504479615,73,1364504479711,96,128,144,48
15,70,1364504479807,70,1364504479871,64,192,160,96
15,70,1364504479951,70,1364504480023,72,144,152,80
15,69,1364504480119,69,1364504480199,80,168,176,96
15,82,1364504480263,82,1364504480327,64,144,128,64
15,69,1364504480399,69,1364504480487,88,136,160,72
15,78,1364504480479,78,1364504480559,80,80,72,-8
15,84,1364504480583,84,1364504480671,88,104,112,24
15,190,1364504480975,190,1364504481063,88,392,392,304
15,32,1364504481255,32,1364504481359,104,280,296,192
15,16,1364504481479,16,1364504481799,320,224,440,120
15,83,1364504481751,83,1364504481839,88,272,40,-48
15,79,1364504481919,79,1364504481991,72,168,152,80
15,32,1364504482103,32,1364504482191,88,184,200,112
15,84,1364504482191,84,1364504482271,80,88,80,0
15,72,1364504482311,72,1364504482399,88,120,128,40
15,65,1364504482423,65,1364504482511,88,112,112,24
15,84,1364504482551,84,1364504482639,88,128,128,40
15,32,1364504482839,32,1364504482959,120,288,320,200
15,84,1364504483935,84,1364504483999,64,1096,1040,976
15,72,1364504484031,72,1364504484119,88,96,120,32
15,69,1364504484151,69,1364504484255,104,120,136,32
15,32,1364504484279,32,1364504484383,104,128,128,24
15,82,1364504484463,82,1364504484551,88,184,168,80
15,69,1364504484647,69,1364504484719,72,184,168,96
15,86,1364504485863,86,1364504485910,47,1216,1191,1144
15,73,1364504486126,73,1364504486262,136,263,352,216
15,69,1364504487175,69,1364504487254,79,1049,992,913
15,87,1364504487366,87,1364504487462,96,191,208,112
15,69,1364504487766,69,1364504487846,80,400,384,304
15,82,1364504487910,82,1364504488014,104,144,168,64
15,83,1364504488270,83,1364504488382,112,360,368,256
15,32,1364504488878,32,1364504488990,112,608,608,496
15,87,1364504489046,87,1364504489142,96,168,152,56
15,73,1364504489206,73,1364504489278,72,160,136,64
15,76,1364504489398,76,1364504489454,56,192,176,120
15,76,1364504489534,76,1364504489582,48,136,128,80
15,32,1364504489686,32,1364504489774,88,152,192,104
15,66,1364504489878,66,1364504489982,104,192,208,104
15,69,1364504489998,69,1364504490166,168,120,184,16
15,32,1364504490095,32,1364504490270,175,97,104,-71
15,67,1364504490526,67,1364504490598,72,431,328,256
15,79,1364504490638,79,1364504490750,112,112,152,40
15,78,1364504490702,78,1364504490814,112,64,64,-48
15,86,1364504490990,86,1364504491070,80,288,256,176
15,73,1364504491206,73,1364504491326,120,216,256,136
15,78,1364504491278,78,1364504491406,128,72,80,-48
15,67,1364504491502,67,1364504491630,128,224,224,96
15,69,1364504491590,69,1364504491702,112,88,72,-40
15,68,1364504491862,68,1364504491966,104,272,264,160
15,32,1364504492110,32,1364504492310,200,248,344,144
15,84,1364504492430,84,1364504492510,80,320,200,120
15,72,1364504492606,72,1364504492694,88,176,184,96
15,65,1364504492662,65,1364504492774,112,56,80,-32
15,84,1364504492846,84,1364504492926,80,184,152,72
15,32,1364504493167,32,1364504493255,88,321,329,241
15,84,1364504493431,84,1364504493503,72,264,248,176
15,72,1364504493503,72,1364504493623,120,72,120,0
15,73,1364504493607,73,1364504493727,120,104,104,-16
15,83,1364504493728,83,1364504493799,71,121,72,1
15,32,1364504493847,32,1364504493935,88,119,136,48
15,73,1364504494039,73,1364504494143,104,192,208,104
15,83,1364504494167,83,1364504494287,120,128,144,24
15,32,1364504494311,32,1364504494431,120,144,144,24
15,82,1364504494711,82,1364504494775,64,400,344,280
15,69,1364504494847,69,1364504494951,104,136,176,72
15,65,1364504494951,65,1364504495047,96,104,96,0
15,76,1364504495119,76,1364504495175,56,168,128,72
15,76,1364504495263,76,1364504495335,72,144,160,88
15,89,1364504495535,89,1364504495623,88,272,288,200
15,32,1364504495735,32,1364504495823,88,200,200,112
15,65,1364504495807,65,1364504495895,88,72,72,-16
15,32,1364504495919,32,1364504496047,128,112,152,24
15,84,1364504496279,84,1364504496319,40,360,272,232
15,79,1364504496375,79,1364504496511,136,96,192,56
15,85,1364504496487,85,1364504496567,80,112,56,-24
15,71,1364504496727,71,1364504496831,104,240,264,160
15,72,1364504496783,72,1364504496935,152,56,104,-48
15,32,1364504497087,32,1364504497175,88,304,240,152
15,69,1364504497735,69,1364504497783,48,648,608,560
15,88,1364504497911,88,1364504497975,64,176,192,128
15,80,1364504498032,80,1364504498135,103,121,160,57
15,69,1364504498135,69,1364504498183,48,103,48,0
15,82,1364504498271,82,1364504498361,90,136,178,88
15,73,1364504498455,73,1364504498527,72,184,166,94
15,77,1364504499223,77,1364504499287,64,768,760,696
15,69,1364504499287,69,1364504499375,88,64,88,0
15,78,1364504499391,78,1364504499487,96,104,112,16
15,84,1364504499471,84,1364504499551,80,80,64,-16
15,65,1364504499983,65,1364504500071,88,512,520,432
15,76,1364504500175,76,1364504500255,80,192,184,104
15,8,1364504500855,8,1364504500919,64,680,664,600
15,8,1364504501039,8,1364504501135,96,184,216,120
15,83,1364504502063,83,1364504502143,80,1024,1008,928
15,32,1364504502239,32,1364504502343,104,176,200,96
15,83,1364504502599,83,1364504502670,71,360,327,256
15,69,1364504502775,69,1364504502847,72,176,177,105
15,84,1364504502966,84,1364504503070,104,191,223,119
15,85,1364504503343,85,1364504503423,80,377,353,273
15,80,1364504503519,80,1364504503622,103,176,199,96
15,190,1364504504286,190,1364504504350,64,767,728,664
15,32,1364504504622,32,1364504504710,88,336,360,272
15,16,1364504505654,16,1364504505815,161,1032,1105,944
15,70,1364504505783,70,1364504505855,72,129,40,-32
15,79,1364504505926,79,1364504506022,96,143,167,71
15,82,1364504506023,82,1364504506127,104,97,105,1
15,32,1364504506142,32,1364504506254,112,119,127,15
15,69,1364504506318,69,1364504506382,64,176,128,64
15,88,1364504506798,88,1364504506910,112,480,528,416
15,65,1364504507246,65,1364504507318,72,448,408,336
15,77,1364504507398,77,1364504507478,80,152,160,80
15,80,1364504507598,80,1364504507686,88,200,208,120
15,76,1364504507814,76,1364504507895,81,216,209,128
15,69,1364504507934,69,1364504508006,72,120,111,39
15,188,1364504508079,188,1364504508158,79,145,152,73
15,32,1364504508270,32,1364504508366,96,191,208,112
15,87,1364504508414,87,1364504508510,96,144,144,48
15,69,1364504508486,69,1364504508599,113,72,89,-24
15,32,1364504508574,32,1364504508662,88,88,63,-25
15,78,1364504508774,78,1364504508878,104,200,216,112
15,69,1364504508926,69,1364504508982,56,152,104,48
15,69,1364504509086,69,1364504509182,96,160,200,104
15,68,1364504509302,68,1364504509446,144,216,264,120
15,32,1364504509494,32,1364504509606,112,192,160,48
15,84,1364504509606,84,1364504509694,88,112,88,0
15,79,1364504509726,79,1364504509798,72,120,104,32
15,32,1364504509926,32,1364504510014,88,200,216,128
15,87,1364504510238,87,1364504510294,56,312,280,224
15,69,1364504510422,69,1364504510574,152,184,280,128
15,65,1364504510575,65,1364504510735,160,153,161,1
15,82,1364504510967,82,1364504511023,56,392,288,232
15,32,1364504511407,32,1364504511527,120,440,504,384
15,68,1364504511575,68,1364504511647,72,168,120,48
15,73,1364504511695,73,1364504511791,96,120,144,48
15,70,1364504512135,70,1364504512223,88,440,432,344
15,70,1364504512327,70,1364504512479,152,192,256,104
15,69,1364504512607,69,1364504512631,24,280,152,128
15,82,1364504512727,82,1364504512791,64,120,160,96
15,69,1364504512879,69,1364504512951,72,152,160,88
15,78,1364504512919,78,1364504513015,96,40,64,-32
15,84,1364504513063,84,1364504513135,72,144,120,48
15,32,1364504513135,32,1364504513231,96,72,96,0
15,67,1364504513295,67,1364504513384,89,160,153,64
15,76,1364504513407,76,1364504513487,80,112,103,23
15,79,1364504513575,79,1364504513671,96,168,184,88
15,84,1364504513711,84,1364504513791,80,136,120,40
15,72,1364504513823,72,1364504513919,96,112,128,32
15,69,1364504514727,69,1364504514783,56,904,864,808
15,83,1364504514903,83,1364504514959,56,176,176,120
15,32,1364504514991,32,1364504515111,120,88,152,32
15,87,1364504515223,87,1364504515327,104,232,216,112
15,72,1364504515423,72,1364504515519,96,200,192,96
15,73,1364504515575,73,1364504515671,96,152,152,56
15,76,1364504515831,76,1364504515951,120,256,280,160
15,69,1364504515951,69,1364504516023,72,120,72,0
15,32,1364504516079,32,1364504516151,72,128,128,56
15,87,1364504516151,87,1364504516271,120,72,120,0
15,69,1364504516239,69,1364504516319,80,88,48,-32
15,32,1364504516271,32,1364504516383,112,32,64,-48
15,84,1364504516551,84,1364504516623,72,280,240,168
15,89,1364504516679,89,1364504516759,80,128,136,56
15,80,1364504516887,80,1364504516967,80,208,208,128
15,69,1364504516991,69,1364504517055,64,104,88,24
15,190,1364504517191,190,1364504517255,64,200,200,136
15,32,1364504517495,32,1364504517575,80,304,320,240
15,69,1364504518911,69,1364504518975,64,1416,1400,1336
15,32,1364504518999,32,1364504519119,120,88,144,24
15,65,1364504519183,65,1364504519263,80,184,144,64
15,76,1364504519287,76,1364504519383,96,104,120,24
15,83,1364504519391,83,1364504519471,80,104,88,8
15,79,1364504519495,79,1364504519583,88,104,112,24
15,32,1364504519687,32,1364504519767,80,192,184,104
15,78,1364504519847,78,1364504519943,96,160,176,80
15,69,1364504519975,69,1364504520031,56,128,88,32
15,69,1364504520103,69,1364504520199,96,128,168,72
15,68,1364504520303,68,1364504520350,47,200,151,104
15,32,1364504520327,32,1364504520447,120,24,97,-23
15,84,1364504520487,84,1364504520575,88,160,128,40
15,79,1364504520575,79,1364504520631,56,88,56,0
15,32,1364504520711,32,1364504520791,80,136,160,80
15,77,1364504520878,77,1364504520974,96,167,183,87
15,65,1364504520990,65,1364504521054,64,112,80,16
15,75,1364504521087,75,1364504521191,104,97,137,33
15,69,1364504521191,69,1364504521262,71,104,71,0
15,32,1364504521294,32,1364504521398,104,103,136,32
15,83,1364504521438,83,1364504521534,96,144,136,40
15,82,1364504521678,82,1364504521735,57,240,201,144
15,8,1364504522134,8,1364504522222,88,456,487,399
15,85,1364504522710,85,1364504522806,96,576,584,488
15,82,1364504522854,82,1364504522926,72,144,120,48
15,69,1364504523022,69,1364504523078,56,168,152,96
15,32,1364504523047,32,1364504523158,111,25,80,-31
15,84,1364504523223,84,1364504523302,79,176,144,65
15,72,1364504523303,72,1364504523390,87,80,88,1
15,65,1364504523422,65,1364504523526,104,119,136,32
15,84,1364504523550,84,1364504523638,88,128,112,24
15,190,1364504525006,190,1364504525070,64,1456,1432,1368
15,13,1364504526094,13,1364504526142,48,1088,1072,1024
15,13,1364504526246,13,1364504526342,96,152,200,104
15,16,1364504526630,16,1364504527054,424,384,712,288
15,79,1364504526966,79,1364504527078,112,336,24,-88
15,75,1364504527222,75,1364504527286,64,256,208,144
15,190,1364504527670,190,1364504527742,72,448,456,384
15,32,1364504527870,32,1364504527974,104,200,232,128
15,16,1364504528062,16,1364504528231,169,192,257,88
15,87,1364504528183,87,1364504528271,88,121,40,-48
15,73,1364504528375,73,1364504528447,72,192,176,104
15,76,1364504528567,76,1364504528615,48,192,168,120
15,76,1364504528703,76,1364504528767,64,136,152,88
15,32,1364504528855,32,1364504528943,88,152,176,88
15,68,1364504528999,68,1364504529095,96,144,152,56
15,79,1364504529095,79,1364504529167,72,96,72,0
15,32,1364504529271,32,1364504529383,112,176,216,104
15,73,1364504530207,73,1364504530287,80,936,904,824
15,84,1364504530351,84,1364504530415,64,144,128,64
15,32,1364504530431,32,1364504530519,88,80,104,16
15,78,1364504530623,78,1364504530695,72,192,176,104
15,69,1364504530727,69,1364504530791,64,104,96,32
15,88,1364504530919,88,1364504530959,40,192,168,128
15,8,1364504531951,8,1364504532023,72,1032,1064,992
15,8,1364504532127,8,1364504532295,168,176,272,104
15,84,1364504532439,84,1364504532535,96,312,240,144
15,32,1364504532631,32,1364504532759,128,192,224,96
15,84,1364504532823,84,1364504532879,56,192,120,64
15,73,1364504532927,73,1364504533039,112,104,160,48
15,77,1364504533015,77,1364504533119,104,88,80,-24
15,69,1364504533079,69,1364504533183,104,64,64,-40
15,32,1364504533231,32,1364504533335,104,152,152,48
15,84,1364504533391,84,1364504533463,72,160,128,56
15,69,1364504533599,69,1364504533695,96,208,232,136
15,78,1364504533655,78,1364504533767,112,56,72,-40
15,8,1364504534152,8,1364504534215,63,497,448,385
15,8,1364504534295,8,1364504534383,88,143,168,80
15,72,1364504534671,72,1364504534751,80,376,368,288
15,69,1364504534799,69,1364504534871,72,128,120,48
15,78,1364504534919,78,1364504534999,80,120,128,48
15,190,1364504535327,190,1364504535415,88,408,416,328
15,13,1364504536639,13,1364504536703,64,1312,1288,1224
15,13,1364504536799,13,1364504536879,80,160,176,96
15,16,1364504537559,16,1364504537775,216,760,896,680
15,88,1364504537663,88,1364504537791,128,104,16,-112
15,65,1364504538638,65,1364504538758,120,975,967,847
15,8,1364504539159,8,1364504539230,71,521,472,401
15,73,1364504539495,73,1364504539582,87,336,352,265
15,65,1364504539966,65,1364504540046,80,471,464,384
15,79,1364504540078,79,1364504540150,72,112,104,32
15,77,1364504540214,77,1364504540326,112,136,176,64
15,73,1364504540327,73,1364504540438,111,113,112,1
15,78,1364504540398,78,1364504540470,72,71,32,-40
15,71,1364504540567,71,1364504540663,96,169,193,97
15,68,1364574422816,68,1364574422880,64,736,0,-64
15,69,1364574422992,69,1364574423224,232,176,344,112
15,65,1364574423272,65,1364574423424,152,280,200,48
15,82,1364574423368,82,1364574423480,112,96,56,-56
15,32,1364574424088,32,1364574424184,96,720,704,608
15,65,1364574425592,65,1364574425664,72,1504,1480,1408
15,77,1364574425776,77,1364574425856,80,184,192,112
15,65,1364574425872,65,1364574425960,88,96,104,16
15,188,1364574426616,188,1364574426704,88,744,744,656
15,13,1364574426872,13,1364574426920,48,256,216,168
15,13,1364574427016,13,1364574427088,72,144,168,96
15,16,1364574427281,16,1364574427745,464,265,657,193
15,16,1364574427912,16,1364574428257,345,631,512,167
15,72,1364574428201,72,1364574428280,79,289,23,-56
15,79,1364574428369,79,1364574428480,111,168,200,89
15,87,1364574428649,87,1364574428776,127,280,296,169
15,32,1364574428816,32,1364574428928,112,167,152,40
15,65,1364574428960,65,1364574429056,96,144,128,32
15,82,1364574429144,82,1364574429223,79,184,167,88
15,69,1364574429296,69,1364574429400,104,152,177,73
15,32,1364574429337,32,1364574429440,103,41,40,-63
15,89,1364574429617,89,1364574429688,71,280,248,177
15,79,1364574429800,79,1364574429904,104,183,216,112
15,85,1364574429864,85,1364574429945,81,64,41,-40
15,16,1364574430280,16,1364574430457,177,416,512,335
15,191,1364574430369,191,1364574430480,111,89,23,-88
15,13,1364574430864,13,1364574430920,56,495,440,384
15,13,1364574431008,13,1364574431088,80,144,168,88
15,16,1364574432089,16,1364574432288,199,1081,1200,1001
15,73,1364574432232,73,1364574432329,97,143,41,-56
15,32,1364574432489,32,1364574432576,87,257,247,160
15,72,1364574432696,72,1364574432760,64,207,184,120
15,65,1364574432832,65,1364574432896,64,136,136,72
15,86,1364574432936,86,1364574433008,72,104,112,40
15,69,1364574433032,69,1364574433128,96,96,120,24
15,32,1364574433152,32,1364574433232,80,120,104,24
15,78,1364574433400,78,1364574433488,88,248,256,168
15,79,1364574433488,79,1364574433640,152,88,152,0
15,84,1364574433696,84,1364574433808,112,208,168,56
15,32,1364574433944,32,1364574434056,112,248,248,136
15,83,1364574434256,83,1364574434296,40,312,240,200
15,69,1364574434384,69,1364574434456,72,128,160,88
15,69,1364574434536,69,1364574434656,120,152,200,80
15,78,1364574434912,78,1364574435032,120,376,376,256
15,32,1364574435504,32,1364574435616,112,592,584,472
15,89,1364574435776,89,1364574435840,64,272,224,160
15,79,1364574435944,79,1364574436040,96,168,200,104
15,85,1364574436008,85,1364574436080,72,64,40,-32
15,32,1364574436224,32,1364574436328,104,216,248,144
15,70,1364574436400,70,1364574436440,40,176,112,72
15,79,1364574436456,79,1364574436536,80,56,96,16
15,82,1364574436536,82,1364574436640,104,80,104,0
15,32,1364574436640,32,1364574436720,80,104,80,0
15,65,1364574436752,65,1364574436840,88,112,120,32
15,32,1364574436832,32,1364574436928,96,80,88,-8
15,87,1364574437000,87,1364574437112,112,168,184,72
15,72,1364574437129,72,1364574437219,90,129,107,17
15,73,1364574437192,73,1364574437305,113,63,86,-27
15,76,1364574437440,76,1364574437520,80,248,215,135
15,69,1364574437600,69,1364574437688,88,160,168,80
15,190,1364574437776,190,1364574437872,96,176,184,88
15,32,1364574438088,32,1364574438216,128,312,344,216
15,16,1364574438416,16,1364574438696,280,328,480,200
15,73,1364574438648,73,1364574438736,88,232,40,-48
15,32,1364574438928,32,1364574439032,104,280,296,192
15,65,1364574440112,65,1364574440184,72,1184,1152,1080
15,77,1364574440256,77,1364574440336,80,144,152,72
15,32,1364574440464,32,1364574440536,72,208,200,128
15,75,1364574440664,75,1364574440752,88,200,216,128
15,73,1364574440840,73,1364574441040,200,176,288,88
15,78,1364574441360,78,1364574441456,96,520,416,320
15,68,1364574441640,68,1364574441768,128,280,312,184
15,32,1364574442208,32,1364574442296,88,568,528,440
15,79,1364574442424,79,1364574442496,72,216,200,128
15,70,1364574442512,70,1364574442616,104,88,120,16
15,32,1364574442608,32,1364574442688,80,96,72,-8
15,77,1364574442816,77,1364574442944,128,208,256,128
15,73,1364574442920,73,1364574443008,88,104,64,-24
15,83,1364574443064,83,1364574443120,56,144,112,56
15,83,1364574443214,83,1364574443288,74,150,168,94
15,73,1364574443688,73,1364574443816,128,474,528,400
15,78,1364574443760,78,1364574443848,88,72,32,-56
15,71,1364574443976,71,1364574444048,72,216,200,128
15,32,1364574444184,32,1364574444264,80,208,216,136
15,89,1364574444432,89,1364574444504,72,248,240,168
15,79,1364574444673,79,1364574444721,48,241,217,169
15,85,1364574444674,85,1364574444753,79,1,32,-47
15,32,1364574445921,32,1364574446009,88,1247,1256,1168
15,65,1364574446057,65,1364574446145,88,136,136,48
15,78,1364574446145,78,1364574446225,80,88,80,0
15,32,1364574446361,32,1364574446489,128,216,264,136
15,8,1364574446833,8,1364574446904,71,472,415,344
15,68,1364574446920,68,1364574446992,72,87,88,16
15,32,1364574447112,32,1364574447256,144,192,264,120
15,65,1364574448864,65,1364574448952,88,1752,1696,1608
15,77,1364574449008,77,1364574449073,65,144,121,56
15,32,1364574449200,32,1364574449272,72,192,199,127
15,80,1364574449376,80,1364574449448,72,176,176,104
15,8,1364574449800,8,1364574449856,56,424,408,352
15,8,1364574449944,8,1364574450000,56,144,144,88
15,8,1364574450072,8,1364574450120,48,128,120,72
15,8,1364574450200,8,1364574450264,64,128,144,80
15,80,1364574450552,80,1364574450624,72,352,360,288
15,76,1364574450753,76,1364574450872,119,201,248,129
15,65,1364574450928,65,1364574451024,96,175,152,56
15,78,1364574451376,78,1364574451472,96,448,448,352
15,78,1364574452456,78,1364574452528,72,1080,1056,984
15,73,1364574452664,73,1364574452792,128,208,264,136
15,78,1364574452728,78,1364574452816,88,64,24,-64
15,71,1364574452928,71,1364574452992,64,200,176,112
15,32,1364574453088,32,1364574453176,88,160,184,96
15,84,1364574453223,84,1364574453296,73,135,120,47
15,79,1364574453296,79,1364574453352,56,73,56,0
15,32,1364574453488,32,1364574453592,104,192,240,136
15,86,1364574453800,86,1364574453864,64,312,272,208
15,73,1364574453968,73,1364574454072,104,168,208,104
15,83,1364574454072,83,1364574454176,104,104,104,0
15,73,1364574454176,73,1364574454312,136,104,136,0
15,84,1364574454336,84,1364574454424,88,160,112,24
15,32,1364574454480,32,1364574454608,128,144,184,56
15,67,1364574455337,67,1364574455392,55,857,784,729
15,72,1364574455472,72,1364574455544,72,135,152,80
15,73,1364574455624,73,1364574455728,104,152,184,80
15,78,1364574455680,78,1364574455800,120,56,72,-48
15,65,1364574456088,65,1364574456160,72,408,360,288
15,32,1364574456256,32,1364574456376,120,168,216,96
15,83,1364574456512,83,1364574456584,72,256,208,136
15,79,1364574456672,79,1364574456744,72,160,160,88
15,79,1364574456832,79,1364574456920,88,160,176,88
15,78,1364574457064,78,1364574457128,64,232,208,144
15,32,1364574457256,32,1364574457352,96,192,224,128
15,84,1364574459824,84,1364574459904,80,2568,2552,2472
15,72,1364574460008,72,1364574460112,104,184,208,104
15,73,1364574460112,73,1364574460200,88,104,88,0
15,83,1364574460160,83,1364574460240,80,48,40,-40
15,32,1364574460320,32,1364574460416,96,160,176,80
15,83,1364574460417,83,1364574460488,71,97,72,1
15,85,1364574460544,85,1364574460624,80,127,136,56
15,77,1364574460760,77,1364574460816,56,216,192,136
15,77,1364574460904,77,1364574460984,80,144,168,88
15,69,1364574461040,69,1364574461112,72,136,128,56
15,82,1364574461224,82,1364574461296,72,184,184,112
15,190,1364574461296,190,1364574461368,72,72,72,0
15,32,1364574461520,32,1364574461624,104,224,256,152
15,16,1364574461792,16,1364574461960,168,272,336,168
15,87,1364574461880,87,1364574461960,80,88,0,-80
15,69,1364574462032,69,1364574462112,80,152,152,72
15,32,1364574462169,32,1364574462240,71,137,128,57
15,80,1364574462353,80,1364574462417,64,184,177,113
15,76,1364574462521,76,1364574462609,88,168,192,104
15,65,1364574462633,65,1364574462696,63,112,87,24
15,78,1364574462769,78,1364574462825,56,136,129,73
15,32,1364574462937,32,1364574463057,120,168,232,112
15,84,1364574463089,84,1364574463169,80,152,112,32
15,32,1364574463385,32,1364574463496,111,296,327,216
15,8,1364574463792,8,1364574463856,64,407,360,296
15,80,1364574464160,80,1364574464240,80,368,384,304
15,32,1364574464425,32,1364574464545,120,265,305,185
15,8,1364574464880,8,1364574464936,56,455,391,335
15,8,1364574465016,8,1364574465096,80,136,160,80
15,79,1364574465577,79,1364574465648,71,561,552,481
15,32,1364574465760,32,1364574465872,112,183,224,112
15,84,1364574465920,84,1364574465992,72,160,120,48
15,65,1364574466128,65,1364574466232,104,208,240,136
15,75,1364574466256,75,1364574466352,96,128,120,24
15,69,1364574466353,69,1364574466440,87,97,88,1
15,32,1364574466456,32,1364574466584,128,103,144,16
15,16,1364574466872,16,1364574467048,176,416,464,288
15,65,1364574466992,65,1364574467056,64,120,8,-56
15,77,1364574467176,77,1364574467232,56,184,176,120
15,89,1364574467384,89,1364574467472,88,208,240,152
15,32,1364574467601,32,1364574467672,71,217,200,129
15,65,1364574467704,65,1364574467784,80,103,112,32
15,78,1364574467784,78,1364574467856,72,80,72,0
15,68,1364574467896,68,1364574467977,81,112,121,40
15,32,1364574467977,32,1364574468080,103,81,103,0
15,65,1364574468297,65,1364574468352,55,320,272,217
15,65,1364574468456,65,1364574468528,72,159,176,104
15,82,1364574468696,82,1364574468768,72,240,240,168
15,79,1364574468888,79,1364574468992,104,192,224,120
15,78,1364574468952,78,1364574469040,88,64,48,-40
15,32,1364574469216,32,1364574469360,144,264,320,176
15,87,1364574469504,87,1364574469600,96,288,240,144
15,73,1364574469640,73,1364574469728,88,136,128,40
15,84,1364574469752,84,1364574469856,104,112,128,24
15,72,1364574469841,72,1364574469928,87,89,72,-15
15,32,1364574470594,32,1364574470696,102,753,768,666
15,85,1364574471296,85,1364574471392,96,702,696,600
15,83,1364574471448,83,1364574471546,98,152,154,56
15,32,1364574471584,32,1364574471728,144,136,182,38
15,65,1364574471752,65,1364574471840,88,168,112,24
15,78,1364574471880,78,1364574471984,104,128,144,40
15,68,1364574471984,68,1364574472080,96,104,96,0
15,32,1364574472120,32,1364574472248,128,136,168,40
15,86,1364574472592,86,1364574472648,56,472,400,344
15,73,1364574472776,73,1364574472848,72,184,200,128
15,83,1364574472920,83,1364574473008,88,144,160,72
15,73,1364574473080,73,1364574473216,136,160,208,72
15,84,1364574473248,84,1364574473376,128,168,160,32
15,32,1364574474616,32,1364574474680,64,1368,1304,1240
15,16,1364574475320,16,1364574475720,400,704,1040,640
15,74,1364574475672,74,1364574475768,96,352,48,-48
15,73,1364574475880,73,1364574475976,96,208,208,112
15,65,1364574476008,65,1364574476096,88,128,120,32
15,88,1364574476216,88,1364574476312,96,208,216,120
15,73,1364574476344,73,1364574476424,80,128,112,32
15,78,1364574476392,78,1364574476464,72,48,40,-32
15,71,1364574476584,71,1364574476640,56,192,176,120
15,32,1364574476752,32,1364574476856,104,168,216,112
15,65,1364574476888,65,1364574476968,80,136,112,32
15,78,1364574476968,78,1364574477040,72,80,72,0
15,68,1364574477080,68,1364574477184,104,112,144,40
15,32,1364574477152,32,1364574477248,96,72,64,-32
15,72,1364574477496,72,1364574477632,136,344,384,248
15,85,1364574477632,85,1364574477720,88,136,88,0
15,77,1364574478248,77,1364574478304,56,616,584,528
15,65,1364574478344,65,1364574478424,80,96,120,40
15,78,1364574478448,78,1364574478520,72,104,96,24
15,190,1364574478752,190,1364574478800,48,304,280,232
15,32,1364574479000,32,1364574479048,48,248,248,200
15,16,1364574479720,16,1364574479921,201,720,873,672
15,73,1364574479857,73,1364574479953,96,137,32,-64
15,78,1364574480081,78,1364574480161,80,224,208,128
15,32,1364574480265,32,1364574480344,79,184,183,104
15,84,1364574480384,84,1364574480465,81,119,121,40
15,72,1364574480465,72,1364574480528,63,81,63,0
15,69,1364574480593,69,1364574480673,80,128,145,65
15,32,1364574480673,32,1364574480761,88,80,88,0
15,83,1364574480905,83,1364574480985,80,232,224,144
15,65,1364574480985,65,1364574481088,103,80,103,0
15,77,1364574481136,77,1364574481225,89,151,137,48
15,69,1364574481225,69,1364574481328,103,89,103,0
15,32,1364574481360,32,1364574481473,113,135,145,32
15,84,1364574481553,84,1364574481640,87,193,167,80
15,73,1364574481617,73,1364574481736,119,64,96,-23
15,77,1364574481720,77,1364574481833,113,103,97,-16
15,69,1364574481833,69,1364574481904,71,113,71,0
15,188,1364574482017,188,1364574482073,56,184,169,113
15,32,1364574482211,32,1364574482320,109,194,247,138
15,16,1364574482480,16,1364574482713,233,269,393,160
15,73,1364574482640,73,1364574482713,73,160,0,-73
15,32,1364574482864,32,1364574483000,136,224,287,151
15,87,1364574483520,87,1364574483601,81,656,601,520
15,79,1364574483672,79,1364574483776,104,152,175,71
15,85,1364574483777,85,1364574483848,71,105,72,1
15,76,1364574483920,76,1364574484048,128,143,200,72
15,68,1364574484120,68,1364574484208,88,200,160,72
15,32,1364574484720,32,1364574484832,112,600,624,512
15,80,1364574485032,80,1364574485096,64,312,264,200
15,82,1364574485136,82,1364574485214,78,104,118,40
15,79,1364574485248,79,1364574485312,64,112,98,34
15,66,1364574485552,66,1364574485616,64,304,304,240
15,65,1364574485680,65,1364574485745,65,128,129,64
15,66,1364574485736,66,1364574485848,112,56,103,-9
15,76,1364574486057,76,1364574486128,71,321,280,209
15,89,1364574486320,89,1364574486400,80,263,272,192
15,32,1364574486536,32,1364574486656,120,216,256,136
15,84,1364574486680,84,1364574486744,64,144,88,24
15,65,1364574486867,65,1364574486920,53,187,176,123
15,75,1364574486960,75,1364574487024,64,93,104,40
15,69,1364574487040,69,1364574487104,64,80,80,16
15,32,1364574487136,32,1364574487211,75,96,107,32
15,65,1364574487211,65,1364574487312,101,75,101,0
15,32,1364574487312,32,1364574487408,96,101,96,0
15,70,1364574488344,70,1364574488408,64,1032,1000,936
15,69,1364574488520,69,1364574488576,56,176,168,112
15,87,1364574488680,87,1364574488808,128,160,232,104
15,32,1364574488872,32,1364574489016,144,192,208,64
15,68,1364574489128,68,1364574489240,112,256,224,112
15,65,1364574489224,65,1364574489312,88,96,72,-16
15,89,1364574489432,89,1364574489520,88,208,208,120
15,83,1364574489552,83,1364574489680,128,120,160,32
15,32,1364574489864,32,1364574490016,152,312,336,184
15,84,1364574490240,84,1364574490328,88,376,312,224
15,79,1364574490320,79,1364574490392,72,80,64,-8
15,32,1364574490512,32,1364574490616,104,192,224,120
15,83,1364574490896,83,1364574491000,104,384,384,280
15,73,1364574491024,73,1364574491104,80,128,104,24
15,71,1364574491848,71,1364574491968,120,824,864,744
15,72,1364574491944,72,1364574492048,104,96,80,-24
15,84,1364574492024,84,1364574492096,72,80,48,-24
15,83,1364574492360,83,1364574492408,48,336,312,264
15,69,1364574492552,69,1364574492616,64,192,208,144
15,69,1364574492712,69,1364574492808,96,160,192,96
15,73,1364574492848,73,1364574492960,112,136,152,40
15,78,1364574492928,78,1364574493016,88,80,56,-32
15,71,1364574493120,71,1364574493200,80,192,184,104
15,8,1364574493656,8,1364574493704,48,536,504,456
15,8,1364574493792,8,1364574493856,64,136,152,88
15,8,1364574493928,8,1364574494056,128,136,200,72
15,73,1364574495224,73,1364574495320,96,1296,1264,1168
15,78,1364574495272,78,1364574495368,96,48,48,-48
15,71,1364574495512,71,1364574495592,80,240,224,144
15,32,1364574495696,32,1364574495776,80,184,184,104
15,73,1364574496368,73,1364574496496,128,672,720,592
15,78,1364574496448,78,1364574496528,80,80,32,-48
15,32,1364574496648,32,1364574496784,136,200,256,120
15,83,1364574497673,83,1364574497745,72,1025,961,889
15,79,1364574497785,79,1364574497905,120,112,160,40
15,85,1364574497873,85,1364574497945,72,88,40,-32
15,84,1364574498025,84,1364574498113,88,152,168,80
15,72,1364574498113,72,1364574498201,88,88,88,0
15,32,1364574498353,32,1364574498457,104,240,256,152
15,67,1364574498513,67,1364574498585,72,160,128,56
15,72,1364574498649,72,1364574498761,112,136,176,64
15,73,1364574498841,73,1364574498960,119,192,199,80
15,78,1364574498921,78,1364574499016,95,80,56,-39
15,65,1364574499048,65,1364574499136,88,127,120,32
15,190,1364574499328,190,1364574499392,64,280,256,192
15,13,1364574499760,13,1364574499824,64,432,432,368
15,13,1364574499912,13,1364574500008,96,152,184,88
15,16,1364574500856,16,1364574501185,329,944,1177,848
15,79,1364574501089,79,1364574501193,104,233,8,-96
15,75,1364574501368,75,1364574501440,72,279,247,175
15,190,1364574502608,190,1364574502688,80,1240,1248,1168
15,32,1364574502832,32,1364574502920,88,224,232,144
15,16,1364574503032,16,1364574503200,168,200,280,112
15,87,1364574503168,87,1364574503256,88,136,56,-32
15,73,1364574503344,73,1364574503400,56,176,144,88
15,76,1364574503520,76,1364574503576,56,176,176,120
15,76,1364574503664,76,1364574503728,64,144,152,88
15,32,1364574503840,32,1364574503928,88,176,200,112
15,84,1364574503968,84,1364574504048,80,128,120,40
15,65,1364574504200,65,1364574504336,136,232,288,152
15,75,1364574504464,75,1364574504568,104,264,232,128
15,32,1364574504688,32,1364574504800,112,224,232,120
15,84,1364574504864,84,1364574504945,81,176,145,64
15,79,1364574504945,79,1364574504992,47,81,47,0
15,32,1364574505096,32,1364574505184,88,151,192,104
15,85,1364574505360,85,1364574505384,24,264,200,176
15,8,1364574506448,8,1364574506520,72,1088,1136,1064
15,89,1364574506864,89,1364574506960,96,416,440,344
15,79,1364574507056,79,1364574507152,96,192,192,96
15,85,1364574507112,85,1364574507184,72,56,32,-40
15,32,1364574507312,32,1364574507384,72,200,200,128
15,78,1364574507472,78,1364574507568,96,160,184,88
15,69,1364574507569,69,1364574507616,47,97,48,1
15,88,1364574507728,88,1364574507816,88,159,200,112
15,32,1364574507954,32,1364574508040,86,226,224,138
15,84,1364574507956,84,1364574508048,92,2,8,-84
15,73,1364574508168,73,1364574508280,112,212,232,120
15,84,1364574508232,84,1364574508320,88,64,40,-48
15,77,1364574508384,77,1364574508536,152,152,216,64
15,69,1364574508576,69,1364574508680,104,192,144,40
15,190,1364574508744,190,1364574508848,104,168,168,64
15,13,1364574509088,13,1364574509160,72,344,312,240
15,13,1364574509248,13,1364574509328,80,160,168,88
15,16,1364574509504,16,1364574509856,352,256,528,176
15,84,1364574509776,84,1364574509856,80,272,0,-80
15,72,1364574510024,72,1364574510088,64,248,232,168
15,65,1364574510104,65,1364574510200,96,80,112,16
15,78,1364574510200,78,1364574510280,80,96,80,0
15,75,1364574510248,75,1364574510352,104,48,72,-32
15,83,1364574510304,83,1364574510392,88,56,40,-48
15,188,1364574510496,188,1364574510568,72,192,176,104
15,13,1364574510688,13,1364574510784,96,192,216,120
15,16,1364574510904,16,1364574511096,192,216,312,120
15,88,1364574511040,88,1364574511136,96,136,40,-56
15,73,1364574511248,73,1364574511320,72,208,184,112
15,65,1364574511296,65,1364574511376,80,48,56,-24
15,79,1364574511416,79,1364574511472,56,120,96,40
15,77,1364574511472,77,1364574511568,96,56,96,0
15,73,1364574511592,73,1364574511704,112,120,136,24
15,78,1364574511664,78,1364574511736,72,72,32,-40
15,71,1364574511832,71,1364574511920,88,168,184,96
15,13,1364574512080,13,1364574512184,104,248,264,160
16,84,1363716689217,84,1363716689305,88,128,16,-72
16,89,1363716689361,89,1363716689441,80,144,136,56
16,80,1363716689825,80,1363716689913,88,464,472,384
16,73,1363716690017,73,1363716690177,160,192,264,104
16,78,1363716690137,78,1363716690265,128,120,88,-40
16,71,1363716690265,71,1363716690353,88,128,88,0
16,66,1363716690489,66,1363716690561,72,224,208,136
16,69,1363716690657,69,1363716690721,64,168,160,96
16,8,1363716691177,8,1363716691233,56,520,512,456
16,8,1363716691305,8,1363716691361,56,128,128,72
16,32,1363716691601,32,1363716691689,88,296,328,240
16,66,1363716691817,66,1363716691913,96,216,224,128
16,69,1363716692337,69,1363716692401,64,520,488,424
16,72,1363716692649,72,1363716692753,104,312,352,248
16,65,1363716692753,65,1363716692865,112,104,112,0
16,86,1363716692969,86,1363716693088,119,216,223,104
16,73,1363716693049,73,1363716693129,80,80,41,-39
16,79,1363716693232,79,1363716693369,137,183,240,103
16,82,1363716693369,82,1363716693456,87,137,87,0
16,16,1363716693624,16,1363716693808,184,255,352,168
16,186,1363716693712,186,1363716693905,193,88,97,-96
16,32,1363716693873,32,1363716694000,127,161,95,-32
16,68,1363716694257,68,1363716694369,112,384,369,257
16,65,1363716694370,65,1363716694449,79,113,80,1
16,84,1363716694473,84,1363716694609,136,103,160,24
16,65,1363716694593,65,1363716694689,96,120,80,-16
16,32,1363716694969,32,1363716695137,168,376,448,280
16,67,1363716695121,67,1363716695241,120,152,104,-16
16,65,1363716695210,65,1363716695321,111,89,80,-31
16,80,1363716695337,80,1363716695450,113,127,129,16
16,84,1363716695450,84,1363716695537,87,113,87,0
16,85,1363716695585,85,1363716695649,64,135,112,48
16,82,1363716695689,82,1363716695785,96,104,136,40
16,69,1363716695753,69,1363716695833,80,64,48,-32
16,32,1363716695849,32,1363716695969,120,96,136,16
16,83,1363716696057,83,1363716696137,80,208,168,88
16,89,1363716696217,89,1363716696313,96,160,176,80
16,83,1363716696369,83,1363716696449,80,152,136,56
16,84,1363716696593,84,1363716696737,144,224,288,144
16,69,1363716696689,69,1363716696809,120,96,72,-48
16,77,1363716696905,77,1363716696993,88,216,184,96
16,190,1363716697177,190,1363716697281,104,272,288,184
16,13,1363716697457,13,1363716697529,72,280,248,176
16,16,1363716697689,16,1363716697849,160,232,320,160
16,84,1363716697769,84,1363716697881,112,80,32,-80
16,72,1363716697882,72,1363716698017,135,113,136,1
16,73,1363716697961,73,1363716698097,136,79,80,-56
16,83,1363716698097,83,1363716698161,64,136,64,0
16,32,1363716698161,32,1363716698273,112,64,112,0
16,73,1363716698321,73,1363716698409,88,160,136,48
16,83,1363716698433,83,1363716698537,104,112,128,24
16,32,1363716698537,32,1363716698641,104,104,104,0
16,65,1363716698705,65,1363716698785,80,168,144,64
16,78,1363716698937,78,1363716699041,104,232,256,152
16,8,1363716699273,8,1363716699377,104,336,336,232
16,32,1363716700033,32,1363716700193,160,760,816,656
16,69,1363716700313,69,1363716700409,96,280,216,120
16,8,1363716700569,8,1363716700633,64,256,224,160
16,8,1363716700865,8,1363716700913,48,296,280,232
16,78,1363716701073,78,1363716701209,136,208,296,160
16,32,1363716701153,32,1363716701281,128,80,72,-56
16,69,1363716701257,69,1363716701321,64,104,40,-24
16,88,1363716701473,88,1363716701561,88,216,240,152
16,80,1363716701585,80,1363716701698,113,112,137,24
16,69,1363716701769,69,1363716701817,48,184,119,71
16,82,1363716701857,82,1363716701969,112,88,152,40
16,73,1363716702001,73,1363716702057,56,144,88,32
16,69,1363716702129,69,1363716702209,80,128,152,72
16,77,1363716702249,77,1363716702345,96,120,136,40
16,8,1363716702585,8,1363716702633,48,336,288,240
16,8,1363716702705,8,1363716702753,48,120,120,72
16,77,1363716702905,77,1363716702977,72,200,224,152
16,69,1363716703001,69,1363716703089,88,96,112,24
16,78,1363716703089,78,1363716703169,80,88,80,0
16,84,1363716703209,84,1363716703289,80,120,120,40
16,32,1363716703313,32,1363716703401,88,104,112,24
16,70,1363716703449,70,1363716703561,112,136,160,48
16,79,1363716703537,79,1363716703641,104,88,80,-24
16,82,1363716703673,82,1363716703761,88,136,120,32
16,32,1363716703761,32,1363716703865,104,88,104,0
16,84,1363716703993,84,1363716704105,112,232,240,128
16,72,1363716704105,72,1363716704209,104,112,104,0
16,69,1363716704177,69,1363716704257,80,72,48,-32
16,32,1363716704273,32,1363716704361,88,96,104,16
16,72,1363716704521,72,1363716704601,80,248,240,160
16,89,1363716704721,89,1363716704809,88,200,208,120
16,80,1363716704929,80,1363716705001,72,208,192,120
16,79,1363716705513,79,1363716705649,136,584,648,512
16,84,1363716705729,84,1363716705833,104,216,184,80
16,72,1363716705857,72,1363716705945,88,128,112,24
16,69,1363716705993,69,1363716706065,72,136,120,48
16,83,1363716706193,83,1363716706297,104,200,232,128
16,73,1363716706409,73,1363716706537,128,216,240,112
16,83,1363716706537,83,1363716706633,96,128,96,0
16,32,1363716706649,32,1363716706753,104,112,120,16
16,84,1363716706769,84,1363716706857,88,120,104,16
16,72,1363716706857,72,1363716706938,81,88,81,0
16,65,1363716707009,65,1363716707089,80,152,151,71
16,84,1363716707041,84,1363716707153,112,32,64,-48
16,32,1363716707145,32,1363716707241,96,104,88,-8
16,84,1363716707273,84,1363716707353,80,128,112,32
16,72,1363716707377,72,1363716707457,80,104,104,24
16,69,1363716707481,69,1363716707553,72,104,96,24
16,32,1363716707553,32,1363716707657,104,72,104,0
16,66,1363716709017,66,1363716709081,64,1464,1424,1360
16,69,1363716709185,69,1363716709273,88,168,192,104
16,8,1363716709600,8,1363716709656,56,415,383,327
16,8,1363716709720,8,1363716709792,72,120,136,64
16,84,1363716710001,84,1363716710097,96,281,305,209
16,89,1363716710505,89,1363716710600,95,504,503,408
16,80,1363716710705,80,1363716710824,119,200,224,105
16,73,1363716710929,73,1363716711128,199,224,304,105
16,71,1363716711152,71,1363716711272,120,223,144,24
16,8,1363716711568,8,1363716711641,73,416,369,296
16,78,1363716711809,78,1363716711913,104,241,272,168
16,71,1363716712186,71,1363716712313,127,377,400,273
16,32,1363716712417,32,1363716712545,128,231,232,104
16,67,1363716715601,67,1363716715753,152,3184,3208,3056
16,65,1363716715713,65,1363716715841,128,112,88,-40
16,78,1363716715801,78,1363716715937,136,88,96,-40
16,32,1363716715881,32,1363716716025,144,80,88,-56
16,72,1363716716065,72,1363716716153,88,184,128,40
16,69,1363716716209,69,1363716716281,72,144,128,56
16,76,1363716716297,76,1363716716353,56,88,72,16
16,80,1363716716489,80,1363716716601,112,192,248,136
16,32,1363716716561,32,1363716716713,152,72,112,-40
16,84,1363716716777,84,1363716716873,96,216,160,64
16,79,1363716716905,79,1363716717017,112,128,144,32
16,32,1363716717137,32,1363716717289,152,232,272,120
16,68,1363716718705,68,1363716718793,88,1568,1504,1416
16,69,1363716718890,69,1363716718985,95,185,192,97
16,8,1363716719489,8,1363716719545,56,599,560,504
16,8,1363716719617,8,1363716719681,64,128,136,72
16,67,1363716719833,67,1363716719897,64,216,216,152
16,82,1363716720017,82,1363716720129,112,184,232,120
16,69,1363716720089,69,1363716720185,96,72,56,-40
16,65,1363716720209,65,1363716720329,120,120,144,24
16,84,1363716720313,84,1363716720425,112,104,96,-16
16,69,1363716720361,69,1363716720473,112,48,48,-64
16,32,1363716720449,32,1363716720593,144,88,120,-24
16,84,1363716720593,84,1363716720689,96,144,96,0
16,72,1363716720690,72,1363716720753,63,97,64,1
16,69,1363716720777,69,1363716720865,88,87,112,24
16,32,1363716720865,32,1363716720977,112,88,112,0
16,83,1363716721057,83,1363716721145,88,192,168,80
16,73,1363716721249,73,1363716721313,64,192,168,104
16,71,1363716721393,71,1363716721505,112,144,192,80
16,78,1363716721593,78,1363716721721,128,200,216,88
16,65,1363716721753,65,1363716721809,56,160,88,32
16,82,1363716721921,82,1363716722081,160,168,272,112
16,69,1363716722025,69,1363716722137,112,104,56,-56
16,85,1363716722081,85,1363716722169,88,56,32,-56
16,8,1363716722489,8,1363716722537,48,408,368,320
16,8,1363716722601,8,1363716722641,40,112,104,64
16,8,1363716722697,8,1363716722761,64,96,120,56
16,84,1363716722881,84,1363716722961,80,184,200,120
16,85,1363716722977,85,1363716723049,72,96,88,16
16,82,1363716723097,82,1363716723225,128,120,176,48
16,69,1363716723169,69,1363716723273,104,72,48,-56
16,32,1363716723257,32,1363716723369,112,88,96,-16
16,70,1363716723497,70,1363716723625,128,240,256,128
16,79,1363716723593,79,1363716723705,112,96,80,-32
16,82,1363716724441,82,1363716724537,96,848,832,736
16,32,1363716724585,32,1363716724729,144,144,192,48
16,69,1363716726513,69,1363716726577,64,1928,1848,1784
16,8,1363716726777,8,1363716726841,64,264,264,200
16,80,1363716727305,80,1363716727433,128,528,592,464
16,8,1363716727585,8,1363716727640,55,280,207,152
16,65,1363716727689,65,1363716727808,119,104,168,49
16,32,1363716727840,32,1363716727945,105,151,137,32
16,80,1363716727984,80,1363716728120,136,144,175,39
16,69,1363716728104,69,1363716728240,136,120,120,-16
16,82,1363716728209,82,1363716728273,64,105,33,-31
16,83,1363716728409,83,1363716728520,111,200,247,136
16,79,1363716728512,79,1363716728712,200,103,192,-8
16,78,1363716728640,78,1363716728768,128,128,56,-72
16,190,1363716728936,190,1363716729040,104,296,272,168
16,32,1363716729154,32,1363716729258,104,218,218,114
16,16,1363716729545,16,1363716729721,176,391,463,287
16,84,1363716729650,84,1363716729761,111,105,40,-71
16,79,1363716729777,79,1363716729897,120,127,136,16
16,32,1363716729841,32,1363716729993,152,64,96,-56
16,86,1363716730177,86,1363716730305,128,336,312,184
16,65,1363716730313,65,1363716730409,96,136,104,8
16,76,1363716730473,76,1363716730585,112,160,176,64
16,73,1363716730585,73,1363716730681,96,112,96,0
16,68,1363716730689,68,1363716730793,104,104,112,8
16,65,1363716730793,65,1363716730945,152,104,152,0
16,84,1363716730921,84,1363716731073,152,128,128,-24
16,69,1363716731009,69,1363716731105,96,88,32,-64
16,32,1363716731129,32,1363716731242,113,120,137,24
16,84,1363716731242,84,1363716731329,87,113,87,0
16,72,1363716731330,72,1363716731425,95,88,96,1
16,69,1363716731425,69,1363716731521,96,95,96,0
16,32,1363716731521,32,1363716731595,74,96,74,0
16,72,1363716731961,72,1363716732041,80,440,446,366
16,89,1363716732129,89,1363716732217,88,168,176,88
16,80,1363716732329,80,1363716732401,72,200,184,112
16,79,1363716732497,79,1363716732633,136,168,232,96
16,83,1363716732641,83,1363716732769,128,144,136,8
16,8,1363716733201,8,1363716733313,112,560,544,432
16,84,1363716733433,84,1363716733545,112,232,232,120
16,72,1363716733545,72,1363716733633,88,112,88,0
16,69,1363716733673,69,1363716733769,96,128,136,40
16,83,1363716734065,83,1363716734153,88,392,384,296
16,73,1363716734193,73,1363716734337,144,128,184,40
16,83,1363716734361,83,1363716734465,104,168,128,24
16,188,1363716734561,188,1363716734714,153,200,249,96
16,32,1363716734641,32,1363716734801,160,80,87,-73
16,87,1363716734753,87,1363716734897,144,112,96,-48
16,69,1363716734849,69,1363716734953,104,96,56,-48
16,32,1363716735009,32,1363716735113,104,160,160,56
16,68,1363716735313,68,1363716735417,104,304,304,200
16,79,1363716735449,79,1363716735569,120,136,152,32
16,32,1363716735481,32,1363716735625,144,32,56,-88
16,84,1363716735681,84,1363716735777,96,200,152,56
16,72,1363716735745,72,1363716735841,96,64,64,-32
16,69,1363716735857,69,1363716735945,88,112,104,16
16,32,1363716735913,32,1363716736041,128,56,96,-32
16,69,1363716736065,69,1363716736145,80,152,104,24
16,88,1363716736289,88,1363716736377,88,224,232,144
16,80,1363716736497,80,1363716736601,104,208,224,120
16,69,1363716736777,69,1363716736881,104,280,280,176
16,82,1363716737553,82,1363716737657,104,776,776,672
16,69,1363716737769,69,1363716737865,96,216,208,112
16,8,1363716738225,8,1363716738289,64,456,424,360
16,73,1363716738401,73,1363716738465,64,176,176,112
16,77,1363716738585,77,1363716738689,104,184,224,120
16,69,1363716738690,69,1363716738777,87,105,88,1
16,78,1363716738801,78,1363716738857,56,111,80,24
16,84,1363716738913,84,1363716739009,96,112,152,56
16,190,1363716739257,190,1363716739385,128,344,376,248
16,32,1363716739489,32,1363716739617,128,232,232,104
16,16,1363716739833,16,1363716740481,648,344,864,216
16,84,1363716740377,84,1363716740481,104,544,0,-104
16,72,1363716740481,72,1363716740569,88,104,88,0
16,69,1363716740649,69,1363716740721,72,168,152,80
16,32,1363716740937,32,1363716741041,104,288,320,216
16,70,1363716741225,70,1363716741313,88,288,272,184
16,73,1363716741337,73,1363716741449,112,112,136,24
16,82,1363716741449,82,1363716741569,120,112,120,0
16,83,1363716741569,83,1363716741689,120,120,120,0
16,84,1363716741657,84,1363716741753,96,88,64,-32
16,32,1363716741777,32,1363716741897,120,120,144,24
16,68,1363716741913,68,1363716742081,168,136,184,16
16,65,1363716742081,65,1363716742201,120,168,120,0
16,89,1363716742225,89,1363716742353,128,144,152,24
16,32,1363716742329,32,1363716742433,104,104,80,-24
16,79,1363716742481,79,1363716742601,120,152,168,48
16,70,1363716742601,70,1363716742681,80,120,80,0
16,32,1363716742657,32,1363716742777,120,56,96,-24
16,84,1363716742801,84,1363716742897,96,144,120,24
16,72,1363716742865,72,1363716742953,88,64,56,-32
16,69,1363716742969,69,1363716743057,88,104,104,16
16,32,1363716743057,32,1363716743169,112,88,112,0
16,69,1363716743225,69,1363716743329,104,168,160,56
16,88,1363716743681,88,1363716743777,96,456,448,352
16,80,1363716743833,80,1363716743961,128,152,184,56
16,69,1363716744025,69,1363716744097,72,192,136,64
16,82,1363716744225,82,1363716744329,104,200,232,128
16,73,1363716744377,73,1363716744425,48,152,96,48
16,69,1363716744529,69,1363716744633,104,152,208,104
16,8,1363716745192,8,1363716745296,104,663,663,559
16,77,1363716745448,77,1363716745569,121,256,273,152
16,69,1363716745569,69,1363716745648,79,121,79,0
16,78,1363716745680,78,1363716745768,88,111,120,32
16,84,1363716745809,84,1363716745904,95,129,136,41
16,32,1363716745905,32,1363716745992,87,96,88,1
16,73,1363716746040,73,1363716746176,136,135,184,48
16,83,1363716746232,83,1363716746336,104,192,160,56
16,32,1363716746392,32,1363716746561,169,160,225,56
16,84,1363716747130,84,1363716747234,104,738,673,569
16,79,1363716747370,79,1363716747506,136,240,272,136
16,32,1363716747530,32,1363716747642,112,160,136,24
16,16,1363801074470,16,1363801074702,232,512,488,256
16,73,1363801074654,73,1363801074782,128,184,80,-48
16,84,1363801074855,84,1363801074934,79,201,152,73
16,87,1363801075134,87,1363801075246,112,279,312,200
16,8,1363801075518,8,1363801075598,80,384,352,272
16,32,1363801075710,32,1363801075831,121,192,233,112
16,87,1363801075831,87,1363801075910,79,121,79,0
16,65,1363801076022,65,1363801076110,88,191,200,112
16,83,1363801076190,83,1363801076278,88,168,168,80
16,32,1363801076310,32,1363801076414,104,120,136,32
16,84,1363801076414,84,1363801076510,96,104,96,0
16,72,1363801076510,72,1363801076582,72,96,72,0
16,69,1363801076582,69,1363801076686,104,72,104,0
16,32,1363801076686,32,1363801076766,80,104,80,0
16,66,1363801076806,66,1363801076902,96,120,136,40
16,69,1363801076966,69,1363801077110,144,160,208,64
16,83,1363801077110,83,1363801077270,160,144,160,0
16,84,1363801077190,84,1363801077310,120,80,40,-80
16,32,1363801077310,32,1363801077382,72,120,72,0
16,79,1363801077422,79,1363801077542,120,112,160,40
16,70,1363801077542,70,1363801077654,112,120,112,0
16,32,1363801077638,32,1363801077726,88,96,72,-16
16,84,1363801077798,84,1363801077894,96,160,168,72
16,73,1363801077894,73,1363801077935,41,96,41,0
16,69,1363801078134,69,1363801078230,96,240,295,199
16,32,1363801078230,32,1363801078318,88,96,88,0
16,8,1363801078510,8,1363801078566,56,280,248,192
16,8,1363801078638,8,1363801078686,48,128,120,72
16,78,1363801078951,78,1363801078998,47,313,312,265
16,69,1363801079054,69,1363801079142,88,103,144,56
16,32,1363801079135,32,1363801079230,95,81,88,-7
16,8,1363801079478,8,1363801079534,56,343,304,248
16,8,1363801079598,8,1363801079734,136,120,200,64
16,8,1363801079822,8,1363801079894,72,224,160,88
16,77,1363801080078,77,1363801080190,112,256,296,184
16,69,1363801080206,69,1363801080286,80,128,96,16
16,32,1363801080286,32,1363801080382,96,80,96,0
16,73,1363801080510,73,1363801080622,112,224,240,128
16,84,1363801080638,84,1363801080742,104,128,120,16
16,32,1363801080742,32,1363801080846,104,104,104,0
16,87,1363801080910,87,1363801080982,72,168,136,64
16,65,1363801081230,65,1363801081318,88,320,336,248
16,83,1363801081430,83,1363801081518,88,200,200,112
16,32,1363801081510,32,1363801081606,96,80,88,-8
16,84,1363801081630,84,1363801081718,88,120,112,24
16,72,1363801081718,72,1363801081806,88,88,88,0
16,69,1363801081806,69,1363801081894,88,88,88,0
16,32,1363801081894,32,1363801081982,88,88,88,0
16,69,1363801082062,69,1363801082110,48,168,128,80
16,8,1363801082406,8,1363801082486,80,344,376,296
16,65,1363801082486,65,1363801082606,120,80,120,0
16,71,1363801082630,71,1363801082782,152,144,176,24
16,69,1363801082702,69,1363801082814,112,72,32,-80
16,32,1363801082846,32,1363801082918,72,144,104,32
16,79,1363801082974,79,1363801083102,128,128,184,56
16,70,1363801083102,70,1363801083214,112,128,112,0
16,32,1363801083214,32,1363801083318,104,112,104,0
16,87,1363801084062,87,1363801084142,80,848,824,744
16,73,1363801084254,73,1363801084382,128,192,240,112
16,83,1363801084710,83,1363801084822,112,456,440,328
16,84,1363801085006,84,1363801085110,104,296,288,184
16,8,1363801085678,8,1363801085742,64,672,632,568
16,68,1363801085798,68,1363801085910,112,120,168,56
16,79,1363801085910,79,1363801086038,128,112,128,0
16,77,1363801086070,77,1363801086142,72,160,104,32
16,35,1363801091846,35,1363801091966,120,5776,5824,5704
16,188,1363801092926,188,1363801093078,152,1080,1112,960
16,32,1363801093174,32,1363801093278,104,248,200,96
16,73,1363801093718,73,1363801093806,88,544,528,440
16,84,1363801093862,84,1363801093966,104,144,160,56
16,32,1363801093967,32,1363801094062,95,105,96,1
16,87,1363801094094,87,1363801094174,80,127,112,32
16,65,1363801094278,65,1363801094350,72,184,176,104
16,83,1363801094446,83,1363801094510,64,168,160,96
16,32,1363801094542,32,1363801094622,80,96,112,32
16,84,1363801094646,84,1363801094718,72,104,96,24
16,72,1363801094718,72,1363801094822,104,72,104,0
16,69,1363801094822,69,1363801094886,64,104,64,0
16,32,1363801094926,32,1363801095014,88,104,128,40
16,65,1363801095190,65,1363801095278,88,264,264,176
16,71,1363801095334,71,1363801095510,176,144,232,56
16,69,1363801095438,69,1363801095542,104,104,32,-72
16,32,1363801095622,32,1363801095710,88,184,168,80
16,79,1363801095742,79,1363801095862,120,120,152,32
16,70,1363801095846,70,1363801095966,120,104,104,-16
16,32,1363801095950,32,1363801096062,112,104,96,-16
16,70,1363801096198,70,1363801096294,96,248,232,136
16,79,1363801096310,79,1363801096358,48,112,64,16
16,79,1363801096646,79,1363801096726,80,336,368,288
16,76,1363801096966,76,1363801097070,104,320,344,240
16,73,1363801097286,73,1363801097390,104,320,320,216
16,83,1363801097414,83,1363801097528,114,128,138,24
16,72,1363801097550,72,1363801097622,72,136,94,22
16,78,1363801098134,78,1363801098222,88,584,600,512
16,69,1363801098238,69,1363801098310,72,104,88,16
16,83,1363801098422,83,1363801098486,64,184,176,112
16,83,1363801098518,83,1363801098646,128,96,160,32
16,188,1363801099038,188,1363801099182,144,520,536,392
16,32,1363801099134,32,1363801099278,144,96,96,-48
16,73,1363801099334,73,1363801099446,112,200,168,56
16,84,1363801099478,84,1363801099590,112,144,144,32
16,32,1363801099590,32,1363801099718,128,112,128,0
16,87,1363801099718,87,1363801099798,80,128,80,0
16,65,1363801099918,65,1363801099982,64,200,184,120
16,83,1363801100078,83,1363801100198,120,160,216,96
16,32,1363801100190,32,1363801100334,144,112,136,-8
16,84,1363801100334,84,1363801100422,88,144,88,0
16,72,1363801100446,72,1363801100526,80,112,104,24
16,69,1363801100526,69,1363801100598,72,80,72,0
16,32,1363801100630,32,1363801100726,96,104,128,32
16,69,1363801100934,69,1363801100990,56,304,264,208
16,80,1363801101294,80,1363801101382,88,360,392,304
16,79,1363801101518,79,1363801101614,96,224,232,136
16,67,1363801101654,67,1363801101798,144,136,184,40
16,72,1363801101974,72,1363801102070,96,320,272,176
16,32,1363801102190,32,1363801102294,104,216,224,120
16,79,1363801102358,79,1363801102470,112,168,176,64
16,70,1363801102470,70,1363801102598,128,112,128,0
16,32,1363801102598,32,1363801102726,128,128,128,0
16,66,1363801102806,66,1363801102886,80,208,160,80
16,69,1363801102974,69,1363801103062,88,168,176,88
16,76,1363801103150,76,1363801103278,128,176,216,88
16,73,1363801103246,73,1363801103374,128,96,96,-32
16,69,1363801103374,69,1363801103462,88,128,88,0
16,70,1363801103814,70,1363801103918,104,440,456,352
16,188,1363801104214,188,1363801104350,136,400,432,296
16,32,1363801104334,32,1363801104462,128,120,112,-16
16,73,1363801104534,73,1363801104639,105,200,177,72
16,84,1363801104703,84,1363801104791,88,169,152,64
16,32,1363801104943,32,1363801105103,160,240,312,152
16,87,1363801105167,87,1363801105246,79,224,143,64
16,65,1363801105374,65,1363801105454,80,207,208,128
16,83,1363801105558,83,1363801105670,112,184,216,104
16,32,1363801105662,32,1363801105814,152,104,144,-8
16,84,1363801105815,84,1363801105903,88,153,89,1
16,72,1363801105959,72,1363801106031,72,144,128,56
16,69,1363801106031,69,1363801106118,87,72,87,0
16,32,1363801106150,32,1363801106247,97,119,129,32
16,73,1363801110534,73,1363801110662,128,4384,4415,4287
16,78,1363801110614,78,1363801110734,120,80,72,-48
16,67,1363801110862,67,1363801110966,104,248,232,128
16,82,1363801111126,82,1363801111198,72,264,232,160
16,69,1363801111374,69,1363801111446,72,248,248,176
16,68,1363801111566,68,1363801111654,88,192,208,120
16,85,1363801111734,85,1363801111814,80,168,160,80
16,76,1363801111966,76,1363801112118,152,232,304,152
16,73,1363801112086,73,1363801112214,128,120,96,-32
16,84,1363801112254,84,1363801112350,96,168,136,40
16,89,1363801112390,89,1363801112478,88,136,128,40
16,188,1363801112638,188,1363801112798,160,248,320,160
16,32,1363801112718,32,1363801112878,160,80,80,-80
16,73,1363801112950,73,1363801113006,56,232,128,72
16,84,1363801113062,84,1363801113150,88,112,144,56
16,32,1363801113182,32,1363801113302,120,120,152,32
16,87,1363801113302,87,1363801113382,80,120,80,0
16,65,1363801113502,65,1363801113566,64,200,184,120
16,83,1363801113678,83,1363801113758,80,176,192,112
16,32,1363801113798,32,1363801113926,128,120,168,40
16,84,1363801113926,84,1363801113990,64,128,64,0
16,72,1363801114030,72,1363801114118,88,104,128,40
16,69,1363801114086,69,1363801114158,72,56,40,-32
16,32,1363801114214,32,1363801114310,96,128,152,56
16,83,1363801114510,83,1363801114615,105,296,305,200
16,69,1363801114615,69,1363801114750,135,105,135,0
16,65,1363801114774,65,1363801114862,88,159,112,24
16,83,1363801115006,83,1363801115078,72,232,216,144
16,79,1363801115174,79,1363801115326,152,168,248,96
16,78,1363801115238,78,1363801115358,120,64,32,-88
16,32,1363801115438,32,1363801115526,88,200,168,80
16,79,1363801115558,79,1363801115678,120,120,152,32
16,70,1363801115718,70,1363801115846,128,160,168,40
16,32,1363801115774,32,1363801115886,112,56,40,-72
16,76,1363801115990,76,1363801116086,96,216,200,104
16,73,1363801116046,73,1363801116190,144,56,104,-40
16,71,1363801116230,71,1363801116358,128,184,168,40
16,72,1363801116382,72,1363801116446,64,152,88,24
16,84,1363801116510,84,1363801116590,80,128,144,64
16,188,1363801117214,188,1363801117350,136,704,760,624
16,32,1363801117334,32,1363801117470,136,120,120,-16
16,73,1363801117510,73,1363801117614,104,176,144,40
16,84,1363801117654,84,1363801117774,120,144,160,40
16,32,1363801117774,32,1363801117918,144,120,144,0
16,87,1363801117918,87,1363801117990,72,144,72,0
16,65,1363801118102,65,1363801118182,80,184,192,112
16,83,1363801118286,83,1363801118374,88,184,192,104
16,32,1363801118374,32,1363801118518,144,88,144,0
16,84,1363801118534,84,1363801118622,88,160,104,16
16,72,1363801118655,72,1363801118742,87,121,120,33
16,69,1363801118742,69,1363801118846,104,87,104,0
16,32,1363801118886,32,1363801119007,121,144,161,40
16,68,1363801124534,68,1363801124630,96,5648,5623,5527
16,65,1363801124662,65,1363801124806,144,128,176,32
16,82,1363801124782,82,1363801124910,128,120,104,-24
16,75,1363801125126,75,1363801125238,112,344,328,216
16,78,1363801125422,78,1363801125526,104,296,288,184
16,69,1363801125527,69,1363801125598,71,105,72,1
16,83,1363801125710,83,1363801125750,40,183,152,112
16,83,1363801125830,83,1363801125903,73,120,153,80
16,188,1363801126014,188,1363801126134,120,184,231,111
16,32,1363801126062,32,1363801126238,176,48,104,-72
16,73,1363801126254,73,1363801126358,104,192,120,16
16,84,1363801126374,84,1363801126478,104,120,120,16
16,32,1363801126478,32,1363801126590,112,104,112,0
16,87,1363801126590,87,1363801126646,56,112,56,0
16,65,1363801126774,65,1363801126854,80,184,208,128
16,83,1363801126942,83,1363801127046,104,168,192,88
16,32,1363801127038,32,1363801127142,104,96,96,-8
16,84,1363801127182,84,1363801127278,96,144,136,40
16,72,1363801127278,72,1363801127366,88,96,88,0
16,69,1363801127366,69,1363801127454,88,88,88,0
16,32,1363801127455,32,1363801127582,127,89,128,1
16,83,1363801127734,83,1363801127838,104,279,256,152
16,80,1363801128478,80,1363801128582,104,744,744,640
16,82,1363801128598,82,1363801128710,112,120,128,16
16,73,1363801128734,73,1363801128870,136,136,160,24
16,78,1363801128814,78,1363801128934,120,80,64,-56
16,71,1363801128910,71,1363801128998,88,96,64,-24
16,32,1363801129038,32,1363801129110,72,128,112,40
16,79,1363801129166,79,1363801129278,112,128,168,56
16,70,1363801129254,70,1363801129374,120,88,96,-24
16,32,1363801129350,32,1363801129406,56,96,32,-24
16,72,1363801129494,72,1363801129590,96,144,184,88
16,79,1363801129622,79,1363801129686,64,128,96,32
16,80,1363801129782,80,1363801129878,96,160,192,96
16,69,1363801129910,69,1363801129990,80,128,112,32
16,188,1363801130094,188,1363801130246,152,184,256,104
16,32,1363801130190,32,1363801130334,144,96,88,-56
16,73,1363801130398,73,1363801130478,80,208,144,64
16,84,1363801130542,84,1363801130646,104,144,168,64
16,32,1363801130686,32,1363801130814,128,144,168,40
16,87,1363801130846,87,1363801130926,80,160,112,32
16,65,1363801131022,65,1363801131134,112,176,208,96
16,32,1363801131166,32,1363801131222,56,144,88,32
16,8,1363801131590,8,1363801131662,72,424,440,368
16,83,1363801131806,83,1363801131910,104,216,248,144
16,32,1363801131990,32,1363801132102,112,184,192,80
16,84,1363801132206,84,1363801132318,112,216,216,104
16,72,1363801132430,72,1363801132518,88,224,200,112
16,69,1363801132870,69,1363801132990,120,440,472,352
16,32,1363801133022,32,1363801133142,120,152,152,32
16,87,1363801133166,87,1363801133238,72,144,96,24
16,73,1363801133270,73,1363801133366,96,104,128,32
16,78,1363801133462,78,1363801133542,80,192,176,96
16,84,1363801133606,84,1363801133718,112,144,176,64
16,69,1363801133718,69,1363801133870,152,112,152,0
16,82,1363801133822,82,1363801133942,120,104,72,-48
16,32,1363801133982,32,1363801134062,80,160,120,40
16,79,1363801134126,79,1363801134238,112,144,176,64
16,70,1363801134238,70,1363801134334,96,112,96,0
16,32,1363801134318,32,1363801134446,128,80,112,-16
16,68,1363801134486,68,1363801134558,72,168,112,40
16,69,1363801134678,69,1363801134726,48,192,168,120
16,83,1363801135014,83,1363801135102,88,336,376,288
16,80,1363801135558,80,1363801135678,120,544,576,456
16,65,1363801135718,65,1363801135870,152,160,192,40
16,73,1363801135966,73,1363801136078,112,248,208,96
16,82,1363801136110,82,1363801136198,88,144,120,32
16,188,1363801136262,188,1363801136406,144,152,208,64
16,32,1363801136342,32,1363801136526,184,80,120,-64
16,87,1363801136846,87,1363801136990,144,504,464,320
16,69,1363801136958,69,1363801137078,120,112,88,-32
16,32,1363801137078,32,1363801137166,88,120,88,0
16,72,1363801137238,72,1363801137318,80,160,152,72
16,65,1363801137318,65,1363801137406,88,80,88,0
16,68,1363801137470,68,1363801137566,96,152,160,64
16,32,1363801137598,32,1363801137734,136,128,168,32
16,69,1363801137774,69,1363801137878,104,176,144,40
16,86,1363801137950,86,1363801138046,96,176,168,72
16,69,1363801138062,69,1363801138206,144,112,160,16
16,82,1363801138158,82,1363801138270,112,96,64,-48
16,89,1363801138294,89,1363801138366,72,136,96,24
16,84,1363801138534,84,1363801138670,136,240,304,168
16,73,1363801138726,73,1363801138950,224,192,280,56
16,71,1363801138966,71,1363801139054,88,240,104,16
16,8,1363801139230,8,1363801139262,32,264,208,176
16,8,1363801139358,8,1363801139429,71,128,167,96
16,72,1363801140351,72,1363801140454,103,993,1025,922
16,73,1363801140430,73,1363801140630,200,79,176,-24
16,78,1363801140542,78,1363801140671,129,112,41,-88
16,71,1363801140671,71,1363801140774,103,129,103,0
16,69,1363801141694,69,1363801141782,88,1023,1008,920
16,70,1363801142158,70,1363801142286,128,464,504,376
16,79,1363801142326,79,1363801142430,104,168,144,40
16,82,1363801142446,82,1363801142542,96,120,112,16
16,69,1363801142502,69,1363801142607,105,56,65,-40
16,32,1363801142862,32,1363801142974,112,360,367,255
16,85,1363801143006,85,1363801143094,88,144,120,32
16,83,1363801143182,83,1363801143302,120,176,208,88
16,188,1363801143326,188,1363801143478,152,144,176,24
16,32,1363801143406,32,1363801143542,136,80,64,-72
16,87,1363801143550,87,1363801143678,128,144,136,8
16,69,1363801143630,69,1363801143766,136,80,88,-48
16,32,1363801143806,32,1363801143894,88,176,128,40
16,72,1363801143990,72,1363801144086,96,184,192,96
16,65,1363801144087,65,1363801144166,79,97,80,1
16,68,1363801144286,68,1363801144390,104,199,224,120
16,32,1363801144422,32,1363801144590,168,136,200,32
16,78,1363801144710,78,1363801144846,136,288,256,120
16,79,1363801144790,79,1363801144910,120,80,64,-56
16,84,1363801144878,84,1363801144982,104,88,72,-32
16,72,1363801144998,72,1363801145094,96,120,112,16
16,73,1363801145070,73,1363801145262,192,72,168,-24
16,78,1363801145262,78,1363801145286,24,192,24,0
16,71,1363801145334,71,1363801145430,96,72,144,48
16,32,1363801145510,32,1363801145630,120,176,200,80
16,66,1363801145607,66,1363801145686,79,97,56,-23
16,69,1363801145790,69,1363801145862,72,183,176,104
16,70,1363801145982,70,1363801146070,88,192,208,120
16,79,1363801146102,79,1363801146222,120,120,152,32
16,82,1363801146190,82,1363801146310,120,88,88,-32
16,69,1363801146262,69,1363801146374,112,72,64,-48
16,32,1363801146446,32,1363801146566,120,184,192,72
16,85,1363801146622,85,1363801146702,80,176,136,56
16,83,1363801146726,83,1363801146830,104,104,128,24
16,188,1363801146910,188,1363801147070,160,184,240,80
16,32,1363801146998,32,1363801147150,152,88,80,-72
16,87,1363801147150,87,1363801147286,136,152,136,0
16,69,1363801147254,69,1363801147382,128,104,96,-32
16,32,1363801147438,32,1363801147550,112,184,168,56
16,65,1363801147598,65,1363801147694,96,160,144,48
16,8,1363801147950,8,1363801148030,80,352,336,256
16,87,1363801148126,87,1363801148230,104,176,200,96
16,69,1363801148206,69,1363801148350,144,80,120,-24
16,82,1363801148350,82,1363801148534,184,144,184,0
16,69,1363801148470,69,1363801148590,120,120,56,-64
16,32,1363801148694,32,1363801148790,96,224,200,104
16,65,1363801149102,65,1363801149254,152,408,464,312
16,76,1363801149254,76,1363801149286,32,152,32,0
16,76,1363801149358,76,1363801149462,104,104,176,72
16,32,1363801149518,32,1363801149638,120,160,176,56
16,71,1363801149678,71,1363801149814,136,160,176,40
16,79,1363801149798,79,1363801149894,96,120,80,-16
16,73,1363801150038,73,1363801150230,192,240,336,144
16,78,1363801150134,78,1363801150262,128,96,32,-96
16,71,1363801150262,71,1363801150350,88,128,88,0
16,32,1363801150342,32,1363801150470,128,80,120,-8
16,68,1363801150630,68,1363801150718,88,288,248,160
16,73,1363801150718,73,1363801150782,64,88,64,0
16,82,1363801150862,82,1363801150950,88,144,168,80
16,69,1363801150918,69,1363801150998,80,56,48,-32
16,67,1363801151134,67,1363801151230,96,216,232,136
16,84,1363801151326,84,1363801151438,112,192,208,96
16,32,1363801151462,32,1363801151590,128,136,152,24
16,84,1363801151878,84,1363801151998,120,416,408,288
16,79,1363801152062,79,1363801152174,112,184,176,64
16,16,1364225248088,16,1364225248288,200,2408,2543,2343
16,84,1364225248184,84,1364225248288,104,96,0,-104
16,79,1364225248336,79,1364225248440,104,152,152,48
16,68,1364225248464,68,1364225248600,136,128,160,24
16,65,1364225248600,65,1364225248728,128,136,128,0
16,89,1364225248760,89,1364225248872,112,160,144,32
16,32,1364225248872,32,1364225248952,80,112,80,0
16,73,1364225249040,73,1364225249136,96,168,184,88
16,83,1364225249192,83,1364225249256,64,152,120,56
16,32,1364225249288,32,1364225249408,120,96,152,32
16,84,1364225249408,84,1364225249496,88,120,88,0
16,72,1364225249520,72,1364225249608,88,112,112,24
16,69,1364225249608,69,1364225249672,64,88,64,0
16,32,1364225249712,32,1364225249792,80,104,120,40
16,68,1364225250872,68,1364225250992,120,1160,1200,1080
16,65,1364225250952,65,1364225251088,136,80,96,-40
16,89,1364225251088,89,1364225251200,112,136,112,0
16,32,1364225251200,32,1364225251272,72,112,72,0
16,79,1364225251312,79,1364225251440,128,112,168,40
16,70,1364225251408,70,1364225251504,96,96,64,-32
16,32,1364225251504,32,1364225251592,88,96,88,0
16,84,1364225251616,84,1364225251704,88,112,112,24
16,72,1364225251680,72,1364225251768,88,64,64,-24
16,69,1364225251792,69,1364225251888,96,112,120,24
16,32,1364225251888,32,1364225251992,104,96,104,0
16,76,1364225252208,76,1364225252256,48,320,264,216
16,8,1364225252504,8,1364225252560,56,296,304,248
16,69,1364225252608,69,1364225252680,72,104,120,48
16,76,1364225252768,76,1364225252832,64,160,152,88
16,76,1364225252888,76,1364225252968,80,120,136,56
16,8,1364225253544,8,1364225253600,56,656,632,576
16,69,1364225253640,69,1364225253720,80,96,120,40
16,67,1364225253832,67,1364225253936,104,192,216,112
16,84,1364225254040,84,1364225254120,80,208,184,104
16,73,1364225254096,73,1364225254216,120,56,96,-24
16,79,1364225254192,79,1364225254344,152,96,128,-24
16,78,1364225254296,78,1364225254392,96,104,48,-48
16,188,1364225254504,188,1364225254648,144,208,256,112
16,32,1364225254576,32,1364225254688,112,72,40,-72
16,16,1364225255337,16,1364225255537,200,761,849,649
16,77,1364225255489,77,1364225255537,48,152,0,-48
16,82,1364225255665,82,1364225255713,48,176,176,128
16,190,1364225255793,190,1364225255952,159,128,239,80
16,32,1364225255880,32,1364225256008,128,87,56,-72
16,16,1364225255976,16,1364225256145,169,96,137,-32
16,80,1364225256145,80,1364225256241,96,169,96,0
16,82,1364225256241,82,1364225256329,88,96,88,0
16,8,1364225256840,8,1364225256888,48,599,559,511
16,8,1364225256945,8,1364225257025,80,105,137,57
16,16,1364225257129,16,1364225257288,159,184,263,104
16,80,1364225257232,80,1364225257328,96,103,40,-56
16,82,1364225257345,82,1364225257456,111,113,128,17
16,69,1364225257416,69,1364225257512,96,71,56,-40
16,73,1364225257936,73,1364225258000,64,520,488,424
16,8,1364225258152,8,1364225258209,57,216,209,152
16,8,1364225258264,8,1364225258336,72,112,127,55
16,73,1364225258457,73,1364225258560,103,193,224,121
16,68,1364225258584,68,1364225258648,64,127,88,24
16,69,1364225258736,69,1364225258824,88,152,176,88
16,78,1364225258824,78,1364225258904,80,88,80,0
16,84,1364225258952,84,1364225259049,97,128,145,48
16,32,1364225259041,32,1364225259121,80,89,72,-8
16,72,1364225259224,72,1364225259296,72,183,175,103
16,65,1364225259384,65,1364225259464,80,160,168,88
16,83,1364225259568,83,1364225259656,88,184,192,104
16,32,1364225259680,32,1364225259800,120,112,144,24
16,66,1364225259800,66,1364225259848,48,120,48,0
16,69,1364225259952,69,1364225260008,56,152,160,104
16,78,1364225260104,78,1364225260160,56,152,152,96
16,8,1364225260400,8,1364225260480,80,296,320,240
16,69,1364225260544,69,1364225260616,72,144,136,64
16,78,1364225260672,78,1364225260800,128,128,184,56
16,32,1364225260768,32,1364225260896,128,96,96,-32
16,69,1364225260992,69,1364225261080,88,224,184,96
16,76,1364225261144,76,1364225261368,224,152,288,64
16,73,1364225261320,73,1364225261448,128,176,80,-48
16,8,1364225261640,8,1364225261728,88,320,280,192
16,69,1364225261768,69,1364225261856,88,128,128,40
16,67,1364225261952,67,1364225262056,104,184,200,96
16,84,1364225262168,84,1364225262288,120,216,232,112
16,69,1364225262264,69,1364225262360,96,96,72,-24
16,68,1364225262456,68,1364225262528,72,192,168,96
16,32,1364225262576,32,1364225262752,176,120,224,48
16,65,1364225262688,65,1364225262752,64,112,0,-64
16,71,1364225262840,71,1364225262992,152,152,240,88
16,65,1364225262944,65,1364225263040,96,104,48,-48
16,73,1364225263152,73,1364225263344,192,208,304,112
16,78,1364225263248,78,1364225263416,168,96,72,-96
16,32,1364225263368,32,1364225263521,153,120,105,-48
16,70,1364225263480,70,1364225263600,120,112,79,-41
16,79,1364225263600,79,1364225263744,144,120,144,0
16,82,1364225263696,82,1364225263768,72,96,24,-48
16,32,1364225263792,32,1364225263912,120,96,144,24
16,84,1364225263888,84,1364225263976,88,96,64,-24
16,72,1364225263976,72,1364225264056,80,88,80,0
16,69,1364225264056,69,1364225264144,88,80,88,0
16,32,1364225264168,32,1364225264280,112,112,136,24
16,83,1364225264568,83,1364225264648,80,400,368,288
16,69,1364225264720,69,1364225264800,80,152,152,72
16,67,1364225264928,67,1364225265032,104,208,232,128
16,79,1364225265048,79,1364225265208,160,120,176,16
16,78,1364225265120,78,1364225265232,112,72,24,-88
16,68,1364225265256,68,1364225265328,72,136,96,24
16,32,1364225265384,32,1364225265496,112,128,168,56
16,84,1364225265512,84,1364225265600,88,128,104,16
16,73,1364225265552,73,1364225265624,72,40,24,-48
16,77,1364225265712,77,1364225265784,72,160,160,88
16,69,1364225265832,69,1364225265912,80,120,128,48
16,32,1364225265968,32,1364225266048,80,136,136,56
16,79,1364225266112,79,1364225266240,128,144,192,64
16,70,1364225266240,70,1364225266336,96,128,96,0
16,32,1364225266328,32,1364225266416,88,88,80,-8
16,84,1364225266456,84,1364225266544,88,128,128,40
16,72,1364225266512,72,1364225266600,88,56,56,-32
16,69,1364225266648,69,1364225266720,72,136,120,48
16,32,1364225266680,32,1364225266768,88,32,48,-40
16,89,1364225266912,89,1364225267000,88,232,232,144
16,69,1364225267000,69,1364225267176,176,88,176,0
16,65,1364225267104,65,1364225267240,136,104,64,-72
16,82,1364225267176,82,1364225267288,112,72,48,-64
16,190,1364225269576,190,1364225269688,112,2400,2400,2288
16,32,1364225269816,32,1364225269920,104,240,232,128
16,16,1364225270240,16,1364225270400,160,424,480,320
16,65,1364225270336,65,1364225270408,72,96,8,-64
16,83,1364225270544,83,1364225270608,64,208,200,136
16,32,1364225270624,32,1364225270720,96,80,112,16
16,84,1364225270760,84,1364225270840,80,136,120,40
16,72,1364225270840,72,1364225270912,72,80,72,0
16,69,1364225270928,69,1364225271032,104,88,120,16
16,32,1364225271032,32,1364225271112,80,104,80,0
16,8,1364225271312,8,1364225271368,56,280,256,200
16,8,1364225271432,8,1364225271496,64,120,128,64
16,8,1364225271552,8,1364225271576,24,120,80,56
16,8,1364225271656,8,1364225271704,48,104,128,80
16,8,1364225271784,8,1364225271824,40,128,120,80
16,32,1364225272217,32,1364225272297,80,433,473,393
16,77,1364225272417,77,1364225272513,96,200,216,120
16,69,1364225272545,69,1364225272633,88,128,120,32
16,78,1364225272649,78,1364225272737,88,104,104,16
16,84,1364225272817,84,1364225272912,95,168,175,80
16,79,1364225273105,79,1364225273241,136,288,329,193
16,78,1364225273177,78,1364225273289,112,72,48,-64
16,69,1364225273289,69,1364225273353,64,112,64,0
16,8,1364225273657,8,1364225273704,47,368,351,304
16,8,1364225273760,8,1364225273816,56,103,112,56
16,8,1364225273865,8,1364225273905,40,105,89,49
16,8,1364225273993,8,1364225274048,55,128,143,88
16,79,1364225274321,79,1364225274489,168,328,441,273
16,78,1364225274433,78,1364225274569,136,112,80,-56
16,69,1364225274553,69,1364225274633,80,120,64,-16
16,68,1364225274744,68,1364225274816,72,191,183,111
16,32,1364225274817,32,1364225274912,95,73,96,1
16,66,1364225274992,66,1364225275136,144,175,224,80
16,89,1364225275121,89,1364225275240,119,129,104,-15
16,32,1364225275185,32,1364225275296,111,64,56,-55
16,84,1364225275272,84,1364225275369,97,87,73,-24
16,72,1364225275400,72,1364225275465,65,128,96,31
16,69,1364225275505,69,1364225275600,95,105,135,40
16,32,1364225276352,32,1364225276512,160,847,912,752
16,82,1364225276488,82,1364225276608,120,136,96,-24
16,80,1364225276712,80,1364225276784,72,224,176,104
16,8,1364225277057,8,1364225277120,63,345,336,273
16,69,1364225277184,69,1364225277272,88,127,152,64
16,80,1364225277336,80,1364225277424,88,152,152,64
16,79,1364225277528,79,1364225277616,88,192,192,104
16,82,1364225277616,82,1364225277696,80,88,80,0
16,84,1364225277784,84,1364225277904,120,168,208,88
16,69,1364225277880,69,1364225278000,120,96,96,-24
16,68,1364225278104,68,1364225278184,80,224,184,104
16,8,1364225278648,8,1364225278744,96,544,560,464
16,82,1364225278768,82,1364225278872,104,120,128,24
16,188,1364225279200,188,1364225279344,144,432,472,328
16,32,1364225279440,32,1364225279568,128,240,224,96
16,84,1364225279624,84,1364225279720,96,184,152,56
16,72,1364225279720,72,1364225279800,80,96,80,0
16,69,1364225279800,69,1364225279920,120,80,120,0
16,82,1364225279936,82,1364225280056,120,136,136,16
16,69,1364225280016,69,1364225280128,112,80,72,-40
16,32,1364225280176,32,1364225280232,56,160,104,48
16,73,1364225280288,73,1364225280384,96,112,152,56
16,83,1364225280416,83,1364225280496,80,128,112,32
16,32,1364225280520,32,1364225280600,80,104,104,24
16,65,1364225280664,65,1364225280776,112,144,176,64
16,32,1364225280880,32,1364225281008,128,216,232,104
16,84,1364225281352,84,1364225281432,80,472,424,344
16,73,1364225281465,73,1364225281600,135,113,168,33
16,69,1364225281616,69,1364225281704,88,151,104,16
16,32,1364225281792,32,1364225281936,144,176,232,88
16,70,1364225282592,70,1364225282704,112,800,768,656
16,79,1364225282736,79,1364225282824,88,144,120,32
16,82,1364225282800,82,1364225282888,88,64,64,-24
16,32,1364225282952,32,1364225283080,128,152,192,64
16,84,1364225283000,84,1364225283088,88,48,8,-80
16,72,1364225284160,72,1364225284240,80,1160,1152,1072
16,73,1364225284408,73,1364225284528,120,248,288,168
16,83,1364225284568,83,1364225284680,112,160,152,40
16,32,1364225284704,32,1364225284864,160,136,184,24
16,83,1364225285056,83,1364225285112,56,352,248,192
16,8,1364225285512,8,1364225285624,112,456,512,400
16,69,1364225285624,69,1364225285728,104,112,104,0
16,69,1364225285992,69,1364225286104,112,368,376,264
16,8,1364225286496,8,1364225286560,64,504,456,392
16,76,1364225286696,76,1364225286800,104,200,240,136
16,69,1364225286752,69,1364225286848,96,56,48,-48
16,67,1364225286952,67,1364225287048,96,200,200,104
16,84,1364225287152,84,1364225287248,96,200,200,104
16,73,1364225287232,73,1364225287376,144,80,128,-16
16,79,1364225287344,79,1364225287512,168,112,136,-32
16,78,1364225287456,78,1364225287568,112,112,56,-56
16,190,1364225287704,190,1364225287816,112,248,248,136
16,32,1364225287848,32,1364225287976,128,144,160,32
16,16,1364225287976,16,1364225288112,136,128,136,0
16,84,1364225288048,84,1364225288144,96,72,32,-64
16,72,1364225288184,72,1364225288320,136,136,176,40
16,73,1364225288272,73,1364225288392,120,88,72,-48
16,83,1364225288360,83,1364225288440,80,88,48,-32
16,32,1364225288472,32,1364225288592,120,112,152,32
16,73,1364225288632,73,1364225288744,112,160,152,40
16,83,1364225288728,83,1364225288840,112,96,96,-16
16,32,1364225288944,32,1364225289120,176,216,280,104
16,66,1364225289440,66,1364225289504,64,496,384,320
16,69,1364225289616,69,1364225289672,56,176,168,112
16,67,1364225289761,67,1364225289921,160,145,249,89
16,65,1364225289889,65,1364225290017,128,128,96,-32
16,85,1364225290017,85,1364225290113,96,128,96,0
16,83,1364225290145,83,1364225290257,112,128,144,32
16,69,1364225290201,69,1364225290305,104,56,48,-56
16,32,1364225290305,32,1364225290433,128,104,128,0
16,16,1364225290433,16,1364225290577,144,128,144,0
16,77,1364225290553,77,1364225290649,96,120,72,-24
16,82,1364225290705,82,1364225290784,79,152,135,56
16,190,1364225290952,190,1364225291121,169,247,337,168
16,32,1364225291056,32,1364225291209,153,104,88,-65
16,16,1364225291417,16,1364225291568,151,361,359,208
16,66,1364225291529,66,1364225291616,87,112,48,-39
16,65,1364225291729,65,1364225291816,87,200,200,113
16,82,1364225291992,82,1364225292129,137,263,313,176
16,65,1364225292224,65,1364225292329,105,232,200,95
16,67,1364225292480,67,1364225292568,88,256,239,151
16,75,1364225292696,75,1364225292832,136,216,264,128
16,32,1364225292800,32,1364225292936,136,104,104,-32
16,16,1364225293024,16,1364225293144,120,224,208,88
16,79,1364225293112,79,1364225293216,104,88,72,-32
16,66,1364225293280,66,1364225293409,129,168,193,64
16,65,1364225293409,65,1364225293504,95,129,95,0
16,77,1364225293648,77,1364225293736,88,239,232,144
16,65,1364225293824,65,1364225293936,112,176,200,88
16,32,1364225293976,32,1364225294072,96,152,136,40
16,65,1364225294128,65,1364225294232,104,152,160,56
16,78,1364225294233,78,1364225294344,111,105,112,1
16,68,1364225294345,68,1364225294424,79,112,80,1
16,32,1364225294456,32,1364225294560,104,111,136,32
16,16,1364225294584,16,1364225294736,152,128,176,24
16,77,1364225294680,77,1364225294752,72,96,16,-56
16,82,1364225294872,82,1364225294960,88,192,208,120
16,190,1364225295008,190,1364225295160,152,136,200,48
16,32,1364225295120,32,1364225295280,160,112,120,-40
16,73,1364225296520,73,1364225296616,96,1400,1336,1240
16,84,1364225296696,84,1364225296752,56,176,136,80
16,84,1364225296856,84,1364225296936,80,160,184,104
16,32,1364225296992,32,1364225297136,144,136,200,56
16,16,1364225297136,16,1364225297288,152,144,152,0
16,82,1364225297208,82,1364225297312,104,72,24,-80
16,79,1364225297376,79,1364225297464,88,168,152,64
16,77,1364225297568,77,1364225297624,56,192,160,104
16,77,1364225297688,77,1364225297784,96,120,160,64
16,69,1364225298304,69,1364225298384,80,616,600,520
16,89,1364225298496,89,1364225298592,96,192,208,112
16,32,1364225298928,32,1364225299064,136,432,472,336
16,65,1364225299032,65,1364225299160,128,104,96,-32
16,82,1364225299104,82,1364225299256,152,72,96,-56
16,69,1364225299184,69,1364225299304,120,80,48,-72
16,32,1364225299304,32,1364225299400,96,120,96,0
16,66,1364225299440,66,1364225299536,96,136,136,40
16,79,1364225299536,79,1364225299608,72,96,72,0
16,84,1364225299728,84,1364225299800,72,192,192,120
16,72,1364225300672,72,1364225300792,120,944,992,872
16,32,1364225300984,32,1364225301088,104,312,296,192
16,82,1364225304592,82,1364225304704,112,3608,3616,3504
16,69,1364225304672,69,1364225304784,112,80,80,-32
16,67,1364225304936,67,1364225305048,112,264,264,152
16,69,1364225305176,69,1364225305280,104,240,232,128
16,73,1364225305592,73,1364225305696,104,416,416,312
16,86,1364225305696,86,1364225305792,96,104,96,0
16,69,1364225305840,69,1364225305920,80,144,128,48
16,68,1364225306032,68,1364225306120,88,192,200,112
16,32,1364225306176,32,1364225306320,144,144,200,56
16,65,1364225306320,65,1364225306392,72,144,72,0
16,32,1364225306440,32,1364225306560,120,120,168,48
16,76,1364225306608,76,1364225306688,80,168,128,48
16,79,1364225306792,79,1364225306912,120,184,224,104
16,84,1364225306912,84,1364225307024,112,120,112,0
16,32,1364225307024,32,1364225307144,120,112,120,0
16,79,1364225307193,79,1364225307305,112,169,161,49
16,70,1364225307337,70,1364225307481,144,144,176,32
16,32,1364225307449,32,1364225307593,144,112,112,-32
16,83,1364225308273,83,1364225308385,112,824,792,680
16,85,1364225308409,85,1364225308497,88,136,112,24
16,8,1364225309457,8,1364225309553,96,1048,1056,960
16,85,1364225310177,85,1364225310232,55,720,679,624
16,66,1364225310752,66,1364225310832,80,575,600,520
16,66,1364225310944,66,1364225311008,64,192,176,112
16,8,1364225311192,8,1364225311248,56,248,240,184
16,8,1364225311296,8,1364225311368,72,104,120,48
16,80,1364225311528,80,1364225311616,88,232,248,160
16,80,1364225311680,80,1364225311744,64,152,128,64
16,79,1364225311873,79,1364225311960,87,193,216,129
16,82,1364225311984,82,1364225312056,72,111,96,24
16,84,1364225312136,84,1364225312240,104,152,184,80
16,32,1364225312280,32,1364225312408,128,144,168,40
16,70,1364225312824,70,1364225312920,96,544,512,416
16,82,1364225313000,82,1364225313112,112,176,192,80
16,79,1364225313112,79,1364225313256,144,112,144,0
16,77,1364225313192,77,1364225313336,144,80,80,-64
16,32,1364225313288,32,1364225313424,136,96,88,-48
16,84,1364225313392,84,1364225313512,120,104,88,-32
16,72,1364225313513,72,1364225313608,95,121,96,1
16,69,1364225313592,69,1364225313664,72,79,56,-16
16,32,1364225313728,32,1364225313832,104,136,168,64
16,85,1364225314152,85,1364225314224,72,424,392,320
16,83,1364225314256,83,1364225314384,128,104,160,32
16,69,1364225314344,69,1364225314464,120,88,80,-40
16,82,1364225314432,82,1364225314504,72,88,40,-32
16,83,1364225314632,83,1364225314712,80,200,208,128
16,84,1364311494159,84,1364311494247,88,80,16,-72
16,79,1364311494959,79,1364311495039,80,800,792,712
16,68,1364311495071,68,1364311495223,152,112,184,32
16,65,1364311495151,65,1364311495279,128,80,56,-72
16,89,1364311495247,89,1364311495367,120,96,88,-32
16,32,1364311495335,32,1364311495431,96,88,64,-32
16,73,1364311495487,73,1364311495567,80,152,136,56
16,83,1364311495591,83,1364311495671,80,104,104,24
16,32,1364311495695,32,1364311495767,72,104,96,24
16,65,1364311495823,65,1364311495935,112,128,168,56
16,32,1364311495935,32,1364311496031,96,112,96,0
16,71,1364311496071,71,1364311496175,104,136,144,40
16,79,1364311496175,79,1364311496215,40,104,40,0
16,79,1364311496287,79,1364311496359,72,112,144,72
16,68,1364311496391,68,1364311496479,88,104,120,32
16,32,1364311496519,32,1364311496615,96,128,136,40
16,68,1364311496623,68,1364311496759,136,104,144,8
16,65,1364311496711,65,1364311496839,128,88,80,-48
16,89,1364311496839,89,1364311496975,136,128,136,0
16,32,1364311496975,32,1364311497079,104,136,104,0
16,70,1364311497111,70,1364311497231,120,136,152,32
16,79,1364311497215,79,1364311497327,112,104,96,-16
16,82,1364311497327,82,1364311497439,112,112,112,0
16,32,1364311497439,32,1364311497558,119,112,119,0
16,83,1364311497807,83,1364311497919,112,368,361,249
16,75,1364311497983,75,1364311498022,39,176,103,64
16,73,1364311498151,73,1364311498182,31,168,160,129
16,73,1364311498566,73,1364311498662,96,415,480,384
16,78,1364311498759,78,1364311498823,64,193,161,97
16,71,1364311498886,71,1364311498982,96,127,159,63
16,188,1364311499086,188,1364311499278,192,200,296,104
16,32,1364311499231,32,1364311499422,191,145,144,-47
16,87,1364311499630,87,1364311499766,136,399,344,208
16,69,1364311499734,69,1364311499846,112,104,80,-32
16,32,1364311499862,32,1364311499990,128,128,144,16
16,87,1364311500070,87,1364311500206,136,208,216,80
16,69,1364311500174,69,1364311500294,120,104,88,-32
16,78,1364311500335,78,1364311500414,79,161,120,41
16,84,1364311500446,84,1364311500535,89,111,121,32
16,32,1364311500535,32,1364311500630,95,89,95,0
16,8,1364311500831,8,1364311500879,48,296,249,201
16,8,1364311500942,8,1364311500990,48,111,111,63
16,8,1364311501055,8,1364311501094,39,113,104,65
16,8,1364311501159,8,1364311501198,39,104,104,65
16,8,1364311501270,8,1364311501326,56,111,128,72
16,71,1364311501662,71,1364311501782,120,392,456,336
16,79,1364311501847,79,1364311501982,135,185,200,65
16,32,1364311501982,32,1364311502118,136,135,136,0
16,84,1364311502102,84,1364311502214,112,120,96,-16
16,79,1364311502215,79,1364311502335,120,113,121,1
16,32,1364311502286,32,1364311502422,136,71,87,-49
16,84,1364311502382,84,1364311502494,112,96,72,-40
16,72,1364311502518,72,1364311502582,64,136,88,24
16,69,1364311502622,69,1364311502718,96,104,136,40
16,32,1364311502718,32,1364311502806,88,96,88,0
16,77,1364311504118,77,1364311504182,64,1400,1376,1312
16,79,1364311504254,79,1364311504390,136,136,208,72
16,85,1364311504350,85,1364311504422,72,96,32,-40
16,84,1364311504518,84,1364311504622,104,168,200,96
16,78,1364311504654,78,1364311504735,81,136,113,32
16,8,1364311505110,8,1364311505158,48,456,423,375
16,8,1364311505214,8,1364311505271,57,104,113,56
16,78,1364311506838,78,1364311506950,112,1624,1679,1567
16,84,1364311507014,84,1364311507102,88,176,152,64
16,65,1364311507191,65,1364311507302,111,177,200,89
16,73,1364311507358,73,1364311507462,104,167,160,56
16,78,1364311507526,78,1364311507598,72,168,136,64
16,32,1364311507702,32,1364311507822,120,176,224,104
16,65,1364311507846,65,1364311507950,104,144,128,24
16,82,1364311507950,82,1364311508158,208,104,208,0
16,69,1364311508054,69,1364311508198,144,104,40,-104
16,65,1364311508174,65,1364311508294,120,120,96,-24
16,32,1364311508414,32,1364311508526,112,240,232,120
16,70,1364311508566,70,1364311508694,128,152,168,40
16,79,1364311508670,79,1364311508782,112,104,88,-24
16,82,1364311508790,82,1364311508878,88,120,96,8
16,32,1364311508878,32,1364311508966,88,88,88,0
16,83,1364311509054,83,1364311509174,120,176,208,88
16,75,1364311509174,75,1364311509214,40,120,40,0
16,73,1364311509334,73,1364311509398,64,160,184,120
16,73,1364311509566,73,1364311509614,48,232,216,168
16,190,1364311510022,190,1364311510143,121,456,529,408
16,32,1364311510223,32,1364311510375,152,201,232,80
16,16,1364311510343,16,1364311510455,112,120,80,-32
16,84,1364311510399,84,1364311510495,96,56,40,-56
16,72,1364311510535,72,1364311510607,72,136,112,40
16,65,1364311510631,65,1364311510799,168,96,192,24
16,84,1364311510791,84,1364311510919,128,160,120,-8
16,32,1364311510943,32,1364311511063,120,152,144,24
16,73,1364311511087,73,1364311511223,136,144,160,24
16,83,1364311511199,83,1364311511303,104,112,80,-24
16,32,1364311511303,32,1364311511415,112,104,112,0
16,65,1364311511463,65,1364311511575,112,160,160,48
16,32,1364311511543,32,1364311511703,160,80,128,-32
16,83,1364311511727,83,1364311511847,120,184,144,24
16,76,1364311511943,76,1364311512064,121,216,217,96
16,8,1364311512359,8,1364311512415,56,416,351,295
16,83,1364311512855,83,1364311512943,88,496,528,440
16,8,1364311513535,8,1364311513615,80,680,672,592
16,75,1364311513767,75,1364311513831,64,232,216,152
16,73,1364311513943,73,1364311514063,120,176,232,112
16,32,1364311514039,32,1364311514175,136,96,112,-24
16,82,1364311514439,82,1364311514583,144,400,408,264
16,69,1364311514527,69,1364311514631,104,88,48,-56
16,83,1364311514767,83,1364311514887,120,240,256,136
16,79,1364311514887,79,1364311514991,104,120,104,0
16,82,1364311515031,82,1364311515119,88,144,128,40
16,84,1364311515206,84,1364311515278,72,175,159,87
16,8,1364311516311,8,1364311516367,56,1105,1089,1033
16,78,1364311516687,78,1364311516766,79,376,399,320
16,65,1364311516814,65,1364311516926,112,127,160,48
16,77,1364311516886,77,1364311516958,72,72,32,-40
16,69,1364311517006,69,1364311517086,80,120,128,48
16,68,1364311517199,68,1364311517295,96,193,209,113
16,32,1364311517342,32,1364311517414,72,143,119,47
16,73,1364311517462,73,1364311517566,104,120,152,48
16,83,1364311517590,83,1364311517686,96,128,120,24
16,32,1364311517702,32,1364311517782,80,112,96,16
16,72,1364311519111,72,1364311519199,88,1409,1417,1329
16,79,1364311519270,79,1364311519342,72,159,143,71
16,76,1364311519470,76,1364311519518,48,200,176,128
16,76,1364311519590,76,1364311519662,72,120,144,72
16,89,1364311519791,89,1364311519910,119,201,248,129
16,32,1364311519862,32,1364311519982,120,71,72,-48
16,83,1364311520006,83,1364311520118,112,144,136,24
16,75,1364311520118,75,1364311520166,48,112,48,0
16,73,1364311520286,73,1364311520374,88,168,208,120
16,32,1364311520614,32,1364311520750,136,328,376,240
16,82,1364311520830,82,1364311520918,88,216,168,80
16,69,1364311520886,69,1364311520950,64,56,32,-32
16,83,1364311521158,83,1364311521294,136,272,344,208
16,79,1364311521422,79,1364311521567,145,264,273,128
16,82,1364311521567,82,1364311521654,87,145,87,0
16,84,1364311521742,84,1364311521830,88,175,176,88
16,190,1364311521918,190,1364311522030,112,176,200,88
16,32,1364311522031,32,1364311522150,119,113,120,1
16,16,1364311522622,16,1364311522774,152,591,624,472
16,73,1364311522750,73,1364311522846,96,128,72,-24
16,84,1364311522886,84,1364311522982,96,136,136,40
16,32,1364311522982,32,1364311523078,96,96,96,0
16,73,1364311523150,73,1364311523222,72,168,144,72
16,83,1364311523534,83,1364311523606,72,384,384,312
16,32,1364311523662,32,1364311523750,88,128,144,56
16,65,1364311523782,65,1364311523878,96,120,128,32
16,32,1364311523950,32,1364311524054,104,168,176,72
16,71,1364311524166,71,1364311524270,104,216,216,112
16,79,1364311524270,79,1364311524310,40,104,40,0
16,79,1364311524390,79,1364311524478,88,120,168,80
16,68,1364311524478,68,1364311524566,88,88,88,0
16,32,1364311524582,32,1364311524686,104,104,120,16
16,80,1364311524734,80,1364311524790,56,152,104,48
16,76,1364311524910,76,1364311525022,112,176,232,120
16,65,1364311525022,65,1364311525102,80,112,80,0
16,67,1364311525214,67,1364311525374,160,192,272,112
16,69,1364311525374,69,1364311525446,72,160,72,0
16,188,1364311525535,188,1364311525678,143,161,232,89
16,32,1364311525646,32,1364311525790,144,111,112,-32
16,65,1364311525806,65,1364311525886,80,160,96,16
16,76,1364311525942,76,1364311526070,128,136,184,56
16,8,1364311526478,8,1364311526564,86,536,494,408
16,32,1364311526630,32,1364311526742,112,152,178,66
16,76,1364311526806,76,1364311526870,64,176,128,64
16,79,1364311526974,79,1364311527054,80,168,184,104
16,84,1364311527094,84,1364311527198,104,120,144,40
16,32,1364311527198,32,1364311527286,88,104,88,0
16,79,1364311527334,79,1364311527462,128,136,176,48
16,70,1364311527438,70,1364311527551,113,104,89,-24
16,32,1364311527518,32,1364311527623,105,80,72,-33
16,80,1364311527623,80,1364311527759,136,105,136,0
16,69,1364311527791,69,1364311527887,96,168,128,32
16,79,1364311527903,79,1364311527999,96,112,112,16
16,80,1364311528087,80,1364311528151,64,184,152,88
16,76,1364311528271,76,1364311528375,104,184,224,120
16,69,1364311528335,69,1364311528399,64,64,24,-40
16,32,1364311528479,32,1364311528599,120,144,200,80
16,67,1364311529239,67,1364311529343,104,760,744,640
16,79,1364311529383,79,1364311529527,144,144,184,40
16,77,1364311529487,77,1364311529607,120,104,80,-40
16,69,1364311529607,69,1364311529671,64,120,64,0
16,32,1364311529695,32,1364311529815,120,88,144,24
16,84,1364311529927,84,1364311530031,104,232,216,112
16,72,1364311529991,72,1364311530071,80,64,40,-40
16,69,1364311530095,69,1364311530199,104,104,128,24
16,82,1364311530199,82,1364311530351,152,104,152,0
16,69,1364311530295,69,1364311530391,96,96,40,-56
16,32,1364311530503,32,1364311530640,137,208,249,112
16,83,1364311530759,83,1364311530863,104,256,223,119
16,79,1364311530976,79,1364311531023,47,217,160,113
16,8,1364311531287,8,1364311531327,40,311,304,264
16,8,1364311531399,8,1364311531464,65,112,137,72
16,70,1364311531511,70,1364311531615,104,112,151,47
16,79,1364311531615,79,1364311531751,136,104,136,0
16,82,1364311531719,82,1364311531807,88,104,56,-32
16,32,1364311531855,32,1364311531991,136,136,184,48
16,83,1364311531991,83,1364311532111,120,136,120,0
16,75,1364311532111,75,1364311532175,64,120,64,0
16,73,1364311532271,73,1364311532359,88,160,184,96
16,190,1364311532519,190,1364311532630,111,248,271,160
16,32,1364311532687,32,1364311532791,104,168,161,57
16,16,1364311533423,16,1364311533583,160,736,792,632
16,65,1364311533502,65,1364311533614,112,79,31,-81
16,76,1364311533678,76,1364311533806,128,176,192,64
16,84,1364311534062,84,1364311534182,120,384,376,256
16,72,1364311534166,72,1364311534238,72,104,56,-16
16,79,1364311534262,79,1364311534430,168,96,192,24
16,85,1364311534351,85,1364311534431,80,89,1,-79
16,71,1364311534495,71,1364311534606,111,144,175,64
16,72,1364311534582,72,1364311534702,120,87,96,-24
16,32,1364311534670,32,1364311534798,128,88,96,-32
16,84,1364311535054,84,1364311535167,113,384,369,256
16,72,1364311535167,72,1364311535278,111,113,111,0
16,73,1364311535239,73,1364311535366,127,72,88,-39
16,83,1364311535479,83,1364311535582,103,240,216,113
16,32,1364311535630,32,1364311535742,112,151,160,48
16,73,1364311535895,73,1364311535967,72,265,225,153
16,83,1364311535991,83,1364311536102,111,96,135,24
16,32,1364311536094,32,1364311536239,145,103,137,-8
16,65,1364311536598,65,1364311536679,81,504,440,359
16,76,1364311537134,76,1364311537206,72,536,527,455
16,77,1364311537318,77,1364311537438,120,184,232,112
16,79,1364311537398,79,1364311537558,160,80,120,-40
16,83,1364311537526,83,1364311537638,112,128,80,-32
16,84,1364311537558,84,1364311537678,120,32,40,-80
16,32,1364311537678,32,1364311537758,80,120,80,0
16,84,1364311537806,84,1364311537894,88,128,136,48
16,72,1364311537854,72,1364311537950,96,48,56,-40
16,69,1364311537966,69,1364311538070,104,112,120,16
16,32,1364311538070,32,1364311538166,96,104,96,0
16,76,1364311538230,76,1364311538334,104,160,168,64
16,65,1364311538334,65,1364311538518,184,104,184,0
16,83,1364311538454,83,1364311538598,144,120,80,-64
16,84,1364311538567,84,1364311538670,103,113,72,-31
16,32,1364311538686,32,1364311538806,120,119,136,16
16,68,1364311538807,68,1364311538935,128,121,129,1
16,65,1364311538895,65,1364311539046,151,88,111,-40
16,89,1364311539046,89,1364311539190,144,151,144,0
16,32,1364311539158,32,1364311539278,120,112,88,-32
16,79,1364311539295,79,1364311539430,135,137,152,17
16,70,1364311539446,70,1364311539542,96,151,112,16
16,32,1364311539582,32,1364311539694,112,136,152,40
16,84,1364311539718,84,1364311539846,128,136,152,24
16,72,1364311539846,72,1364311539934,88,128,88,0
16,69,1364311539982,69,1364311540062,80,136,128,48
16,32,1364311540190,32,1364311540295,105,208,233,128
16,83,1364311540295,83,1364311540398,103,105,103,0
16,69,1364311540542,69,1364311540630,88,247,232,144
16,65,1364311540726,65,1364311540806,80,184,176,96
16,83,1364311540918,83,1364311541006,88,192,200,112
16,79,1364311541054,79,1364311541190,136,136,184,48
16,78,1364311541158,78,1364311541246,88,104,56,-32
16,188,1364311541390,188,1364311541542,152,232,296,144
16,32,1364311541518,32,1364311541630,112,128,88,-24
16,80,1364311541742,80,1364311541886,144,224,256,112
16,69,1364311541910,69,1364311542022,112,168,136,24
16,8,1364311542390,8,1364311542438,48,480,416,368
16,8,1364311543190,8,1364311543270,80,800,832,752
16,83,1364311543334,83,1364311543446,112,144,176,64
16,84,1364311543422,84,1364311543542,120,88,96,-24
16,73,1364311543566,73,1364311543622,56,144,80,24
16,76,1364311543718,76,1364311543918,200,152,296,96
16,76,1364311544222,76,1364311544342,120,504,424,304
16,32,1364311544390,32,1364311544510,120,168,168,48
16,80,1364311544622,80,1364311544774,152,232,264,112
16,69,1364311544806,69,1364311544894,88,184,120,32
16,79,1364311544942,79,1364311545015,73,136,121,48
16,80,1364311545111,80,1364311545175,64,169,160,96
16,76,1364311545287,76,1364311545407,120,176,232,112
16,69,1364311545431,69,1364311545511,80,144,104,24
16,32,1364311545535,32,1364311545631,96,104,120,24
16,71,1364311545679,71,1364311545775,96,144,144,48
16,79,1364311545791,79,1364311545927,136,112,152,16
16,32,1364311545863,32,1364311546015,152,72,88,-64
16,84,1364311546063,84,1364311546159,96,200,144,48
16,72,1364311546159,72,1364311546215,56,96,56,0
16,69,1364311546247,69,1364311546367,120,88,152,32
16,82,1364311546367,82,1364311546503,136,120,136,0
16,69,1364311546447,69,1364311546567,120,80,64,-56
16,32,1364311546567,32,1364311546695,128,120,128,0
16,84,1364311546695,84,1364311546775,80,128,80,0
16,79,1364311546776,79,1364311546895,119,81,120,1
16,32,1364311546831,32,1364311546935,104,55,40,-64
16,69,1364311547039,69,1364311547143,104,208,208,104
16,78,1364311547175,78,1364311547239,64,136,96,32
16,74,1364311547871,74,1364311547999,128,696,760,632
16,79,1364311548135,79,1364311548263,128,264,264,136
16,89,1364311548415,89,1364311548519,104,280,256,152
16,32,1364311548623,32,1364311548719,96,208,200,104
16,84,1364311548775,84,1364311548871,96,152,152,56
16,72,1364311548871,72,1364311548927,56,96,56,0
16,69,1364311548967,69,1364311549047,80,96,120,40
16,32,1364311549071,32,1364311549151,80,104,104,24
16,83,1364311549191,83,1364311549303,112,120,152,40
16,78,1364311549367,78,1364311549519,152,176,216,64
16,79,1364311549479,79,1364311549615,136,112,96,-40
16,87,1364311549615,87,1364311549687,72,136,72,0
16,32,1364311549703,32,1364311549807,104,88,120,16
16,65,1364311550007,65,1364311550095,88,304,288,200
16,78,1364311550119,78,1364311550223,104,112,128,24
16,68,1364311550199,68,1364311550295,96,80,72,-24
16,32,1364311550327,32,1364311550415,88,128,120,32
16,84,1364311550455,84,1364311550543,88,128,128,40
16,72,1364311550543,72,1364311550614,71,88,71,0
16,69,1364311550630,69,1364311550702,72,87,88,16
16,32,1364311550743,32,1364311550839,96,113,137,41
16,70,1364311552990,70,1364311553055,65,2247,2216,2151
16,69,1364311553198,69,1364311553254,56,208,199,143
16,69,1364311553318,69,1364311553406,88,120,152,64
16,76,1364311553470,76,1364311553598,128,152,192,64
16,73,1364311553598,73,1364311553774,176,128,176,0
16,78,1364311553687,78,1364311553790,103,89,16,-87
16,71,1364311553775,71,1364311553878,103,88,88,-15
16,32,1364311553879,32,1364311553943,64,104,65,1
16,79,1364311553966,79,1364311554110,144,87,167,23
16,70,1364311554078,70,1364311554166,88,112,56,-32
16,32,1364311554190,32,1364311554286,96,112,120,24
16,83,1364311554318,83,1364311554430,112,128,144,32
16,73,1364311554622,73,1364311554670,48,304,240,192
16,8,1364311555054,8,1364311555118,64,432,448,384
16,75,1364311555398,75,1364311555478,80,344,360,280
16,89,1364311555614,89,1364311555695,81,216,217,136
16,73,1364311555798,73,1364311555934,136,184,239,103
16,78,1364311555902,78,1364311556023,121,104,89,-32
16,71,1364311556023,71,1364311556110,87,121,87,0
16,84,1364838982082,84,1364838982210,128,104,0,-128
16,8,1364838982450,8,1364838982514,64,368,304,240
16,16,1364838982578,16,1364838983282,704,128,768,64
16,83,1364838983178,83,1364838983282,104,600,0,-104
16,80,1364838983434,80,1364838983546,112,256,264,152
16,82,1364838983602,82,1364838983706,104,168,160,56
16,73,1364838983707,73,1364838983874,167,105,168,1
16,78,1364838983818,78,1364838983938,120,111,64,-56
16,71,1364838983938,71,1364838984002,64,120,64,0
16,32,1364838984418,32,1364838984570,152,480,568,416
16,65,1364838984578,65,1364838984666,88,160,96,8
16,76,1364838984706,76,1364838984810,104,128,144,40
16,83,1364838984834,83,1364838984970,136,128,160,24
16,8,1364838985474,8,1364838985530,56,640,560,504
16,77,1364838985698,77,1364838985842,144,224,312,168
16,79,1364838985794,79,1364838985946,152,96,104,-48
16,83,1364838985923,83,1364838986058,135,129,112,-23
16,84,1364838986010,84,1364838986106,96,87,48,-48
16,32,1364838986138,32,1364838986218,80,128,112,32
16,67,1364838986266,67,1364838986386,120,128,168,48
16,79,1364838986354,79,1364838986506,152,88,120,-32
16,77,1364838986474,77,1364838986594,120,120,88,-32
16,69,1364838986610,69,1364838986682,72,136,88,16
16,83,1364838986786,83,1364838986842,56,176,160,104
16,32,1364838986954,32,1364838987082,128,168,240,112
16,84,1364838987179,84,1364838987267,88,225,185,97
16,79,1364838987267,79,1364838987395,128,88,128,0
16,32,1364838987339,32,1364838987443,104,72,48,-56
16,32,1364838989171,32,1364838989339,168,1832,1896,1728
16,65,1364838989339,65,1364838989411,72,168,72,0
16,8,1364838989787,8,1364838989843,56,448,432,376
16,73,1364838990003,73,1364838990251,248,216,408,160
16,78,1364838990115,78,1364838990251,136,112,0,-136
16,32,1364838990211,32,1364838990323,112,96,72,-40
16,80,1364838990467,80,1364838990587,120,256,264,144
16,65,1364838990587,65,1364838990731,144,120,144,0
16,82,1364838990683,82,1364838990811,128,96,80,-48
16,84,1364838990907,84,1364838991011,104,224,200,96
16,73,1364838991011,73,1364838991123,112,104,112,0
16,67,1364838991411,67,1364838991523,112,400,400,288
16,85,1364838991523,85,1364838991578,55,112,55,0
16,76,1364838991699,76,1364838991819,120,176,241,121
16,65,1364838991819,65,1364838991986,167,120,167,0
16,82,1364838991914,82,1364838992058,144,95,72,-72
16,32,1364838992059,32,1364838992170,111,145,112,1
16,65,1364838992171,65,1364838992258,87,112,88,1
16,78,1364838992298,78,1364838992394,96,127,136,40
16,68,1364838992378,68,1364838992475,97,80,81,-16
16,32,1364838992530,32,1364838992667,137,152,192,55
16,73,1364838993274,73,1364838993378,104,744,711,607
16,67,1364838993426,67,1364838993530,104,152,152,48
16,72,1364838993555,72,1364838993674,119,129,144,25
16,73,1364838993635,73,1364838993754,119,80,80,-39
16,71,1364838993755,71,1364838993882,127,120,128,1
16,65,1364838993851,65,1364838993946,95,96,64,-31
16,78,1364838993947,78,1364838994050,103,96,104,1
16,32,1364838994107,32,1364838994234,127,160,184,57
16,73,1364838994298,73,1364838994475,177,191,241,64
16,78,1364838994386,78,1364838994498,112,88,23,-89
16,32,1364838994476,32,1364838994602,126,90,104,-22
16,71,1364838995674,71,1364838995850,176,1198,1248,1072
16,69,1364838995794,69,1364838995922,128,120,72,-56
16,78,1364838996010,78,1364838996098,88,216,176,88
16,69,1364838996098,69,1364838996218,120,88,120,0
16,82,1364838996178,82,1364838996362,184,80,144,-40
16,65,1364838996314,65,1364838996459,145,136,97,-48
16,76,1364838996459,76,1364838996562,103,145,103,0
16,190,1364838996714,190,1364838996826,112,255,264,152
16,32,1364838996866,32,1364838996994,128,152,168,40
16,16,1364838997146,16,1364838997354,208,280,360,152
16,80,1364838997298,80,1364838997378,80,152,24,-56
16,69,1364838997866,69,1364838997938,72,568,560,488
16,79,1364838997962,79,1364838998050,88,96,112,24
16,80,1364838998130,80,1364838998210,80,168,160,80
16,76,1364838998306,76,1364838998426,120,176,216,96
16,69,1364838998427,69,1364838998522,95,121,96,1
16,32,1364838998514,32,1364838998674,160,87,152,-8
16,79,1364838998706,79,1364838998850,144,192,176,32
16,76,1364838998707,76,1364838998850,143,1,0,-143
16,73,1364838998778,73,1364838998850,72,71,0,-72
16,8,1364838999202,8,1364838999258,56,424,408,352
16,8,1364838999322,8,1364838999370,48,120,112,64
16,8,1364838999450,8,1364838999498,48,128,128,80
16,76,1364838999690,76,1364838999930,240,240,432,192
16,73,1364838999842,73,1364838999930,88,152,0,-88
16,75,1364839000042,75,1364839000130,88,200,200,112
16,69,1364839000130,69,1364839000195,65,88,65,0
16,32,1364839000234,32,1364839000370,136,104,175,39
16,83,1364839000370,83,1364839000466,96,136,96,0
16,80,1364839000986,80,1364839001082,96,616,616,520
16,82,1364839001082,82,1364839001186,104,96,104,0
16,73,1364839001186,73,1364839001346,160,104,160,0
16,78,1364839001274,78,1364839001402,128,88,56,-72
16,71,1364839001402,71,1364839001506,104,128,104,0
16,32,1364839001538,32,1364839001650,112,136,144,32
16,82,1364839002058,82,1364839002090,32,520,440,408
16,65,1364839002658,65,1364839002770,112,600,680,568
16,84,1364839002842,84,1364839002962,120,184,192,72
16,72,1364839002938,72,1364839003018,80,96,56,-24
16,69,1364839003050,69,1364839003186,136,112,168,32
16,82,1364839003106,82,1364839003218,112,56,32,-80
16,32,1364839003186,32,1364839003338,152,80,120,-32
16,84,1364839003514,84,1364839003642,128,328,304,176
16,72,1364839003642,72,1364839003698,56,128,56,0
16,65,1364839003778,65,1364839003874,96,136,176,80
16,78,1364839003898,78,1364839003962,64,120,88,24
16,32,1364839003962,32,1364839004122,160,64,160,0
16,65,1364839004250,65,1364839004354,104,288,232,128
16,78,1364839004322,78,1364839004402,80,72,48,-32
16,89,1364839004514,89,1364839004634,120,192,232,112
16,32,1364839005707,32,1364839005827,120,1193,1193,1073
16,79,1364839005939,79,1364839006059,120,232,232,112
16,84,1364839006083,84,1364839006187,104,144,128,24
16,72,1364839006187,72,1364839006283,96,104,96,0
16,69,1364839006307,69,1364839006435,128,120,152,24
16,82,1364839006395,82,1364839006507,112,88,72,-40
16,32,1364839006531,32,1364839006643,112,136,136,24
16,83,1364839006683,83,1364839006835,152,152,192,40
16,69,1364839006811,69,1364839006939,128,128,104,-24
16,65,1364839006939,65,1364839007051,112,128,112,0
16,83,1364839007651,83,1364839007795,144,712,744,600
16,79,1364839007795,79,1364839007955,160,144,160,0
16,78,1364839007891,78,1364839008003,112,96,48,-64
16,190,1364839008131,190,1364839008275,144,240,272,128
16,32,1364839008219,32,1364839008395,176,88,120,-56
16,16,1364839008395,16,1364839008594,199,176,199,0
16,84,1364839008523,84,1364839008626,103,128,32,-71
16,72,1364839008627,72,1364839008762,135,104,136,1
16,73,1364839008746,73,1364839008843,97,119,81,-16
16,83,1364839008971,83,1364839009099,128,225,256,128
16,32,1364839009187,32,1364839009275,88,216,176,88
16,73,1364839009378,73,1364839009522,144,191,247,103
16,83,1364839009538,83,1364839009651,113,160,129,16
16,32,1364839009683,32,1364839009802,119,145,151,32
16,66,1364839009779,66,1364839009867,88,96,65,-23
16,69,1364839009979,69,1364839010051,72,200,184,112
16,67,1364839010179,67,1364839010346,167,200,295,128
16,65,1364839010283,65,1364839010427,144,104,81,-63
16,85,1364839010474,85,1364839010554,80,191,127,47
16,83,1364839010602,83,1364839010770,168,128,216,48
16,69,1364839010730,69,1364839010818,88,128,48,-40
16,32,1364839010819,32,1364839010946,127,89,128,1
16,83,1364839011090,83,1364839011202,112,271,256,144
16,80,1364839011602,80,1364839011714,112,512,512,400
16,82,1364839011715,82,1364839011810,95,113,96,1
16,73,1364839011826,73,1364839012010,184,111,200,16
16,71,1364839012042,71,1364839012170,128,216,160,32
16,8,1364839012434,8,1364839012482,48,392,312,264
16,78,1364839012666,78,1364839012770,104,232,288,184
16,71,1364839012875,71,1364839012986,111,209,216,105
16,32,1364839013162,32,1364839013306,144,287,320,176
16,66,1364839013906,66,1364839014058,152,744,752,600
16,73,1364839014058,73,1364839014194,136,152,136,0
16,82,1364839014218,82,1364839014322,104,160,128,24
16,8,1364839014666,8,1364839014706,40,448,384,344
16,8,1364839014770,8,1364839014842,72,104,136,64
16,82,1364839014938,82,1364839015034,96,168,192,96
16,73,1364839015066,73,1364839015194,128,128,160,32
16,78,1364839015178,78,1364839015330,152,112,136,-16
16,71,1364839015442,71,1364839015538,96,264,208,112
16,83,1364839015970,83,1364839016098,128,528,560,432
16,32,1364839016242,32,1364839016378,136,272,280,144
16,85,1364839016498,85,1364839016578,80,256,200,120
16,83,1364839016602,83,1364839016706,104,104,128,24
16,32,1364839016738,32,1364839016834,96,136,128,32
16,87,1364839016866,87,1364839016962,96,128,128,32
16,73,1364839016962,73,1364839017050,88,96,88,0
16,84,1364839017082,84,1364839017194,112,120,144,32
16,72,1364839017218,72,1364839017354,136,136,160,24
16,32,1364839017338,32,1364839017450,112,120,96,-16
16,78,1364839018274,78,1364839018442,168,936,992,824
16,73,1364839018378,73,1364839018522,144,104,80,-64
16,67,1364839018490,67,1364839018706,216,112,184,-32
16,69,1364839018626,69,1364839018722,96,136,16,-80
16,32,1364839018898,32,1364839019018,120,272,296,176
16,65,1364839019650,65,1364839019786,136,752,768,632
16,73,1364839019858,73,1364839020002,144,208,216,72
16,82,1364839020722,82,1364839020794,72,864,792,720
16,188,1364839021058,188,1364839021202,144,336,408,264
16,32,1364839021138,32,1364839021298,160,80,96,-64
16,70,1364839021298,70,1364839021386,88,160,88,0
16,82,1364839021466,82,1364839021554,88,168,168,80
16,83,1364839021739,83,1364839021786,47,273,232,185
16,8,1364839022395,8,1364839022491,96,656,705,609
16,69,1364839022475,69,1364839022533,58,80,42,-16
16,83,1364839022643,83,1364839022723,80,168,190,110
16,72,1364839022827,72,1364839022907,80,184,184,104
16,32,1364839023051,32,1364839023139,88,224,232,144
16,65,1364839023659,65,1364839023755,96,608,616,520
16,84,1364839023923,84,1364839024011,88,264,256,168
16,77,1364839024187,77,1364839024331,144,264,320,176
16,79,1364839024283,79,1364839024427,144,96,96,-48
16,83,1364839024379,83,1364839024515,136,96,88,-48
16,84,1364839024475,84,1364839024611,136,96,96,-40
16,8,1364839025355,8,1364839025451,96,880,840,744
16,80,1364839025683,80,1364839025803,120,328,352,232
16,72,1364839025891,72,1364839025987,96,208,184,88
16,69,1364839026331,69,1364839026418,87,440,431,344
16,82,1364839026739,82,1364839026794,55,408,376,321
16,69,1364839026923,69,1364839026995,72,184,201,129
16,190,1364839027251,190,1364839027346,95,328,351,256
16,32,1364839027450,32,1364839027562,112,199,216,104
16,16,1364839027746,16,1364839027906,160,296,344,184
16,77,1364839027826,77,1364839027946,120,80,40,-80
16,79,1364839027930,79,1364839028075,145,104,129,-16
16,82,1364839028075,82,1364839028202,127,145,127,0
16,69,1364839028163,69,1364839028306,143,88,104,-39
16,79,1364839028362,79,1364839028459,97,199,153,56
16,86,1364839028459,86,1364839028554,95,97,95,0
16,69,1364839028578,69,1364839028722,144,119,168,24
16,82,1364839028667,82,1364839028770,103,89,48,-55
16,188,1364839028786,188,1364839028938,152,119,168,16
16,32,1364839029010,32,1364839029154,144,224,216,72
16,87,1364839029347,87,1364839029498,151,337,344,193
16,69,1364839029418,69,1364839029539,121,71,41,-80
16,32,1364839029586,32,1364839029730,144,168,191,47
16,83,1364839029786,83,1364839029906,120,200,176,56
16,69,1364839030082,69,1364839030146,64,296,240,176
16,69,1364839030250,69,1364839030370,120,168,224,104
16,32,1364839030883,32,1364839031002,119,633,632,513
16,32,1364839031202,32,1364839031298,96,319,296,200
16,8,1364839031842,8,1364839031914,72,640,616,544
16,65,1364839032011,65,1364839032114,103,169,200,97
16,32,1364839032162,32,1364839032242,80,151,128,48
16,76,1364839032338,76,1364839032418,80,176,176,96
16,79,1364839032554,79,1364839032650,96,216,232,136
16,84,1364839032650,84,1364839032754,104,96,104,0
16,32,1364839032770,32,1364839032858,88,120,104,16
16,79,1364839032930,79,1364839033026,96,160,168,72
16,70,1364839033074,70,1364839033162,88,144,136,48
16,32,1364839033402,32,1364839033514,112,328,352,240
16,70,1364839033642,70,1364839033786,144,240,272,128
16,76,1364839033714,76,1364839033786,72,72,0,-72
16,79,1364839033898,79,1364839033994,96,184,208,112
16,87,1364839033994,87,1364839034082,88,96,88,0
16,69,1364839034138,69,1364839034298,160,144,216,56
16,82,1364839034258,82,1364839034362,104,120,64,-40
16,32,1364839034802,32,1364839034922,120,544,560,440
16,68,1364839034922,68,1364839035034,112,120,112,0
16,85,1364839035050,85,1364839035114,64,128,80,16
16,82,1364839035170,82,1364839035282,112,120,168,56
16,73,1364839035258,73,1364839035410,152,88,128,-24
16,78,1364839035354,78,1364839035474,120,96,64,-56
16,71,1364839035434,71,1364839035530,96,80,56,-40
16,32,1364839035594,32,1364839035690,96,160,160,64
16,83,1364839035714,83,1364839035818,104,120,128,24
16,84,1364839035898,84,1364839035994,96,184,176,80
16,8,1364839036426,8,1364839036474,48,528,480,432
16,80,1364839036618,80,1364839036738,120,192,264,144
16,82,1364839036738,82,1364839036842,104,120,104,0
16,73,1364839036874,73,1364839037042,168,136,200,32
16,78,1364839036954,78,1364839037074,120,80,32,-88
16,71,1364839037058,71,1364839037098,40,104,24,-16
16,32,1364839037474,32,1364839037594,120,416,496,376
16,83,1364839037594,83,1364839037698,104,120,104,0
16,85,1364839037722,85,1364839037778,56,128,80,24
16,67,1364839037818,67,1364839037930,112,96,152,40
16,72,1364839037906,72,1364839038010,104,88,80,-24
16,32,1364839037970,32,1364839038090,120,64,80,-40
16,65,1364839038090,65,1364839038154,64,120,64,0
16,83,1364839038250,83,1364839038338,88,160,184,96
16,32,1364839038394,32,1364839038530,136,144,192,56
16,16,1364839038506,16,1364839038634,128,112,104,-24
16,84,1364839038586,84,1364839038698,112,80,64,-48
16,85,1364839038722,85,1364839038786,64,136,88,24
16,80,1364839038874,80,1364839038970,96,152,184,88
16,8,1364839039667,8,1364839039747,80,793,777,697
16,76,1364839039947,76,1364839040059,112,280,312,200
16,73,1364839040163,73,1364839040219,56,216,160,104
16,80,1364839040355,80,1364839040411,56,192,192,136
16,32,1364839040547,32,1364839040643,96,192,232,136
16,70,1364839041059,70,1364839041187,128,512,544,416
16,76,1364839041187,76,1364839041259,72,128,72,0
16,79,1364839041363,79,1364839041483,120,176,224,104
16,82,1364839041483,82,1364839041571,88,120,88,0
16,87,1364839042131,87,1364839042243,112,648,672,560
16,69,1364839042267,69,1364839042371,104,136,128,24
16,8,1364839042467,8,1364839042523,56,200,152,96
16,8,1364839042595,8,1364839042635,40,128,112,72
16,8,1364839042699,8,1364839042755,56,104,120,64
16,87,1364839042843,87,1364839042979,136,144,224,88
16,69,1364839042907,69,1364839043075,168,64,96,-72
16,82,1364839043019,82,1364839043131,112,112,56,-56
16,32,1364839043147,32,1364839043251,104,128,120,16
16,65,1364839043275,65,1364839043363,88,128,112,24
16,8,1364839044107,8,1364839044186,79,832,823,744
16,79,1364839044435,79,1364839044571,136,328,385,249
16,82,1364839044571,82,1364839044619,48,136,48,0
16,32,1364839044691,32,1364839044803,112,120,184,72
16,65,1364839044803,65,1364839044883,80,112,80,0
16,78,1364839044931,78,1364839045002,71,128,119,48
16,89,1364839045098,89,1364839045178,80,167,176,96
17,72,1364843193947,72,1364843194051,104,127,120,16
17,69,1364843194075,69,1364843194115,40,128,64,24
17,32,1364843194755,32,1364843194907,152,680,792,640
17,66,1364843194963,66,1364843195075,112,208,168,56
17,79,1364843195075,79,1364843195195,120,112,120,0
17,68,1364843195235,68,1364843195379,144,160,184,40
17,89,1364843195347,89,1364843195443,96,112,64,-32
17,32,1364843195555,32,1364843195659,104,208,216,112
17,79,1364843195683,79,1364843195803,120,128,144,24
17,70,1364843196059,70,1364843196211,152,376,408,256
17,32,1364843196995,32,1364843197139,144,936,928,784
17,65,1364843197179,65,1364843197307,128,184,168,40
17,32,1364843197547,32,1364843197659,112,368,352,240
17,50,1364843197763,50,1364843197835,72,216,176,104
17,51,1364843197955,51,1364843198035,80,192,200,120
17,32,1364843198763,32,1364843198867,104,808,832,728
17,89,1364843198987,89,1364843199107,120,224,240,120
17,69,1364843199043,69,1364843199211,168,56,104,-64
17,65,1364843199139,65,1364843199291,152,96,80,-72
17,82,1364843199235,82,1364843199379,144,96,88,-56
17,83,1364843199531,83,1364843199603,72,296,224,152
17,32,1364843199947,32,1364843200075,128,416,472,344
17,79,1364843200075,79,1364843200187,112,128,112,0
17,76,1364843200315,76,1364843200475,160,240,288,128
17,68,1364843200475,68,1364843200603,128,160,128,0
17,32,1364843201140,32,1364843201252,112,665,649,537
17,77,1364843201356,77,1364843201476,120,216,224,104
17,65,1364843201484,65,1364843201612,128,128,136,8
17,78,1364843201612,78,1364843201684,72,128,72,0
17,32,1364843201764,32,1364843201852,88,152,168,80
17,87,1364843202188,87,1364843202324,136,424,472,336
17,72,1364843202324,72,1364843202508,184,136,184,0
17,79,1364843202468,79,1364843202588,120,144,80,-40
17,32,1364843202716,32,1364843202828,112,248,240,128
17,75,1364843202924,75,1364843202980,56,208,152,96
17,73,1364843203132,73,1364843203260,128,208,280,152
17,8,1364843204148,8,1364843204204,56,1016,944,888
17,75,1364843204388,75,1364843204452,64,240,248,184
17,73,1364843204548,73,1364843204620,72,160,168,96
17,8,1364843205044,8,1364843205107,63,496,487,424
17,8,1364843205180,8,1364843205260,80,136,153,73
17,73,1364843205724,73,1364843205796,72,544,536,464
17,69,1364843206300,69,1364843206411,111,576,615,504
17,68,1364843206531,68,1364843206667,136,231,256,120
17,32,1364843206723,32,1364843206835,112,192,168,56
17,79,1364843206867,79,1364843206995,128,144,160,32
17,70,1364843207051,70,1364843207123,72,184,128,56
17,70,1364843207211,70,1364843207267,56,160,144,88
17,32,1364843207243,32,1364843207347,104,32,80,-24
17,73,1364843207532,73,1364843207755,223,289,408,185
17,78,1364843207659,78,1364843207817,158,127,62,-96
17,32,1364843207780,32,1364843207843,63,121,26,-37
17,84,1364843207817,84,1364843207972,155,37,129,-26
17,79,1364843207972,79,1364843208148,176,155,176,0
17,32,1364843208051,32,1364843208148,97,79,0,-97
17,84,1364843208148,84,1364843208283,135,97,135,0
17,72,1364843208260,72,1364843208363,103,112,80,-23
17,69,1364843208388,69,1364843208500,112,128,137,25
17,32,1364843208500,32,1364843208579,79,112,79,0
17,78,1364843208611,78,1364843208771,160,111,192,32
17,73,1364843208732,73,1364843208875,143,121,104,-39
17,71,1364843208835,71,1364843208908,73,103,33,-40
17,72,1364843208931,72,1364843209043,112,96,135,23
17,84,1364843209044,84,1364843209187,143,113,144,1
17,32,1364843209188,32,1364843209300,112,144,113,1
17,65,1364843209347,65,1364843209483,136,159,183,47
17,70,1364843209483,70,1364843209531,48,136,48,0
17,84,1364843209635,84,1364843209715,80,152,184,104
17,69,1364843209803,69,1364843210011,208,168,296,88
17,82,1364843209940,82,1364843210059,119,137,48,-71
17,32,1364843210532,32,1364843210667,135,592,608,473
17,72,1364843210827,72,1364843210971,144,295,304,160
17,69,1364843211132,69,1364843211251,119,305,280,161
17,32,1364843211508,32,1364843211635,127,376,384,257
17,83,1364843211659,83,1364843211715,56,151,80,24
17,8,1364843212003,8,1364843212083,80,344,368,288
17,65,1364843212131,65,1364843212211,80,128,128,48
17,80,1364843212291,80,1364843212379,88,160,168,80
17,80,1364843212451,80,1364843212539,88,160,160,72
17,69,1364843212771,69,1364843212843,72,320,304,232
17,8,1364843213091,8,1364843213155,64,320,312,248
17,65,1364843213211,65,1364843213379,168,120,224,56
17,82,1364843213411,82,1364843213555,144,200,176,32
17,69,1364843213499,69,1364843213635,136,88,80,-56
17,78,1364843213939,78,1364843214107,168,440,472,304
17,84,1364843214131,84,1364843214275,144,192,168,24
17,76,1364843214387,76,1364843214571,184,256,296,112
17,89,1364843214531,89,1364843214659,128,144,88,-40
17,32,1364843214795,32,1364843214931,136,264,272,136
17,68,1364843214963,68,1364843215067,104,168,136,32
17,82,1364843215179,82,1364843215323,144,216,256,112
17,65,1364843215435,65,1364843215595,160,256,272,112
17,78,1364843215571,78,1364843215795,224,136,200,-24
17,75,1364843215739,75,1364843215843,104,168,48,-56
17,32,1364843215955,32,1364843216051,96,216,208,112
17,65,1364843216155,65,1364843216299,144,200,248,104
17,76,1364843216387,76,1364843216491,104,232,192,88
17,67,1364843216892,67,1364843217011,119,505,520,401
17,79,1364843217011,79,1364843217107,96,119,96,0
17,72,1364843217211,72,1364843217395,184,200,288,104
17,79,1364843217355,79,1364843217451,96,144,56,-40
17,76,1364843217587,76,1364843217683,96,232,232,136
17,32,1364843217739,32,1364843217851,112,152,168,56
17,73,1364843217883,73,1364843218083,200,144,232,32
17,78,1364843218027,78,1364843218171,144,144,88,-56
17,32,1364843218131,32,1364843218268,137,104,97,-40
17,65,1364843218300,65,1364843218452,152,169,184,32
17,32,1364843218428,32,1364843218500,72,128,48,-24
17,72,1364843218604,72,1364843218668,64,176,168,104
17,85,1364843218764,85,1364843218868,104,160,200,96
17,84,1364843218892,84,1364843219044,152,128,176,24
17,32,1364843219084,32,1364843219180,96,192,136,40
17,79,1364843219320,79,1364843219468,148,236,288,140
17,78,1364843219436,78,1364843219556,120,116,88,-32
17,32,1364843219620,32,1364843219772,152,184,216,64
17,79,1364843220372,79,1364843220476,104,752,704,600
17,82,1364843220476,82,1364843220604,128,104,128,0
17,69,1364843221068,69,1364843221228,160,592,624,464
17,71,1364843221396,71,1364843221540,144,328,312,168
17,79,1364843221604,79,1364843221868,264,208,328,64
17,78,1364843221796,78,1364843221972,176,192,104,-72
17,222,1364843223092,222,1364843223148,56,1296,1176,1120
17,83,1364843223236,83,1364843223308,72,144,160,88
17,32,1364843223715,32,1364843223819,104,479,511,407
17,77,1364843223988,77,1364843224100,112,273,281,169
17,79,1364843224371,79,1364843224515,144,383,415,271
17,85,1364843224475,85,1364843224611,136,104,96,-40
17,78,1364843224836,78,1364843224940,104,361,329,225
17,84,1364843224996,84,1364843225147,151,160,207,56
17,32,1364843225228,32,1364843225307,79,232,160,81
17,72,1364843225444,72,1364843225548,104,216,241,137
17,79,1364843225675,79,1364843225739,64,231,191,127
17,79,1364843225827,79,1364843225900,73,152,161,88
17,68,1364843225947,68,1364843226067,120,120,167,47
17,32,1364843226203,32,1364843226307,104,256,240,136
17,87,1364843226396,87,1364843226579,183,193,272,89
17,65,1364843226515,65,1364843226611,96,119,32,-64
17,83,1364843226860,83,1364843226971,111,345,360,249
17,32,1364843227155,32,1364843227243,88,295,272,184
17,70,1364843227307,70,1364843227435,128,152,192,64
17,79,1364843227819,79,1364843227940,121,512,505,384
17,85,1364843227891,85,1364843227979,88,72,39,-49
17,78,1364843228083,78,1364843228180,97,192,201,104
17,68,1364843228180,68,1364843228259,79,97,79,0
17,32,1364843229188,32,1364843229275,87,1008,1016,929
17,83,1364843229387,83,1364843229467,80,199,192,112
17,85,1364843229819,85,1364843229915,96,432,448,352
17,66,1364843230035,66,1364843230163,128,216,248,120
17,77,1364843230443,77,1364843230563,120,408,400,280
17,69,1364843230747,69,1364843230947,200,304,384,184
17,82,1364843230891,82,1364843230979,88,144,32,-56
17,71,1364843231339,71,1364843231443,104,448,464,360
17,69,1364843231579,69,1364843231651,72,240,208,136
17,68,1364843231755,68,1364843231859,104,176,208,104
17,32,1364843231915,32,1364843232051,136,160,192,56
17,73,1364843232051,73,1364843232291,240,136,240,0
17,78,1364843232195,78,1364843232339,144,144,48,-96
17,32,1364843232291,32,1364843232379,88,96,40,-48
17,65,1364843232379,65,1364843232523,144,88,144,0
17,32,1364843232523,32,1364843232603,80,144,80,0
17,67,1364843232851,67,1364843232923,72,328,320,248
17,82,1364843233115,82,1364843233283,168,264,360,192
17,69,1364843233195,69,1364843233371,176,80,88,-88
17,65,1364843233315,65,1364843233443,128,120,72,-56
17,8,1364843233915,8,1364843233979,64,600,536,472
17,69,1364843235163,69,1364843235267,104,1248,1288,1184
17,75,1364843235347,75,1364843235419,72,184,152,80
17,32,1364843235643,32,1364843235764,121,296,345,224
17,76,1364843235925,76,1364843236068,143,282,304,161
17,65,1364843236116,65,1364843236236,120,191,168,48
17,84,1364843236284,84,1364843236364,80,168,128,48
17,69,1364843236492,69,1364843236628,136,208,264,128
17,32,1364843236716,32,1364843236820,104,224,192,88
17,83,1364843236948,83,1364843237084,136,232,264,128
17,85,1364843237132,85,1364843237260,128,184,176,48
17,78,1364843237396,78,1364843237548,152,264,288,136
17,68,1364843237572,68,1364843237740,168,176,192,24
17,65,1364843237676,65,1364843237812,136,104,72,-64
17,89,1364843237812,89,1364843237876,64,136,64,0
17,188,1364843238220,188,1364843238292,72,408,416,344
17,32,1364843238356,32,1364843238452,96,136,160,64
17,79,1364843238492,79,1364843238596,104,136,144,40
17,70,1364843239076,70,1364843239132,56,584,536,480
17,70,1364843239244,70,1364843239380,136,168,248,112
17,73,1364843239396,73,1364843239484,88,152,104,16
17,67,1364843239668,67,1364843239804,136,272,320,184
17,73,1364843240204,73,1364843240308,104,536,504,400
17,65,1364843240308,65,1364843240444,136,104,136,0
17,76,1364843240476,76,1364843240580,104,168,136,32
17,83,1364843240764,83,1364843240867,103,288,287,184
17,32,1364843240980,32,1364843241116,136,216,249,113
17,65,1364843241292,65,1364843241420,128,312,304,176
17,8,1364843241731,8,1364843241797,66,439,377,311
17,83,1364843241844,83,1364843241923,79,113,126,47
17,65,1364843242028,65,1364843242131,103,184,208,105
17,73,1364843242149,73,1364843242219,70,121,88,18
17,68,1364843242235,68,1364843242323,88,86,104,16
17,190,1364843242827,190,1364843242891,64,592,568,504
17,13,1364843243052,13,1364843243139,87,225,248,161
17,67,1364843243995,67,1364843244131,136,943,992,856
17,76,1364843244267,76,1364843244403,136,272,272,136
17,65,1364843244507,65,1364843244635,128,240,232,104
17,67,1364843245268,67,1364843245379,111,761,744,633
17,72,1364843245380,72,1364843245507,127,112,128,1
17,8,1364843245891,8,1364843245948,57,511,441,384
17,75,1364843246091,75,1364843246179,88,200,231,143
17,65,1364843246332,65,1364843246499,167,241,320,153
17,77,1364843246771,77,1364843246923,152,439,424,272
17,65,1364843246995,65,1364843247091,96,224,168,72
17,83,1364843247188,83,1364843247275,87,193,184,97
17,32,1364843247363,32,1364843247491,128,175,216,88
17,67,1364843247603,67,1364843247739,136,240,248,112
17,79,1364843247875,79,1364843248051,176,272,312,136
17,85,1364843248011,85,1364843248155,144,136,104,-40
17,78,1364843248291,78,1364843248459,168,280,304,136
17,84,1364843248491,84,1364843248635,144,200,176,32
17,89,1364843248635,89,1364843248731,96,144,96,0
17,32,1364843248867,32,1364843248987,120,232,256,136
17,83,1364843249019,83,1364843249131,112,152,144,32
17,72,1364843249171,72,1364843249291,120,152,160,40
17,69,1364843249571,69,1364843249667,96,400,376,280
17,82,1364843250019,82,1364843250187,168,448,520,352
17,73,1364843250267,73,1364843250371,104,248,184,80
17,70,1364843250507,70,1364843250579,72,240,208,136
17,70,1364843250963,70,1364843251091,128,456,512,384
17,69,1364843251219,69,1364843251299,80,256,208,128
17,8,1364843251483,8,1364843251547,64,264,248,184
17,83,1364843251603,83,1364843251683,80,120,136,56
17,32,1364843251835,32,1364843251931,96,232,248,152
17,79,1364843251963,79,1364843252107,144,128,176,32
17,70,1364843252115,70,1364843252155,40,152,48,8
17,70,1364843252251,70,1364843252299,48,136,144,96
17,73,1364843252331,73,1364843252435,104,80,136,32
17,67,1364843252459,67,1364843252651,192,128,216,24
17,69,1364843252571,69,1364843252699,128,112,48,-80
17,32,1364843252723,32,1364843252811,88,152,112,24
17,65,1364843252899,65,1364843253027,128,176,216,88
17,83,1364843253140,83,1364843253252,112,241,225,113
17,73,1364843253628,73,1364843253700,72,488,448,376
17,68,1364843253732,68,1364843253812,80,104,112,32
17,32,1364843253996,32,1364843254108,112,264,296,184
17,73,1364843254244,73,1364843254396,152,248,288,136
17,84,1364843254476,84,1364843254636,160,232,240,80
17,32,1364843254692,32,1364843254796,104,216,160,56
17,87,1364843254908,87,1364843255028,120,216,232,112
17,65,1364843255036,65,1364843255156,120,128,128,8
17,83,1364843255236,83,1364843255372,136,200,216,80
17,32,1364843255596,32,1364843255660,64,360,288,224
17,69,1365016466039,69,1365016466143,104,1088,1024,920
17,78,1365016466471,78,1365016466655,184,432,512,328
17,79,1365016466591,79,1365016466703,112,120,48,-64
17,32,1365016466783,32,1365016466895,112,192,192,80
17,72,1365016466991,72,1365016467103,112,208,208,96
17,65,1365016467071,65,1365016467159,88,80,56,-32
17,83,1365016467247,83,1365016467359,112,176,200,88
17,32,1365016467423,32,1365016467511,88,176,152,64
17,72,1365016467647,72,1365016467815,168,224,304,136
17,79,1365016467775,79,1365016467927,152,128,112,-40
17,83,1365016467959,83,1365016468095,136,184,168,32
17,84,1365016468151,84,1365016468255,104,192,160,56
17,69,1365016468303,69,1365016468399,96,152,144,48
17,68,1365016468487,68,1365016468631,144,184,232,88
17,32,1365016468663,32,1365016468759,96,176,128,32
17,84,1365016468791,84,1365016468919,128,128,160,32
17,72,1365016468895,72,1365016468991,96,104,72,-24
17,69,1365016469015,69,1365016469151,136,120,160,24
17,32,1365016469127,32,1365016469239,112,112,88,-24
17,83,1365016469327,83,1365016469455,128,200,216,88
17,72,1365016469495,72,1365016469639,144,168,184,40
17,79,1365016469679,79,1365016469815,136,184,176,40
17,87,1365016469848,87,1365016469975,127,169,160,33
17,32,1365016470055,32,1365016470143,88,207,168,80
17,83,1365016470231,83,1365016470380,149,176,237,88
17,73,1365016470359,73,1365016470551,192,128,171,-21
17,78,1365016470487,78,1365016470647,160,128,96,-64
17,67,1365016470647,67,1365016470831,184,160,184,0
17,69,1365016470759,69,1365016470895,136,112,64,-72
17,32,1365016470999,32,1365016471111,112,240,216,104
17,49,1365016471327,49,1365016471439,112,328,328,216
17,57,1365016471703,57,1365016471775,72,376,336,264
17,56,1365016471911,56,1365016471983,72,208,208,136
17,49,1365016472079,49,1365016472159,80,168,176,96
17,32,1365016472983,32,1365016473175,192,904,1016,824
17,87,1365016473303,87,1365016473431,128,320,256,128
17,73,1365016473456,73,1365016473567,111,153,136,25
17,84,1365016473591,84,1365016473759,168,135,192,24
17,72,1365016473703,72,1365016473759,56,112,0,-56
17,32,1365016473822,32,1365016473926,104,119,167,63
17,79,1365016473966,79,1365016474111,145,144,185,40
17,78,1365016474111,78,1365016474247,136,145,136,0
17,76,1365016474247,76,1365016474423,176,136,176,0
17,85,1365016474423,85,1365016474494,71,176,71,0
17,89,1365016474424,89,1365016474495,71,1,1,-70
17,32,1365016474614,32,1365016474742,128,190,247,119
17,65,1365016474806,65,1365016474902,96,192,160,64
17,32,1365016474998,32,1365016475087,89,192,185,96
17,66,1365016475134,66,1365016475190,56,136,103,47
17,82,1365016475326,82,1365016475478,152,192,288,136
17,73,1365016475598,73,1365016475742,144,272,264,120
17,69,1365016475846,69,1365016475950,104,248,208,104
17,32,1365016476380,32,1365016476463,83,534,513,430
17,73,1365016476551,73,1365016476734,183,171,271,88
17,78,1365016476670,78,1365016476862,192,119,128,-64
17,84,1365016476862,84,1365016476966,104,192,104,0
17,69,1365016477150,69,1365016477326,176,288,360,184
17,82,1365016477481,82,1365016477590,109,331,264,155
17,82,1365016478030,82,1365016478142,112,549,552,440
17,85,1365016478310,85,1365016478406,96,280,264,168
17,80,1365016478662,80,1365016478790,128,352,384,256
17,84,1365016478886,84,1365016479038,152,224,248,96
17,73,1365016478958,73,1365016479167,209,72,129,-80
17,79,1365016479144,79,1365016479286,142,186,119,-23
17,78,1365016479214,78,1365016479430,216,70,144,-72
17,32,1365016479374,32,1365016479478,104,160,48,-56
17,87,1365016479855,87,1365016479975,120,481,497,377
17,72,1365016479999,72,1365016480104,105,144,129,24
17,69,1365016480104,69,1365016480223,119,105,119,0
17,78,1365016480223,78,1365016480311,88,119,88,0
17,32,1365016480447,32,1365016480551,104,224,240,136
17,67,1365016480703,67,1365016480831,128,256,280,152
17,79,1365016480919,79,1365016481047,128,216,216,88
17,78,1365016481247,78,1365016481431,184,328,384,200
17,65,1365016481583,65,1365016481711,128,336,280,152
17,78,1365016481871,78,1365016481951,80,288,240,160
17,32,1365016482055,32,1365016482191,136,184,240,104
17,79,1365016482239,79,1365016482359,120,184,168,48
17,66,1365016483095,66,1365016483231,136,856,872,736
17,82,1365016483519,82,1365016483679,160,424,448,288
17,73,1365016483839,73,1365016483991,152,320,312,160
17,69,1365016484031,69,1365016484175,144,192,184,40
17,78,1365016484175,78,1365016484255,80,144,80,0
17,32,1365016484367,32,1365016484463,96,192,208,112
17,72,1365016484591,72,1365016484791,200,224,328,128
17,79,1365016484727,79,1365016484895,168,136,104,-64
17,83,1365016484895,83,1365016485031,136,168,136,0
17,84,1365016485047,84,1365016485159,112,152,128,16
17,69,1365016485223,69,1365016485311,88,176,152,64
17,68,1365016485391,68,1365016485511,120,168,200,80
17,13,1365016485815,13,1365016485887,72,424,376,304
17,67,1365016486327,67,1365016486431,104,512,544,440
17,79,1365016486967,79,1365016487167,200,640,736,536
17,78,1365016487095,78,1365016487239,144,128,72,-72
17,71,1365016487559,71,1365016487615,56,464,376,320
17,82,1365016487743,82,1365016487903,160,184,288,128
17,65,1365016487879,65,1365016487999,120,136,96,-24
17,84,1365016488047,84,1365016488199,152,168,200,48
17,85,1365016488199,85,1365016488327,128,152,128,0
17,76,1365016488463,76,1365016488631,168,264,304,136
17,65,1365016488559,65,1365016488679,120,96,48,-72
17,84,1365016488679,84,1365016488855,176,120,176,0
17,73,1365016488831,73,1365016488999,168,152,144,-24
17,79,1365016488967,79,1365016489151,184,136,152,-32
17,78,1365016489087,78,1365016489231,144,120,80,-64
17,83,1365016489199,83,1365016489295,96,112,64,-32
17,32,1365016489607,32,1365016489703,96,408,408,312
17,85,1365016489839,85,1365016489871,32,232,168,136
17,74,1365016489840,74,1365016489927,87,1,56,-31
17,73,1365016489887,73,1365016490063,176,47,136,-40
17,77,1365016490151,77,1365016490222,71,264,159,88
17,77,1365016490303,77,1365016490366,63,152,144,81
17,89,1365016490495,89,1365016490559,64,192,193,129
17,32,1365016490863,32,1365016490958,95,368,399,304
17,83,1365016491110,83,1365016491278,168,247,320,152
17,73,1365016491319,73,1365016491438,119,209,160,41
17,68,1365016491711,68,1365016491799,88,392,361,273
17,84,1365016491919,84,1365016492055,136,208,256,120
17,8,1365016492438,8,1365016492494,56,519,439,383
17,8,1365016492582,8,1365016492638,56,144,144,88
17,8,1365016492718,8,1365016492814,96,136,176,80
17,65,1365016493158,65,1365016493255,97,440,441,344
17,73,1365016493271,73,1365016493366,95,113,111,16
17,83,1365016493367,83,1365016493430,63,96,64,1
17,8,1365016494014,8,1365016494071,57,647,641,584
17,68,1365016494142,68,1365016494238,96,128,167,71
17,8,1365016494542,8,1365016494622,80,400,384,304
17,8,1365016494710,8,1365016494790,80,168,168,88
17,68,1365016494887,68,1365016494974,87,177,184,97
17,8,1365016495470,8,1365016495542,72,583,568,496
17,73,1365016495734,73,1365016495790,56,264,248,192
17,68,1365016495822,68,1365016495886,64,88,96,32
17,32,1365016496566,32,1365016496680,114,744,794,680
17,76,1365016496862,76,1365016496950,88,296,270,182
17,69,1365016496990,69,1365016497054,64,128,104,40
17,78,1365016497166,78,1365016497343,177,176,289,112
17,79,1365016497286,79,1365016497391,105,120,48,-57
17,32,1365016497535,32,1365016497671,136,249,280,144
17,17,1365016498063,17,1365016498191,128,528,520,392
17,73,1365016498191,73,1365016498279,88,128,88,0
17,17,1365016498303,17,1365016498391,88,112,112,24
17,32,1365016498335,32,1365016498423,88,32,32,-56
17,72,1365016498497,72,1365016498647,150,162,224,74
17,79,1365016498599,79,1365016498735,136,102,88,-48
17,80,1365016498791,80,1365016498959,168,192,224,56
17,69,1365016498991,69,1365016499103,112,200,144,32
17,32,1365016499183,32,1365016499263,80,192,160,80
17,89,1365016499407,89,1365016499527,120,224,264,144
17,79,1365016499503,79,1365016499663,160,96,136,-24
17,85,1365016499623,85,1365016499767,144,120,104,-40
17,32,1365016499711,32,1365016499831,120,88,64,-56
17,65,1365016499791,65,1365016499911,120,80,80,-40
17,82,1365016499935,82,1365016500103,168,144,192,24
17,69,1365016500047,69,1365016500159,112,112,56,-56
17,32,1365016500175,32,1365016500287,112,128,128,16
17,65,1365016500359,65,1365016500471,112,184,184,72
17,83,1365016500639,83,1365016500783,144,280,312,168
17,32,1365016500991,32,1365016501103,112,352,320,208
17,76,1365016501255,76,1365016501407,152,264,304,152
17,85,1365016501487,85,1365016501631,144,232,224,80
17,67,1365016501719,67,1365016501839,120,232,208,88
17,75,1365016501879,75,1365016501975,96,160,136,40
17,89,1365016502047,89,1365016502143,96,168,168,72
17,32,1365016502231,32,1365016502359,128,184,216,88
17,65,1365016502415,65,1365016502463,48,184,104,56
17,83,1365016502567,83,1365016502599,32,152,136,104
17,32,1365016503543,32,1365016503623,80,976,1024,944
17,77,1365016503944,77,1365016504071,127,401,448,321
17,69,1365016504071,69,1365016504143,72,127,72,0
17,32,1365016504255,32,1365016504327,72,184,184,112
17,65,1365016504359,65,1365016504439,80,104,112,32
17,78,1365016504471,78,1365016504551,80,112,112,32
17,68,1365016504559,68,1365016504663,104,88,112,8
17,32,1365016504663,32,1365016504743,80,104,80,0
17,72,1365016504815,72,1365016504975,160,152,232,72
17,79,1365016504935,79,1365016505024,89,120,49,-40
17,76,1365016505135,76,1365016505255,120,200,231,111
17,68,1365016505255,68,1365016505384,129,120,129,0
17,32,1365016505384,32,1365016505471,87,129,87,0
17,79,1365016505535,79,1365016505735,200,151,264,64
17,78,1365016505647,78,1365016505863,216,112,128,-88
17,32,1365016505799,32,1365016505927,128,152,64,-64
17,84,1365016506327,84,1365016506495,168,528,568,400
17,79,1365016506495,79,1365016506639,144,168,144,0
17,32,1365016506535,32,1365016506639,104,40,0,-104
17,84,1365016506647,84,1365016506775,128,112,136,8
17,72,1365016506775,72,1365016506807,32,128,32,0
17,69,1365016506863,69,1365016506983,120,88,176,56
17,32,1365016506887,32,1365016506983,96,24,0,-96
17,74,1365016507031,74,1365016507231,200,144,248,48
17,79,1365016507183,79,1365016507351,168,152,120,-48
17,8,1365016507735,8,1365016507808,73,552,457,384
17,66,1365016507839,66,1365016507943,104,104,135,31
17,8,1365016508311,8,1365016508383,72,472,440,368
17,79,1365016508537,79,1365016508647,110,226,264,154
17,66,1365016508647,66,1365016508742,95,110,95,0
17,32,1365016509143,32,1365016509222,79,496,480,401
17,85,1365016509311,85,1365016509390,79,168,168,89
17,78,1365016509494,78,1365016509598,104,183,208,104
17,84,1365016509566,84,1365016509719,153,72,121,-32
17,73,1365016509695,73,1365016509862,167,129,143,-24
17,76,1365016509839,76,1365016509982,143,144,120,-23
17,32,1365016510006,32,1365016510087,81,167,105,24
17,89,1365016510214,89,1365016510334,120,208,247,127
17,79,1365016510318,79,1365016510478,160,104,144,-16
17,85,1365016510446,85,1365016510582,136,128,104,-32
17,32,1365016510558,32,1365016510686,128,112,104,-24
17,65,1365016510814,65,1365016510926,112,256,240,128
17,82,1365016510950,82,1365016511118,168,136,192,24
17,69,1365016511054,69,1365016511174,120,104,56,-64
17,32,1365016511174,32,1365016511294,120,120,120,0
17,84,1365016511366,84,1365016511510,144,192,216,72
17,72,1365016511494,72,1365016511574,80,128,64,-16
17,69,1365016511614,69,1365016511750,136,120,176,40
17,32,1365016511702,32,1365016511798,96,88,48,-48
17,79,1365016511838,79,1365016511958,120,136,160,40
17,76,1365016512055,76,1365016512183,128,217,225,97
17,68,1365016512183,68,1365016512310,127,128,127,0
17,32,1365016512382,32,1365016512462,80,199,152,72
17,71,1365016512582,71,1365016512742,160,200,280,120
17,85,1365016512713,85,1365016512742,29,131,0,-29
17,89,1365016512926,89,1365016513022,96,213,280,184
17,32,1365016513694,32,1365016513766,72,768,744,672
17,73,1365016513854,73,1365016513974,120,160,208,88
17,70,1365016513998,70,1365016514102,104,144,128,24
17,32,1365016514318,32,1365016514406,88,320,304,216
17,89,1365016514510,89,1365016514630,120,192,224,104
17,79,1365016514598,79,1365016514774,176,88,144,-32
17,85,1365016514726,85,1365016514847,121,128,73,-48
17,32,1365016514807,32,1365016514919,112,81,72,-40
17,78,1365016514951,78,1365016515055,104,144,136,32
17,69,1365016515039,69,1365016515113,74,88,58,-16
17,69,1365016515191,69,1365016515215,24,152,102,78
17,68,1365016515319,68,1365016515431,112,128,216,104
17,32,1365016515407,32,1365016515535,128,88,104,-24
17,77,1365016515503,77,1365016515639,136,96,104,-32
17,69,1365016515607,69,1365016515751,144,104,112,-32
17,32,1365016515767,32,1365016515863,96,160,112,16
17,17,1365016516103,17,1365016516191,88,336,328,240
17,73,1365016516223,73,1365016516303,80,120,112,32
17,17,1365016516311,17,1365016516367,56,88,64,8
17,32,1365016516351,32,1365016516463,112,40,96,-16
17,87,1365016516527,87,1365016516679,152,176,216,64
17,73,1365016516695,73,1365016516752,57,168,73,16
17,76,1365016516863,76,1365016516927,64,168,175,111
17,76,1365016517007,76,1365016517151,144,144,224,80
17,32,1365016517103,32,1365016517215,112,96,64,-48
17,66,1365016517287,66,1365016517447,160,184,232,72
17,69,1365016517415,69,1365016517559,144,128,112,-32
17,32,1365016517695,32,1365016517823,128,280,264,136
17,65,1365016517847,65,1365016517967,120,152,144,24
17,84,1365016517991,84,1365016518143,152,144,176,24
17,32,1365016518175,32,1365016518247,72,184,104,32
17,84,1365016518255,84,1365016518383,128,80,136,8
17,72,1365016518383,72,1365016518479,96,128,96,0
17,65,1365016518567,65,1365016518711,144,184,232,88
17,8,1365016519039,8,1365016519111,72,472,400,328
17,71,1365016519159,71,1365016519295,136,120,184,48
17,65,1365016519271,65,1365016519375,104,112,80,-24
17,82,1365016519543,82,1365016519687,144,272,312,168
17,65,1365016519719,65,1365016519831,112,176,144,32
17,71,1365016519903,71,1365016520079,176,184,248,72
17,69,1365016520007,69,1365016520151,144,104,72,-72
17,13,1365016520295,13,1365016520383,88,288,232,144
17,83,1365016520775,83,1365016520903,128,480,520,392
17,65,1365016521079,65,1365016521167,88,304,264,176
17,73,1365016521207,73,1365016521287,80,128,120,40
17,68,1365016521287,68,1365016521391,104,80,104,0
17,32,1365016521503,32,1365016521607,104,216,216,112
17,70,1365016521855,70,1365016522007,152,352,400,248
17,65,1365016522287,65,1365016522399,112,432,392,280
17,76,1365016522503,76,1365016522552,49,216,153,104
17,76,1365016522647,76,1365016522695,48,144,143,95
17,79,1365016522807,79,1365016522951,144,160,256,112
17,78,1365016522927,78,1365016523047,120,120,96,-24
17,32,1365016523135,32,1365016523279,144,208,232,88
17,65,1365016523311,65,1365016523407,96,176,128,32
17,73,1365016523463,73,1365016523543,80,152,136,56
17,8,1365016524567,8,1365016524623,56,1104,1080,1024
17,8,1365016524735,8,1365016524839,104,168,216,112
17,17,1365016524951,17,1365016525071,120,216,232,112
17,73,1365016525135,73,1365016525199,64,184,128,64
17,17,1365016525223,17,1365016525295,72,88,96,24
17,32,1365016525359,32,1365016525470,111,136,175,64
17,65,1365016525487,65,1365016525582,95,128,112,17
17,77,1365016525631,77,1365016525711,80,144,129,49
17,32,1365016527030,32,1365016527142,112,1399,1431,1319
17,82,1365016527143,82,1365016527326,183,113,184,1
17,69,1365016527222,69,1365016527382,160,79,56,-104
17,65,1365016527327,65,1365016527454,127,105,72,-55
17,76,1365016527718,76,1365016527774,56,391,320,264
17,76,1365016527862,76,1365016527974,112,144,200,88
17,89,1365016528022,89,1365016528135,113,160,161,48
17,32,1365016528334,32,1365016528470,136,312,335,199
17,69,1365016528510,69,1365016528630,120,176,160,40
17,88,1365016528806,88,1365016528942,136,296,312,176
17,67,1365016529462,67,1365016529582,120,656,640,520
17,73,1365016529582,73,1365016529742,160,120,160,0
17,84,1365016529742,84,1365016529870,128,160,128,0
17,69,1365016529966,69,1365016530046,80,224,176,96
17,68,1365016530150,68,1365016530270,120,184,224,104
17,32,1365016530398,32,1365016530550,152,248,280,128
17,84,1365016530710,84,1365016530870,160,312,320,160
17,79,1365016530846,79,1365016530998,152,136,128,-24
17,32,1365016530902,32,1365016531046,144,56,48,-96
17,72,1365016531079,72,1365016531246,167,177,200,33
17,79,1365016531198,79,1365016531382,184,119,136,-48
17,83,1365016531350,83,1365016531518,168,152,136,-32
17,84,1365016531518,84,1365016531694,176,168,176,0
17,32,1365016531694,32,1365016531814,120,176,120,0
17,65,1365016531926,65,1365016532086,160,232,272,112
17,32,1365016532110,32,1365016532198,88,184,112,24
17,83,1365016532303,83,1365016532407,104,193,209,105
17,72,1365016532431,72,1365016532591,160,128,184,24
17,79,1365016532543,79,1365016532695,152,112,104,-48
17,87,1365016532695,87,1365016532847,152,152,152,0
17,32,1365016532935,32,1365016533007,72,240,160,88
17,84,1365016533159,84,1365016533327,168,224,320,152
17,72,1365016533327,72,1365016533479,152,168,152,0
17,65,1365016533527,65,1365016533719,192,200,240,48
17,84,1365016533663,84,1365016533815,152,136,96,-56
17,32,1365016534039,32,1365016534143,104,376,328,224
17,83,1365016534247,83,1365016534295,48,208,152,104
17,84,1365016534431,84,1365016534567,136,184,272,136
17,65,1365016534687,65,1365016534823,136,256,256,120
17,82,1365016534759,82,1365016534871,112,72,48,-64
17,84,1365016534967,84,1365016535079,112,208,208,96
17,83,1365016535215,83,1365016535303,88,248,224,136
17,32,1365016535471,32,1365016535583,112,256,280,168
17,84,1365016535671,84,1365016535823,152,200,240,88
17,79,1365016535823,79,1365016535935,112,152,112,0
17,68,1365016535967,68,1365016536112,145,144,177,32
17,65,1365016536039,65,1365016536183,144,72,71,-73
17,89,1365016536143,89,1365016536223,80,104,40,-40
17,32,1365016536319,32,1365016536423,104,176,200,96
17,73,1365016536503,73,1365016536703,200,184,280,80
17,78,1365016536639,78,1365016536815,176,136,112,-64
17,32,1365016536751,32,1365016536871,120,112,56,-64
17,83,1365016536839,83,1365016536919,80,88,48,-32
17,84,1365016536991,84,1365016537111,120,152,192,72
17,69,1365016537183,69,1365016537295,112,192,184,72
17,65,1365016537999,65,1365016538095,96,816,800,704
17,68,1365016538455,68,1365016538591,136,456,496,360
17,32,1365016538767,32,1365016538839,72,312,248,176
17,79,1365016538943,79,1365016539095,152,176,256,104
17,70,1365016539119,70,1365016539247,128,176,152,24
17,32,1365016539303,32,1365016539431,128,184,184,56
17,84,1365016539631,84,1365016539783,152,328,352,200
17,79,1365016539799,79,1365016539935,136,168,152,16
17,77,1365016539935,77,1365016540135,200,136,200,0
17,79,1365016540071,79,1365016540247,176,136,112,-64
17,82,1365016540199,82,1365016540271,72,128,24,-48
17,82,1365016540351,82,1365016540456,105,152,185,80
17,79,1365016540495,79,1365016540575,80,144,119,39
17,87,1365016540535,87,1365016540639,104,40,64,-40
17,13,1365016541135,13,1365016541239,104,600,600,496
17,32,1365016541511,32,1365016541631,120,376,392,272
17,83,1365016541759,83,1365016541863,104,248,232,128
17,8,1365016542439,8,1365016542511,72,680,648,576
17,84,1365016542591,84,1365016542711,120,152,200,80
17,72,1365016542711,72,1365016542783,72,120,72,0
17,69,1365016542815,69,1365016542942,127,104,159,32
17,32,1365016542903,32,1365016543054,151,88,112,-39
17,84,1365016543094,84,1365016543206,112,191,152,40
17,87,1365016543327,87,1365016543457,130,233,251,121
17,79,1365016543479,79,1365016543631,152,152,174,22
17,32,1365016543615,32,1365016543702,87,136,71,-16
17,72,1365016543783,72,1365016543926,143,168,224,81
17,79,1365016543895,79,1365016544095,200,112,169,-31
17,85,1365016544047,85,1365016544150,103,152,55,-48
17,83,1365016544095,83,1365016544239,144,48,89,-55
17,84,1365016544239,84,1365016544383,144,144,144,0
17,69,1365016544487,69,1365016544567,80,248,184,104
17,8,1365016544999,8,1365016545071,72,512,504,432
17,83,1365016545175,83,1365016545238,63,176,167,104
17,8,1365016545767,8,1365016545838,71,592,600,529
17,8,1365016545934,8,1365016545998,64,167,160,96
17,8,1365016546110,8,1365016546174,64,176,176,112
17,8,1365016546414,8,1365016546494,80,304,320,240
17,83,1365016546552,83,1365016546654,102,138,160,58
17,84,1365016546654,84,1365016546774,120,102,120,0
17,83,1365016547182,83,1365016547303,121,528,529,408
17,32,1365016547982,32,1365016548167,185,800,864,679
17,83,1365016548167,83,1365016548278,111,185,111,0
17,65,1365016548726,65,1365016548894,168,559,616,448
17,78,1365016548870,78,1365016549022,152,144,128,-24
17,71,1365016549118,71,1365016549286,168,248,264,96
17,32,1365016549366,32,1365016549478,112,248,192,80
17,65,1365016549518,65,1365016549643,125,152,165,40
17,32,1365016549935,32,1365016550063,128,417,420,292
17,68,1365016550231,68,1365016550359,128,296,296,168
17,85,1365016550500,85,1365016550639,139,269,280,141
17,69,1365016550639,69,1365016550759,120,139,120,0
17,84,1365016550807,84,1365016550983,176,168,224,48
17,32,1365016550983,32,1365016551087,104,176,104,0
17,79,1365016551135,79,1365016551303,168,152,216,48
17,78,1365016551231,78,1365016551439,208,96,136,-72
17,32,1365016551383,32,1365016551527,144,152,88,-56
17,17,1365016551623,17,1365016551751,128,240,224,96
17,70,1365016551911,70,1365016552016,105,288,265,160
17,17,1365016552295,17,1365016552423,128,384,407,279
17,65,1365016552791,65,1365016552927,136,496,504,368
17,76,1365016553079,76,1365016553127,48,288,200,152
17,76,1365016553231,76,1365016553295,64,152,168,104
17,79,1365016553407,79,1365016553527,120,176,232,112
17,87,1365016553527,87,1365016553615,88,120,88,0
17,8,1365016554743,8,1365016554815,72,1216,1200,1128
17,78,1365016555055,78,1365016555119,64,312,304,240
17,222,1365016555575,222,1365016555623,48,520,504,456
17,83,1365016555671,83,1365016555743,72,96,120,48
17,32,1365016555863,32,1365016555951,88,192,208,120
17,76,1365016558055,76,1365016558191,136,2192,2240,2104
17,65,1365016558191,65,1365016558279,88,136,88,0
17,84,1365016558343,84,1365016558431,88,152,152,64
17,69,1365016558551,69,1365016558680,129,208,249,120
17,32,1365016558719,32,1365016558815,96,168,135,39
17,78,1365016558879,78,1365016559055,176,160,240,64
17,72,1365016559199,72,1365016559311,112,320,256,144
17,84,1365016559287,84,1365016559407,120,88,96,-24
17,32,1365016559591,32,1365016559687,96,304,280,184
17,79,1365016559759,79,1365016559943,184,168,256,72
17,78,1365016559855,78,1365016560031,176,96,88,-88
17,32,1365016559999,32,1365016560134,135,144,103,-32
17,77,1365016560223,77,1365016560366,143,224,232,89
17,79,1365016560359,79,1365016560575,216,136,209,-7
17,78,1365016560487,78,1365016560646,159,128,71,-88
17,68,1365016560631,68,1365016560791,160,144,145,-15
17,89,1365016560854,89,1365016560974,120,223,183,63
17,8,1365016561214,8,1365016561287,73,360,313,240
17,65,1365016561287,65,1365016561398,111,73,111,0
17,89,1365016561430,89,1365016561454,24,143,56,32
17,32,1365016561590,32,1365016561703,113,160,249,136
17,84,1365016561727,84,1365016561854,127,137,151,24
17,72,1365016561823,72,1365016561966,143,96,112,-31
17,65,1365016561950,65,1365016562110,160,127,144,-16
17,84,1365016562062,84,1365016562239,177,112,129,-48
17,32,1365016562239,32,1365016562318,79,177,79,0
17,80,1365016562495,80,1365016562639,144,256,321,177
17,79,1365016562639,79,1365016562774,135,144,135,0
17,69,1365016562990,69,1365016563134,144,351,360,216
17,8,1365016563310,8,1365016563358,48,320,224,176
17,75,1365016563502,75,1365016563582,80,192,224,144
17,69,1365016563606,69,1365016563662,56,104,80,24
17,68,1365016563782,68,1365016563862,80,176,200,120
17,32,1365016563998,32,1365016564094,96,216,232,136
17,85,1365016564246,85,1365016564326,80,248,232,152
17,8,1365016564654,8,1365016564718,64,408,392,328
17,70,1365016564814,70,1365016564982,168,160,264,96
17,85,1365016564910,85,1365016564982,72,96,0,-72
17,78,1365016565078,78,1365016565190,112,168,208,96
17,32,1365016565422,32,1365016565542,120,344,352,232
17,65,1365016565582,65,1365016565694,112,160,152,40
17,84,1365016565718,84,1365016565838,120,136,144,24
17,32,1365016565838,32,1365016565918,80,120,80,0
17,84,1365016565918,84,1365016566038,120,80,120,0
17,72,1365016566014,72,1365016566119,105,96,81,-24
17,69,1365016566119,69,1365016566254,135,105,135,0
17,32,1365016566254,32,1365016566374,120,135,120,0
17,83,1365016566374,83,1365016566486,112,120,112,0
17,80,1365016566630,80,1365016566758,128,256,272,144
17,69,1365016566830,69,1365016566950,120,200,192,72
17,67,1365016567126,67,1365016567214,88,296,264,176
17,85,1365016567311,85,1365016567431,120,185,217,97
17,76,1365016567519,76,1365016567695,176,208,264,88
17,65,1365016567631,65,1365016567727,96,112,32,-64
17,84,1365016567727,84,1365016567903,176,96,176,0
17,73,1365016567815,73,1365016567959,144,88,56,-88
17,79,1365016567943,79,1365016568090,147,128,131,-16
17,78,1365016568039,78,1365016568255,216,96,165,-51
17,32,1365016568231,32,1365016568383,152,192,128,-24
17,83,1365016568407,83,1365016568535,128,176,152,24
17,85,1365016568585,85,1365016568711,126,178,176,50
17,82,1365016568783,82,1365016568871,88,198,160,72
17,82,1365016568951,82,1365016569087,136,168,216,80
17,79,1365016569207,79,1365016569407,200,256,320,120
17,85,1365016569319,85,1365016569463,144,112,56,-88
17,78,1365016569751,78,1365016569919,168,432,456,288
17,68,1365016569959,68,1365016570103,144,208,184,40
17,73,1365016570119,73,1365016570295,176,160,192,16
17,78,1365016570223,78,1365016570351,128,104,56,-72
17,71,1365016570351,71,1365016570479,128,128,128,0
17,32,1365016570519,32,1365016570639,120,168,160,40
17,84,1365016570660,84,1365016570807,147,141,168,21
17,72,1365016570775,72,1365016570943,168,115,136,-32
17,69,1365016570983,69,1365016571119,136,208,176,40
17,73,1365016571135,73,1365016571255,120,152,136,16
17,82,1365016571263,82,1365016571415,152,128,160,8
17,32,1365016571439,32,1365016571527,88,176,112,24
17,83,1365016571599,83,1365016571735,136,160,208,72
17,72,1365016571711,72,1365016571863,152,112,128,-24
17,79,1365016571799,79,1365016571959,160,88,96,-64
17,87,1365016571943,87,1365016572063,120,144,104,-16
17,83,1365016572463,83,1365016572543,80,520,480,400
17,32,1365016573423,32,1365016573536,113,960,993,880
17,84,1365016573536,84,1365016573655,119,113,119,0
17,72,1365016573639,72,1365016573759,120,103,104,-16
17,69,1365016573759,69,1365016573903,144,120,144,0
17,32,1365016573895,32,1365016574015,120,136,112,-8
17,67,1365016574183,67,1365016574327,144,288,312,168
17,79,1365016574303,79,1365016574391,88,120,64,-24
17,76,1365016574551,76,1365016574631,80,248,240,160
17,76,1365016574879,76,1365016574991,112,328,360,248
17,69,1365016575063,69,1365016575175,112,184,184,72
17,71,1365016575519,71,1365016575663,144,456,488,344
17,73,1365016575689,73,1365016575823,134,170,160,26
17,65,1365016575903,65,1365016576015,112,214,192,80
17,76,1365016576271,76,1365016576447,176,368,432,256
17,73,1365016576415,73,1365016576575,160,144,128,-32
17,84,1365016576575,84,1365016576735,160,160,160,0
17,89,1365016576711,89,1365016576807,96,136,72,-24
17,32,1365016576887,32,1365016577039,152,176,232,80
17,86,1365016577327,86,1365016577439,112,440,400,288
17,69,1365016577487,69,1365016577615,128,160,176,48
17,84,1365016577663,84,1365016577799,136,176,184,48
17,87,1365016577999,87,1365016578110,111,336,311,200
17,69,1365016578230,69,1365016578286,56,231,176,120
17,69,1365016578366,69,1365016578462,96,136,176,80
17,78,1365016578511,78,1365016578598,87,145,136,49
17,32,1365016578806,32,1365016578926,120,295,328,208
17,76,1365016579151,76,1365016579398,247,345,472,225
17,69,1365016579423,69,1365016579494,71,272,96,25
17,78,1365016579790,78,1365016579998,208,367,504,296
17,79,1365016579934,79,1365016580078,144,144,80,-64
17,32,1365016580159,32,1365016580286,127,225,208,81
17,65,1365016580318,65,1365016580438,120,159,152,32
17,78,1365016580470,78,1365016580566,96,152,128,32
17,68,1365016580567,68,1365016580694,127,97,128,1
17,32,1365016580814,32,1365016580926,112,247,232,120
17,70,1365016581070,70,1365016581206,136,256,280,144
17,65,1365016581470,65,1365016581558,88,400,352,264
17,76,1365016581687,76,1365016581750,63,217,192,129
17,76,1365016581846,76,1365016581910,64,159,160,96
17,79,1365016582030,79,1365016582190,160,184,280,120
17,78,1365016582142,78,1365016582278,136,112,88,-48
17,32,1365016582414,32,1365016582534,120,272,256,136
17,83,1365016582558,83,1365016582678,120,144,144,24
17,85,1365016582718,85,1365016582830,112,160,152,40
17,71,1365016583198,71,1365016583246,48,480,416,368
17,71,1365016583382,71,1365016583478,96,184,232,136
17,79,1365441869786,79,1365441869962,176,144,200,24
17,82,1365441869906,82,1365441869962,56,120,0,-56
17,84,1365441870042,84,1365441870178,136,136,216,80
17,72,1365441870138,72,1365441870226,88,96,48,-40
17,32,1365441870306,32,1365441870474,168,168,248,80
17,75,1365441870474,75,1365441870642,168,168,168,0
17,79,1365441870770,79,1365441870898,128,296,256,128
17,82,1365441871074,82,1365441871242,168,304,344,176
17,69,1365441871322,69,1365441871514,192,248,272,80
17,65,1365441871450,65,1365441871586,136,128,72,-64
17,32,1365441871746,32,1365441871890,144,296,304,160
17,82,1365441871930,82,1365441872058,128,184,168,40
17,65,1365441872098,65,1365441872218,120,168,160,40
17,84,1365441872474,84,1365441872562,88,376,344,256
17,67,1365441872698,67,1365441872810,112,224,248,136
17,72,1365441872810,72,1365441872946,136,112,136,0
17,69,1365441872970,69,1365441873074,104,160,128,24
17,84,1365441873314,84,1365441873402,88,344,328,240
17,69,1365441873514,69,1365441873586,72,200,184,112
17,68,1365441873674,68,1365441873794,120,160,208,88
17,32,1365441873818,32,1365441873970,152,144,176,24
17,85,1365441873970,85,1365441874186,216,152,216,0
17,80,1365441874106,80,1365441874322,216,136,136,-80
17,32,1365441874474,32,1365441874602,128,368,280,152
17,73,1365441874618,73,1365441874802,184,144,200,16
17,84,1365441874770,84,1365441874890,120,152,88,-32
17,83,1365441875378,83,1365441875482,104,608,592,488
17,32,1365441875618,32,1365441875754,136,240,272,136
17,84,1365441875802,84,1365441875930,128,184,176,48
17,65,1365441876034,65,1365441876177,143,232,247,104
17,76,1365441876242,76,1365441876361,119,208,184,65
17,75,1365441876337,75,1365441876458,121,95,97,-24
17,32,1365441876611,32,1365441876714,103,274,256,153
17,79,1365441876843,79,1365441876955,112,232,241,129
17,70,1365441876971,70,1365441877115,144,128,160,16
17,32,1365441877115,32,1365441877235,120,144,120,0
17,87,1365441877363,87,1365441877546,183,248,311,128
17,65,1365441877522,65,1365441877763,241,159,217,-24
17,82,1365441877763,82,1365441877882,119,241,119,0
17,32,1365441878106,32,1365441878218,112,343,336,224
17,17,1365441878290,17,1365441878402,112,184,184,72
17,77,1365441878450,77,1365441878571,121,160,169,48
17,17,1365441878546,17,1365441878618,72,96,47,-25
17,79,1365441878690,79,1365441878882,192,144,264,72
17,78,1365441878810,78,1365441878979,169,120,97,-72
17,68,1365441878979,68,1365441879154,175,169,175,0
17,65,1365441879090,65,1365441879202,112,111,48,-64
17,89,1365441879203,89,1365441879298,95,113,96,1
17,32,1365441879394,32,1365441879522,128,191,224,96
17,66,1365441879763,66,1365441879930,167,369,408,241
17,89,1365441879955,89,1365441880082,127,192,152,25
17,32,1365441880170,32,1365441880346,176,215,264,88
17,65,1365441880347,65,1365441880450,103,177,104,1
17,78,1365441880658,78,1365441880730,72,311,280,208
17,78,1365441880858,78,1365441880955,97,200,225,128
17,79,1365441881043,79,1365441881210,167,185,255,88
17,85,1365441881146,85,1365441881266,120,103,56,-64
17,78,1365441881386,78,1365441881554,168,240,288,120
17,67,1365441881713,67,1365441881858,145,327,304,159
17,73,1365441881883,73,1365441882050,167,170,192,25
17,78,1365441882026,78,1365441882155,129,143,105,-24
17,71,1365441882170,71,1365441882258,88,144,103,15
17,32,1365441882258,32,1365441882362,104,88,104,0
17,84,1365441882362,84,1365441882490,128,104,128,0
17,72,1365441882450,72,1365441882594,144,88,104,-40
17,65,1365441882547,65,1365441882762,215,97,168,-47
17,84,1365441882698,84,1365441882850,152,151,88,-64
17,32,1365441882826,32,1365441882922,96,128,72,-24
17,73,1365441882938,73,1365441883082,144,112,160,16
17,84,1365441883106,84,1365441883250,144,168,168,24
17,32,1365441883426,32,1365441883562,136,320,312,176
17,87,1365441883562,87,1365441883746,184,136,184,0
17,65,1365441883626,65,1365441883810,184,64,64,-120
17,83,1365441884266,83,1365441884402,136,640,592,456
17,13,1365441884650,13,1365441884754,104,384,352,248
17,70,1365441885186,70,1365441885266,80,536,512,432
17,82,1365441885394,82,1365441885538,144,208,272,128
17,79,1365441885522,79,1365441885634,112,128,96,-16
17,77,1365441885674,77,1365441885786,112,152,152,40
17,32,1365441886418,32,1365441886514,96,744,728,632
17,84,1365441886554,84,1365441886658,104,136,144,40
17,72,1365441886626,72,1365441886738,112,72,80,-32
17,69,1365441886738,69,1365441886898,160,112,160,0
17,32,1365441886874,32,1365441887026,152,136,128,-24
17,17,1365441887074,17,1365441887186,112,200,160,48
17,75,1365441887226,75,1365441887322,96,152,136,40
17,17,1365441887298,17,1365441887378,80,72,56,-24
17,65,1365441887802,65,1365441887962,160,504,584,424
17,69,1365441888162,69,1365441888314,152,360,352,200
17,83,1365441888458,83,1365441888546,88,296,232,144
17,79,1365441888634,79,1365441888786,152,176,240,88
17,78,1365441888722,78,1365441888882,160,88,96,-64
17,71,1365441888907,71,1365441889026,119,185,144,25
17,32,1365441889130,32,1365441889242,112,223,216,104
17,73,1365441889370,73,1365441889602,232,240,360,128
17,78,1365441889474,78,1365441889674,200,104,72,-128
17,68,1365441889730,68,1365441889882,152,256,208,56
17,85,1365441889906,85,1365441890042,136,176,160,24
17,83,1365441890042,83,1365441890122,80,136,80,0
17,84,1365441890250,84,1365441890346,96,208,224,128
17,82,1365441890762,82,1365441890914,152,512,568,416
17,73,1365441890914,73,1365441891146,232,152,232,0
17,76,1365441891106,76,1365441891234,128,192,88,-40
17,32,1365441891394,32,1365441891498,104,288,264,160
17,80,1365441891554,80,1365441891714,160,160,216,56
17,65,1365441891730,65,1365441891866,136,176,152,16
17,82,1365441891850,82,1365441892018,168,120,152,-16
17,75,1365441892018,75,1365441892130,112,168,112,0
17,32,1365441893042,32,1365441893074,32,1024,944,912
17,188,1365441893561,188,1365441893642,81,519,568,487
17,87,1365441894211,87,1365441894346,135,650,704,569
17,72,1365441894938,72,1365441895122,184,727,776,592
17,73,1365441895066,73,1365441895250,184,128,128,-56
17,67,1365441895363,67,1365441895506,143,297,256,113
17,72,1365441895490,72,1365441895578,88,127,72,-16
17,32,1365441895978,32,1365441896162,184,488,584,400
17,72,1365441896458,72,1365441896618,160,480,456,296
17,65,1365441896619,65,1365441896698,79,161,80,1
17,68,1365441896810,68,1365441896979,169,191,281,112
17,32,1365441897027,32,1365441897162,135,217,183,48
17,66,1365441897186,66,1365441897275,89,159,113,24
17,69,1365441897395,69,1365441897467,72,209,192,120
17,69,1365441897539,69,1365441897666,127,144,199,72
17,78,1365441897722,78,1365441897818,96,183,152,56
17,32,1365441897922,32,1365441898026,104,200,208,104
17,82,1365441898115,82,1365441898250,135,193,224,89
17,85,1365441898226,85,1365441898314,88,111,64,-24
17,78,1365441898594,78,1365441898674,80,368,360,280
17,32,1365441898850,32,1365441898930,80,256,256,176
17,74,1365441899067,74,1365441899282,215,217,352,137
17,79,1365441899250,79,1365441899442,192,183,160,-32
17,73,1365441899394,73,1365441899634,240,144,192,-48
17,78,1365441899610,78,1365441899834,224,216,200,-24
17,84,1365441899866,84,1365441900011,145,256,177,32
17,76,1365441900250,76,1365441900434,184,384,423,239
17,89,1365441900386,89,1365441900514,128,136,80,-48
17,32,1365441900714,32,1365441900827,113,328,313,200
17,87,1365441900938,87,1365441901066,128,224,239,111
17,73,1365441901082,73,1365441901186,104,144,120,16
17,84,1365441901218,84,1365441901370,152,136,184,32
17,72,1365441901338,72,1365441901426,88,120,56,-32
17,32,1365441901538,32,1365441901658,120,200,232,112
17,84,1365441901712,84,1365441901826,114,174,168,54
17,72,1365441901826,72,1365441901898,72,114,72,0
17,69,1365441901922,69,1365441902066,144,96,168,24
17,32,1365441902042,32,1365441902154,112,120,88,-24
17,17,1365441902250,17,1365441902386,136,208,232,96
17,83,1365441902610,83,1365441902754,144,360,368,224
17,17,1365441902754,17,1365441902794,40,144,40,0
17,79,1365441902890,79,1365441903090,200,136,296,96
17,85,1365441903050,85,1365441903194,144,160,104,-40
17,84,1365441903458,84,1365441903626,168,408,432,264
17,72,1365441903602,72,1365441903706,104,144,80,-24
17,13,1365441903970,13,1365441904082,112,368,376,264
17,84,1365441904642,84,1365441904794,152,672,712,560
17,72,1365441904794,72,1365441904890,96,152,96,0
17,69,1365441905090,69,1365441905242,152,296,352,200
17,32,1365441905450,32,1365441905586,136,360,344,208
17,17,1365441905666,17,1365441905810,144,216,224,80
17,68,1365441906314,68,1365441906458,144,648,648,504
17,80,1365441906714,80,1365441906834,120,400,376,256
17,82,1365441907970,82,1365441908122,152,1256,1288,1136
17,75,1365441908146,75,1365441908282,136,176,160,24
17,17,1365441908282,17,1365441908378,96,136,96,0
17,32,1365441908746,32,1365441908866,120,464,488,368
17,87,1365441908898,87,1365441909026,128,152,160,32
17,73,1365441909026,73,1365441909098,72,128,72,0
17,76,1365441909354,76,1365441909434,80,328,336,256
17,32,1365441909538,32,1365441909658,120,184,224,104
17,87,1365441909722,87,1365441909842,120,184,184,64
17,73,1365441909842,73,1365441909954,112,120,112,0
17,84,1365441909978,84,1365441910130,152,136,176,24
17,72,1365441910106,72,1365441910186,80,128,56,-24
17,68,1365441910402,68,1365441910522,120,296,336,216
17,82,1365441910770,82,1365441910898,128,368,376,248
17,65,1365441911354,65,1365441911427,73,584,529,456
17,87,1365441911547,87,1365441911643,96,193,216,120
17,32,1365441911779,32,1365441911899,120,232,256,136
17,65,1365441912075,65,1365441912179,104,296,280,176
17,76,1365441912210,76,1365441912282,72,135,103,31
17,76,1365441912371,76,1365441912523,152,161,241,89
17,32,1365441912458,32,1365441912547,89,87,24,-65
17,73,1365441912626,73,1365441912802,176,168,255,79
17,84,1365441912803,84,1365441912915,112,177,113,1
17,83,1365441913074,83,1365441913186,112,271,271,159
17,32,1365441913387,32,1365441913515,128,313,329,201
17,69,1365441913563,69,1365441913711,148,176,196,48
17,77,1365441913755,77,1365441913954,199,192,243,44
17,80,1365441913970,80,1365441914106,136,215,152,16
17,76,1365441914458,76,1365441914546,88,488,440,352
17,79,1365441914780,79,1365441915003,223,322,457,234
17,89,1365441914955,89,1365441915122,167,175,119,-48
17,69,1365441915242,69,1365441915298,56,287,176,120
17,69,1365441915378,69,1365441915450,72,136,152,80
17,83,1365441915562,83,1365441915666,104,184,216,112
17,32,1365441915802,32,1365441915930,128,240,264,136
17,70,1365441916250,70,1365441916325,75,448,395,320
17,82,1365441916458,82,1365441916618,160,208,293,133
17,79,1365441916754,79,1365441916834,80,296,216,136
17,77,1365441916995,77,1365441917090,95,241,256,161
17,32,1365441917290,32,1365441917394,104,295,304,200
17,84,1365441917442,84,1365441917562,120,152,168,48
17,72,1365441917546,72,1365441917642,96,104,80,-16
17,69,1365441917666,69,1365441917794,128,120,152,24
17,32,1365441917794,32,1365441917938,144,128,144,0
17,90,1365441918018,90,1365441918122,104,224,184,80
17,79,1365441918210,79,1365441918378,168,192,256,88
17,78,1365441918322,78,1365441918482,160,112,104,-56
17,69,1365441918458,69,1365441918578,120,136,96,-24
17,32,1365441918722,32,1365441918882,160,264,304,144
17,17,1365441919802,17,1365441919970,168,1080,1088,920
17,73,1365441920170,73,1365441920290,120,368,320,200
17,17,1365441920290,17,1365441920426,136,120,136,0
17,84,1365441920474,84,1365441920618,144,184,192,48
17,32,1365441920922,32,1365441921050,128,448,432,304
17,87,1365441921066,87,1365441921210,144,144,160,16
17,73,1365441921306,73,1365441921402,96,240,192,96
17,76,1365441921538,76,1365441921594,56,232,192,136
17,76,1365441921690,76,1365441921778,88,152,184,96
17,32,1365441921882,32,1365441921994,112,192,216,104
17,69,1365441922034,69,1365441922154,120,152,160,40
17,8,1365441922810,8,1365441922906,96,776,752,656
17,84,1365441922882,84,1365441922994,112,72,88,-24
17,69,1365441923034,69,1365441923226,192,152,232,40
17,77,1365441923250,77,1365441923378,128,216,152,24
17,80,1365441923794,80,1365441923930,136,544,552,416
17,79,1365441924610,79,1365441924754,144,816,824,680
17,84,1365441924874,84,1365441925010,136,264,256,120
17,65,1365441925290,65,1365441925538,248,416,528,280
17,82,1365441925666,82,1365441925874,208,376,336,128
17,8,1365441927330,8,1365441927418,88,1664,1544,1456
17,8,1365441927666,8,1365441927810,144,336,392,248
17,8,1365441928882,8,1365441928955,73,1216,1145,1072
17,82,1365441929227,82,1365441929371,144,345,416,272
17,65,1365441929562,65,1365441929714,152,335,343,191
17,82,1365441929858,82,1365441930002,144,296,288,144
17,73,1365441932066,73,1365441932162,96,2208,2160,2064
17,76,1365441932290,76,1365441932458,168,224,296,128
17,89,1365441932459,89,1365441932555,96,169,97,1
17,32,1365441932706,32,1365441932850,144,247,295,151
17,83,1365441932890,83,1365441933019,129,184,169,40
17,85,1365441933130,85,1365441933242,112,240,223,111
17,83,1365441933330,83,1365441933426,96,200,184,88
17,80,1365441933795,80,1365441933946,151,465,520,369
17,69,1365441934010,69,1365441934114,104,215,168,64
17,78,1365441934163,78,1365441934242,79,153,128,49
17,68,1365441934266,68,1365441934426,160,103,184,24
17,32,1365441934450,32,1365441934586,136,184,160,24
17,84,1365441934666,84,1365441934794,128,216,208,80
17,72,1365441934762,72,1365441934850,88,96,56,-32
17,69,1365441934890,69,1365441935034,144,128,184,40
17,32,1365441934970,32,1365441935106,136,80,72,-64
17,79,1365441935146,79,1365441935355,209,176,249,40
17,80,1365441935522,80,1365441935682,160,376,327,167
17,69,1365441936410,69,1365441936546,136,888,864,728
17,82,1365441936642,82,1365441936786,144,232,240,96
17,65,1365441936738,65,1365441936858,120,96,72,-48
17,71,1365629492802,71,1365629492953,151,152,151,0
17,17,1365629492881,17,1365629493018,137,79,65,-72
17,69,1365629493889,69,1365629494089,200,1008,1071,871
17,82,1365629494033,82,1365629494170,137,144,81,-56
17,72,1365629494362,72,1365629494457,95,329,287,192
17,65,1365629494689,65,1365629494833,144,327,376,232
17,82,1365629494833,82,1365629494929,96,144,96,0
17,84,1365629495049,84,1365629495177,128,216,248,120
17,83,1365629495433,83,1365629495577,144,384,400,256
17,82,1365629495793,82,1365629496010,217,360,433,216
17,69,1365629495953,69,1365629496089,136,160,79,-57
17,73,1365629496361,73,1365629496569,208,408,480,272
17,84,1365629496618,84,1365629496722,104,257,153,49
17,69,1365629496849,69,1365629497049,200,231,327,127
17,82,1365629496953,82,1365629497129,176,104,80,-96
17,32,1365629497129,32,1365629497353,224,176,224,0
17,76,1365629497321,76,1365629497481,160,192,128,-32
17,69,1365629497481,69,1365629497625,144,160,144,0
17,70,1365629497745,70,1365629497841,96,264,216,120
17,84,1365629497977,84,1365629498137,160,232,296,136
17,32,1365629498161,32,1365629498305,144,184,168,24
17,83,1365629498441,83,1365629498585,144,280,280,136
17,79,1365629498737,79,1365629498929,192,296,344,152
17,85,1365629498849,85,1365629498961,112,112,32,-80
17,84,1365629499073,84,1365629499209,136,224,248,112
17,72,1365629499161,72,1365629499305,144,88,96,-48
17,69,1365629499402,69,1365629499609,207,241,304,97
17,82,1365629499537,82,1365629499697,160,135,88,-72
17,78,1365629499753,78,1365629499857,104,216,160,56
17,32,1365629500057,32,1365629500185,128,304,328,200
17,17,1365629500505,17,1365629500673,168,448,488,320
17,67,1365629500713,67,1365629500857,144,208,184,40
17,17,1365629500785,17,1365629500913,128,72,56,-72
17,65,1365629501345,65,1365629501473,128,560,560,432
17,76,1365629501985,76,1365629502177,192,640,704,512
17,73,1365629502098,73,1365629502265,167,113,88,-79
17,70,1365629502561,70,1365629502697,136,463,432,296
17,79,1365629502833,79,1365629503049,216,272,352,136
17,82,1365629503273,82,1365629503425,152,440,376,224
17,78,1365629503649,78,1365629503825,176,376,400,224
17,73,1365629503769,73,1365629503905,136,120,80,-56
17,65,1365629503921,65,1365629504065,144,152,160,16
17,32,1365629504089,32,1365629504217,128,168,152,24
17,70,1365629504233,70,1365629504329,96,144,112,16
17,79,1365629504329,79,1365629504425,96,96,96,0
17,82,1365629504449,82,1365629504609,160,120,184,24
17,32,1365629504609,32,1365629504745,136,160,136,0
17,67,1365629504961,67,1365629505129,168,352,384,216
17,79,1365629505457,79,1365629505585,128,496,456,328
17,78,1365629505713,78,1365629505795,82,256,210,128
17,78,1365629505921,78,1365629506009,88,208,214,126
17,69,1365629506265,69,1365629506353,88,344,344,256
17,67,1365629506489,67,1365629506569,80,224,216,136
17,84,1365629506729,84,1365629506921,192,240,352,160
17,73,1365629506897,73,1365629507065,168,168,144,-24
17,67,1365629507537,67,1365629507657,120,640,592,472
17,85,1365629507681,85,1365629507801,120,144,144,24
17,84,1365629507865,84,1365629508057,192,184,256,64
17,32,1365629508049,32,1365629508193,144,184,136,-8
17,73,1365629508193,73,1365629508409,216,144,216,0
17,78,1365629508385,78,1365629508513,128,192,104,-24
17,32,1365629509105,32,1365629509257,152,720,744,592
17,65,1365629509353,65,1365629509480,127,248,223,96
17,78,1365629509833,78,1365629509945,112,480,465,353
17,79,1365629510106,79,1365629510234,128,273,289,161
17,84,1365629510235,84,1365629510377,142,129,143,1
17,72,1365629510329,72,1365629510457,128,94,80,-48
17,69,1365629510521,69,1365629510753,232,192,296,64
17,82,1365629510673,82,1365629510825,152,152,72,-80
17,32,1365629510826,32,1365629510945,119,153,120,1
17,76,1365629510946,76,1365629511121,175,120,176,1
17,73,1365629511057,73,1365629511241,184,111,120,-64
17,70,1365629511297,70,1365629511457,160,240,216,56
17,69,1365629511425,69,1365629511577,152,128,120,-32
17,32,1365629511666,32,1365629511801,135,241,224,89
17,79,1365629511802,79,1365629512009,207,136,208,1
17,78,1365629511941,78,1365629512089,148,139,80,-68
17,32,1365629512057,32,1365629512129,72,116,40,-32
17,84,1365629512090,84,1365629512217,127,33,88,-39
17,72,1365629512218,72,1365629512305,87,128,88,1
17,69,1365629512337,69,1365629512489,152,119,184,32
17,32,1365629512465,32,1365629512569,104,128,80,-24
17,17,1365629512650,17,1365629512801,151,185,232,81
17,69,1365629512825,69,1365629512985,160,175,184,24
17,17,1365629512937,17,1365629513041,104,112,56,-48
17,65,1365629513225,65,1365629513331,106,288,290,184
17,83,1365629513449,83,1365629513545,96,224,214,118
17,84,1365629513633,84,1365629513785,152,184,240,88
17,32,1365629513889,32,1365629514041,152,256,256,104
17,17,1365629514105,17,1365629514233,128,216,192,64
17,67,1365629514377,67,1365629514521,144,272,288,144
17,17,1365629514457,17,1365629514569,112,80,48,-64
17,79,1365629514969,79,1365629515113,144,512,544,400
17,65,1365629515721,65,1365629515809,88,752,696,608
17,83,1365629515946,83,1365629516113,167,225,304,137
17,84,1365629516113,84,1365629516281,168,167,168,0
17,188,1365629516921,188,1365629517001,80,808,720,640
17,32,1365629517122,32,1365629517233,111,201,232,121
17,65,1365629517281,65,1365629517401,120,159,168,48
17,67,1365629517610,67,1365629517673,63,329,272,209
17,67,1365629517769,67,1365629517889,120,159,216,96
17,79,1365629518025,79,1365629518217,192,256,328,136
17,85,1365629518113,85,1365629518217,104,88,0,-104
17,8,1365629518417,8,1365629518497,80,304,280,200
17,82,1365629518545,82,1365629518657,112,128,160,48
17,68,1365629518825,68,1365629518937,112,280,280,168
17,73,1365629518905,73,1365629519129,224,80,192,-32
17,78,1365629519089,78,1365629519241,152,184,112,-40
17,71,1365629519241,71,1365629519369,128,152,128,0
17,32,1365629519385,32,1365629519513,128,144,144,16
17,84,1365629519705,84,1365629519889,184,320,376,192
17,8,1365629520001,8,1365629520082,81,296,193,112
17,84,1365629520633,84,1365629520785,152,632,703,551
17,79,1365629520761,79,1365629520857,96,128,72,-24
17,32,1365629521409,32,1365629521553,144,648,696,552
17,80,1365629521825,80,1365629521953,128,416,400,272
17,82,1365629522017,82,1365629522185,168,192,232,64
17,79,1365629522889,79,1365629522967,78,872,782,704
17,83,1365629523273,83,1365629523401,128,384,434,306
17,69,1365629523665,69,1365629523785,120,392,384,264
17,67,1365629523993,67,1365629524113,120,328,328,208
17,85,1365629524145,85,1365629524273,128,152,160,32
17,84,1365629524377,84,1365629524521,144,232,248,104
17,79,1365629524593,79,1365629524737,144,216,216,72
17,82,1365629524737,82,1365629524849,112,144,112,0
17,83,1365629524985,83,1365629525137,152,248,288,136
17,13,1365629525961,13,1365629526052,91,976,915,824
17,71,1365629526576,71,1365629526776,200,615,724,524
17,17,1365629526745,17,1365629526945,200,169,169,-31
17,69,1365629527378,69,1365629527585,207,633,640,433
17,82,1365629527506,82,1365629527658,152,128,73,-79
17,72,1365629527865,72,1365629527985,120,359,327,207
17,65,1365629529794,65,1365629529993,199,1929,2008,1809
17,82,1365629529994,82,1365629530105,111,200,112,1
17,84,1365629530225,84,1365629530345,120,231,240,120
17,83,1365629530521,83,1365629530673,152,296,328,176
17,82,1365629531129,82,1365629531233,104,608,560,456
17,69,1365629531201,69,1365629531337,136,72,104,-32
17,73,1365629531593,73,1365629531761,168,392,424,256
17,84,1365629531762,84,1365629531865,103,169,104,1
17,69,1365629531989,69,1365629532185,196,227,320,124
17,82,1365629532089,82,1365629532225,136,100,40,-96
17,222,1365629532601,222,1365629532657,56,512,432,376
17,83,1365629532697,83,1365629532794,97,96,137,40
17,32,1365629533273,32,1365629533449,176,576,655,479
17,65,1365629533473,65,1365629533577,104,200,128,24
17,67,1365629533745,67,1365629533817,72,272,240,168
17,84,1365629534001,84,1365629534145,144,256,328,184
17,73,1365629534145,73,1365629534257,112,144,112,0
17,86,1365629534777,86,1365629534882,105,632,625,520
17,73,1365629534897,73,1365629535009,112,120,127,15
17,84,1365629535089,84,1365629535217,128,192,208,80
17,73,1365629535986,73,1365629536105,119,897,888,769
17,69,1365629536137,69,1365629536241,104,151,136,32
17,83,1365629536337,83,1365629536481,144,200,240,96
17,32,1365629536993,32,1365629537113,120,656,632,512
17,73,1365629537137,73,1365629537353,216,144,240,24
17,78,1365629537289,78,1365629537419,130,152,66,-64
17,32,1365629538353,32,1365629538505,152,1064,1086,934
17,83,1365629538585,83,1365629538713,128,232,208,80
17,79,1365629538753,79,1365629538921,168,168,208,40
17,85,1365629538849,85,1365629538977,128,96,56,-72
17,84,1365629539060,84,1365629539185,125,211,208,83
17,72,1365629539153,72,1365629539265,112,93,80,-32
17,69,1365629539321,69,1365629539521,200,168,256,56
17,82,1365629539441,82,1365629539601,160,120,80,-80
17,78,1365629539697,78,1365629539793,96,256,192,96
17,32,1365629540113,32,1365629540219,106,416,426,320
17,67,1365629540465,67,1365629540585,120,352,366,246
17,65,1365629540761,65,1365629540897,136,296,312,176
17,76,1365629541993,76,1365629542169,176,1232,1272,1096
17,73,1365629542097,73,1365629542225,128,104,56,-72
17,70,1365629542729,70,1365629542897,168,632,672,504
17,79,1365629543121,79,1365629543257,136,392,360,224
17,82,1365629543233,82,1365629543377,144,112,120,-24
17,78,1365629543449,78,1365629543624,175,216,247,72
17,73,1365629543561,73,1365629543689,128,112,65,-63
17,65,1365629543689,65,1365629543824,135,128,135,0
17,32,1365629543865,32,1365629543968,103,176,144,41
17,65,1365629544016,65,1365629544120,104,151,152,48
17,78,1365629544113,78,1365629544201,88,97,81,-7
17,68,1365629544232,68,1365629544376,144,119,175,31
17,32,1365629544432,32,1365629544537,105,200,161,56
17,79,1365629544609,79,1365629544762,153,177,225,72
17,8,1365629544945,8,1365629545002,57,336,240,183
17,79,1365629545449,79,1365629545633,184,504,631,447
17,78,1365629545602,78,1365629545762,160,153,129,-31
17,32,1365629545722,32,1365629545834,112,120,72,-40
17,84,1365629545834,84,1365629545953,119,112,119,0
17,72,1365629545921,72,1365629546009,88,87,56,-32
17,69,1365629546041,69,1365629546153,112,120,144,32
17,32,1365629546154,32,1365629546249,95,113,96,1
17,69,1365629546281,69,1365629546425,144,127,176,32
17,65,1365629546378,65,1365629546473,95,97,48,-47
17,83,1365629546530,83,1365629546713,183,152,240,57
17,84,1365629546715,84,1365629546881,166,185,168,2
17,32,1365629546897,32,1365629547041,144,182,160,16
17,67,1365629547097,67,1365629547209,112,200,168,56
17,79,1365629547233,79,1365629547361,128,136,152,24
17,65,1365629547449,65,1365629547537,88,216,176,88
17,83,1365629547625,83,1365629547801,176,176,264,88
17,84,1365629547801,84,1365629547969,168,176,168,0
17,32,1365629548089,32,1365629548233,144,288,264,120
17,87,1365629548234,87,1365629548369,135,145,136,1
17,65,1365629548305,65,1365629548417,112,71,48,-64
17,83,1365629548513,83,1365629548657,144,208,240,96
17,32,1365629548801,32,1365629548953,152,288,296,144
17,68,1365629549137,68,1365629549289,152,336,336,184
17,85,1365629549361,85,1365629549497,136,224,208,72
17,82,1365629549641,82,1365629549793,152,280,296,144
17,73,1365629549785,73,1365629549953,168,144,160,-8
17,78,1365629549905,78,1365629550017,112,120,64,-48
17,32,1365629550097,32,1365629550201,104,192,184,80
17,84,1365629550201,84,1365629550305,104,104,104,0
17,72,1365629550305,72,1365629550385,80,104,80,0
17,69,1365629550425,69,1365629550561,136,120,176,40
17,32,1365629550897,32,1365629551017,120,472,456,336
17,84,1365629551145,84,1365629551225,80,248,208,128
17,82,1365629551385,82,1365629551561,176,240,336,160
17,73,1365629551585,73,1365629551737,152,200,176,24
17,65,1365629551889,65,1365629552033,144,304,296,152
17,76,1365629552057,76,1365629552153,96,168,120,24
17,32,1365629552265,32,1365629552417,152,208,264,112
17,73,1365629552417,73,1365629552641,224,152,224,0
17,78,1365629552553,78,1365629552737,184,136,96,-88
17,32,1365629552697,32,1365629552817,120,144,80,-40
17,65,1365629552841,65,1365629553009,168,144,192,24
17,32,1365629553001,32,1365629553089,88,160,80,-8
17,68,1365629553154,68,1365629553297,143,153,208,65
17,79,1365629553345,79,1365629553449,104,191,152,48
17,87,1365629553561,87,1365629553633,72,216,184,112
17,78,1365629553817,78,1365629553905,88,256,272,184
17,84,1365629554345,84,1365629554529,184,528,624,440
17,79,1365629554881,79,1365629555017,136,536,488,352
17,87,1365629555049,87,1365629555169,120,168,152,32
17,78,1365629555298,78,1365629555377,79,249,208,129
17,32,1365629555513,32,1365629555633,120,215,256,136
17,76,1365629555753,76,1365629555873,120,240,240,120
17,79,1365629556057,79,1365629556177,120,304,304,184
17,83,1365629556241,83,1365629556369,128,184,192,64
17,32,1365629556569,32,1365629556697,128,328,328,200
17,65,1365629556793,65,1365629556929,136,224,232,96
17,78,1365629557569,78,1365629557649,80,776,720,640
17,71,1365629559153,71,1365629559321,168,1584,1672,1504
17,69,1365629561177,69,1365629561377,200,2024,2056,1856
17,76,1365629561425,76,1365629561592,167,248,215,48
17,83,1365629561641,83,1365629561752,111,216,160,49
17,32,1365629561978,32,1365629562129,151,337,377,226
17,67,1365629562185,67,1365629562313,128,207,184,56
17,79,1365629562489,79,1365629562721,232,304,408,176
17,85,1365629562633,85,1365629562785,152,144,64,-88
17,82,1365629562809,82,1365629562961,152,176,176,24
17,84,1365629563137,84,1365629563257,120,328,296,176
17,82,1365629564361,82,1365629564513,152,1224,1256,1104
17,79,1365629564769,79,1365629564849,80,408,336,256
17,79,1365629564953,79,1365629565017,64,184,168,104
17,77,1365629565161,77,1365629565233,72,208,216,144
17,72,1365787667921,72,1365787668025,104,136,104,0
17,69,1365787668025,69,1365787668161,136,104,136,0
17,32,1365787668193,32,1365787668353,160,168,192,32
17,84,1365787668393,84,1365787668545,152,200,192,40
17,69,1365787668521,69,1365787668657,136,128,112,-24
17,83,1365787668705,83,1365787668889,184,184,232,48
17,84,1365787668889,84,1365787669017,128,184,128,0
17,73,1365787669017,73,1365787669201,184,128,184,0
17,78,1365787669137,78,1365787669249,112,120,48,-64
17,71,1365787669233,71,1365787669360,127,96,111,-16
17,32,1365787669353,32,1365787669497,144,120,137,-7
17,65,1365787669433,65,1365787669585,152,80,88,-64
17,84,1365787669585,84,1365787669681,96,152,96,0
17,32,1365787669681,32,1365787669777,96,96,96,0
17,84,1365787669777,84,1365787669889,112,96,112,0
17,72,1365787669865,72,1365787669953,88,88,64,-24
17,69,1365787669976,69,1365787670134,158,111,181,23
17,32,1365787670105,32,1365787670232,127,129,98,-29
17,77,1365787670208,77,1365787670384,176,103,152,-24
17,65,1365787670385,65,1365787670488,103,177,104,1
17,74,1365787670736,74,1365787670897,161,351,409,248
17,65,1365787671072,65,1365787671152,80,336,255,175
17,86,1365787671608,86,1365787671760,152,536,608,456
17,69,1365787671728,69,1365787671832,104,120,72,-32
17,32,1365787672248,32,1365787672384,136,520,552,416
17,17,1365787672432,17,1365787672505,73,184,121,48
17,65,1365787672608,65,1365787672704,96,176,199,103
17,17,1365787672792,17,1365787672888,96,184,184,88
17,73,1365787672928,73,1365787673064,136,136,176,40
17,82,1365787673065,82,1365787673160,95,137,96,1
17,32,1365787673296,32,1365787673408,112,231,248,136
17,65,1365787673424,65,1365787673504,80,128,96,16
17,78,1365787673544,78,1365787673632,88,120,128,40
17,68,1365787673664,68,1365787673744,80,120,112,32
17,32,1365787673864,32,1365787673960,96,200,216,120
17,17,1365787674040,17,1365787674176,136,176,216,80
17,83,1365787674424,83,1365787674568,144,384,392,248
17,17,1365787674512,17,1365787674616,104,88,48,-56
17,80,1365787675040,80,1365787675128,88,528,512,424
17,65,1365787675256,65,1365787675368,112,216,240,128
17,67,1365787675488,67,1365787675680,192,232,312,120
17,69,1365787675616,69,1365787675768,152,128,88,-64
17,32,1365787675840,32,1365787675968,128,224,200,72
17,17,1365787675976,17,1365787676080,104,136,112,8
17,80,1365787676080,80,1365787676208,128,104,128,0
17,17,1365787676192,17,1365787676288,96,112,80,-16
17,65,1365787676440,65,1365787676544,104,248,256,152
17,8,1365787676776,8,1365787676840,64,336,296,232
17,79,1365787676968,79,1365787677120,152,192,280,128
17,82,1365787677264,82,1365787677360,96,296,240,144
17,84,1365787677481,84,1365787677625,144,217,265,121
17,32,1365787677665,32,1365787677769,104,184,144,40
17,73,1365787677769,73,1365787677985,216,104,216,0
17,78,1365787677921,78,1365787678065,144,152,80,-64
17,32,1365787678134,32,1365787678313,179,213,248,69
17,67,1365787678545,67,1365787678721,176,411,408,232
17,65,1365787678657,65,1365787678793,136,112,72,-64
17,76,1365787678857,76,1365787679033,176,200,240,64
17,73,1365787678977,73,1365787679129,152,120,96,-56
17,70,1365787679193,70,1365787679329,136,216,200,64
17,79,1365787679354,79,1365787679569,215,161,240,25
17,82,1365787679753,82,1365787679889,136,399,320,184
17,78,1365787679969,78,1365787680153,184,216,264,80
17,73,1365787680073,73,1365787680209,136,104,56,-80
17,65,1365787680234,65,1365787680409,175,161,200,25
17,32,1365787680457,32,1365787680617,160,223,208,48
17,82,1365787680721,82,1365787680873,152,264,256,104
17,69,1365787680833,69,1365787680953,120,112,80,-40
17,80,1365787681113,80,1365787681233,120,280,280,160
17,82,1365787681353,82,1365787681529,176,240,296,120
17,69,1365787681473,69,1365787681593,120,120,64,-56
17,83,1365787681809,83,1365787681905,96,336,312,216
17,78,1365787682385,78,1365787682545,160,576,640,480
17,8,1365787682921,8,1365787682985,64,536,440,376
17,69,1365787683025,69,1365787683161,136,104,176,40
17,78,1365787683137,78,1365787683273,136,112,112,-24
17,84,1365787683449,84,1365787683617,168,312,344,176
17,69,1365787683849,69,1365787683969,120,400,352,232
17,68,1365787684545,68,1365787684673,128,696,704,576
17,32,1365787684801,32,1365787684897,96,256,224,128
17,84,1365787684897,84,1365787685009,112,96,112,0
17,72,1365787685009,72,1365787685105,96,112,96,0
17,69,1365787685105,69,1365787685201,96,96,96,0
17,32,1365787685217,32,1365787685321,104,112,120,16
17,70,1365787685329,70,1365787685417,88,112,96,8
17,73,1365787685433,73,1365787685577,144,104,160,16
17,82,1365787685537,82,1365787685673,136,104,96,-40
17,83,1365787685825,83,1365787686033,208,288,360,152
17,84,1365787686001,84,1365787686161,160,176,128,-32
17,32,1365787686329,32,1365787686472,143,328,311,168
17,84,1365787686585,84,1365787686721,136,256,249,113
17,69,1365787686801,69,1365787686937,136,216,216,80
17,82,1365787687081,82,1365787687216,135,280,279,144
17,69,1365787687296,69,1365787687400,104,215,184,80
17,8,1365787687928,8,1365787688001,73,632,601,528
17,82,1365787688081,82,1365787688185,104,153,184,80
17,69,1365787688288,69,1365787688360,72,207,175,103
17,83,1365787688705,83,1365787688808,103,417,448,345
17,84,1365787689001,84,1365787689088,87,296,280,193
17,82,1365787689288,82,1365787689408,120,287,320,200
17,73,1365787690584,73,1365787690664,80,1296,1256,1176
17,76,1365787690744,76,1365787690824,80,160,160,80
17,8,1365787692640,8,1365787692704,64,1896,1880,1816
17,65,1365787693968,65,1365787694104,136,1328,1400,1264
17,76,1365787694130,76,1365787694224,94,162,120,26
17,32,1365787694592,32,1365787694744,152,462,520,368
17,68,1365787694744,68,1365787694816,72,152,72,0
17,69,1365787694928,69,1365787695057,129,184,241,112
17,77,1365787695129,77,1365787695297,168,201,240,72
17,79,1365787695265,79,1365787695497,232,136,200,-32
17,78,1365787695625,78,1365787695761,136,360,264,128
17,83,1365787695833,83,1365787695897,64,208,136,72
17,84,1365787696017,84,1365787696073,56,184,176,120
17,82,1365787696193,82,1365787696321,128,176,248,120
17,65,1365787696489,65,1365787696609,120,296,288,168
17,84,1365787696681,84,1365787696833,152,192,224,72
17,73,1365787696777,73,1365787696937,160,96,104,-56
17,79,1365787696905,79,1365787697057,152,128,120,-32
17,78,1365787697025,78,1365787697193,168,120,136,-32
17,32,1365787697161,32,1365787697321,160,136,128,-32
17,79,1365787697281,79,1365787697401,120,120,80,-40
17,70,1365787697401,70,1365787697505,104,120,104,0
17,32,1365787697545,32,1365787697681,136,144,176,40
17,65,1365787697681,65,1365787697857,176,136,176,0
17,78,1365787697841,78,1365787698017,176,160,160,-16
17,32,1365787698017,32,1365787698185,168,176,168,0
17,65,1365787698201,65,1365787698353,152,184,168,16
17,85,1365787698369,85,1365787698505,136,168,152,16
17,84,1365787698593,84,1365787698745,152,224,240,88
17,79,1365787698777,79,1365787698905,128,184,160,32
17,78,1365787699121,78,1365787699289,168,344,384,216
17,79,1365787699289,79,1365787699393,104,168,104,0
17,77,1365787699585,77,1365787699713,128,296,320,192
17,79,1365787699897,79,1365787700105,208,312,392,184
17,85,1365787700025,85,1365787700177,152,128,72,-80
17,83,1365787700257,83,1365787700385,128,232,208,80
17,76,1365787700497,76,1365787700673,176,240,288,112
17,89,1365787700641,89,1365787700737,96,144,64,-32
17,32,1365787700889,32,1365787701033,144,248,296,152
17,71,1365787701129,71,1365787701273,144,240,240,96
17,85,1365787701273,85,1365787701401,128,144,128,0
17,73,1365787701617,73,1365787701793,176,344,392,216
17,68,1365787701961,68,1365787702049,88,344,256,168
17,69,1365787702185,69,1365787702249,64,224,200,136
17,68,1365787702369,68,1365787702481,112,184,232,120
17,32,1365787702897,32,1365787703049,152,528,568,416
17,82,1365787703153,82,1365787703297,144,256,248,104
17,79,1365787703361,79,1365787703521,160,208,224,64
17,67,1365787703593,67,1365787703705,112,232,184,72
17,75,1365787703945,75,1365787704081,136,352,376,240
17,69,1365787704081,69,1365787704177,96,136,96,0
17,69,1365787704289,69,1365787704385,96,208,208,112
17,84,1365787704401,84,1365787704497,96,112,112,16
17,32,1365787704681,32,1365787704817,136,280,320,184
17,70,1365787704841,70,1365787704960,119,160,143,24
17,76,1365787705001,76,1365787705208,207,160,248,41
17,89,1365787705168,89,1365787705272,104,167,64,-40
17,73,1365787705336,73,1365787705528,192,168,256,64
17,78,1365787705465,78,1365787705600,135,129,72,-63
17,71,1365787705576,71,1365787705744,168,111,144,-24
17,32,1365787705745,32,1365787705848,103,169,104,1
17,65,1365787705872,65,1365787706000,128,127,152,24
17,32,1365787706088,32,1365787706184,96,216,184,88
17,80,1365787706288,80,1365787706424,136,200,240,104
17,8,1365787706704,8,1365787706800,96,416,376,280
17,80,1365787707432,80,1365787707544,112,728,744,632
17,76,1365787708384,76,1365787708560,176,952,1016,840
17,65,1365787708584,65,1365787708744,160,200,184,24
17,78,1365787709040,78,1365787709208,168,456,464,296
17,69,1365787709416,69,1365787709512,96,376,304,208
17,84,1365787709664,84,1365787709776,112,248,264,152
17,65,1365787710080,65,1365787710216,136,416,440,304
17,82,1365787710272,82,1365787710440,168,192,224,56
17,89,1365787710432,89,1365787710560,128,160,120,-8
17,32,1365787710824,32,1365787710960,136,392,400,264
17,76,1365787711024,76,1365787711200,176,200,240,64
17,65,1365787711152,65,1365787711288,136,128,88,-48
17,78,1365787711352,78,1365787711520,168,200,232,64
17,68,1365787711600,68,1365787711744,144,248,224,80
17,73,1365787711744,73,1365787711896,152,144,152,0
17,78,1365787711856,78,1365787711992,136,112,96,-40
17,71,1365787712008,71,1365787712136,128,152,144,16
17,32,1365787712232,32,1365787712368,136,224,232,96
17,84,1365787712449,84,1365787712521,72,217,153,81
17,82,1365787712633,82,1365787712777,144,184,256,112
17,65,1365787712913,65,1365787713057,144,280,280,136
17,8,1365787713457,8,1365787713521,64,544,464,400
17,65,1365787714097,65,1365787714233,136,640,712,576
17,74,1365787714313,74,1365787714449,136,216,216,80
17,69,1365787714913,69,1365787715001,88,600,552,464
17,67,1365787715281,67,1365787715377,96,368,376,280
17,84,1365787715553,84,1365787715665,112,272,288,176
17,79,1365787715697,79,1365787715817,120,144,152,32
17,82,1365787715802,82,1365787715929,127,105,112,-15
17,89,1365787715929,89,1365787716001,72,127,72,0
17,190,1365787716410,190,1365787716481,71,481,480,409
17,32,1365787716609,32,1365787716713,104,199,232,128
17,84,1365787716697,84,1365787716817,120,88,104,-16
17,72,1365787716793,72,1365787716921,128,96,104,-24
17,69,1365787716921,69,1365787716969,48,128,48,0
17,32,1365787718201,32,1365787718345,144,1280,1376,1232
17,69,1365787718433,69,1365787718617,184,232,272,88
17,8,1365787718785,8,1365787718913,128,352,296,168
17,84,1365787718913,84,1365787719025,112,128,112,0
17,69,1365787718977,69,1365787719113,136,64,88,-48
17,83,1365787719169,83,1365787719297,128,192,184,56
17,84,1365787719353,84,1365787719481,128,184,184,56
17,73,1365787719457,73,1365787719641,184,104,160,-24
17,78,1365787719577,78,1365787719713,136,120,72,-64
17,32,1365787719857,32,1365787719977,120,280,264,144
17,8,1365787720289,8,1365787720361,72,432,384,312
17,71,1365787720465,71,1365787720569,104,176,208,104
17,32,1365787721401,32,1365787721529,128,936,960,832
17,85,1365787721657,85,1365787721793,136,256,264,128
17,84,1365787722169,84,1365787722328,159,512,535,376
17,73,1365787722289,73,1365787722424,135,120,96,-39
17,76,1365787722600,76,1365787722776,176,311,352,176
17,73,1365787722712,73,1365787722896,184,112,120,-64
17,90,1365787722961,90,1365787723065,104,249,169,65
17,69,1365787723129,69,1365787723224,95,168,159,64
17,68,1365787723360,68,1365787723472,112,231,248,136
17,32,1365787723624,32,1365787723800,176,264,328,152
17,17,1365787724088,17,1365787724272,184,464,472,288
17,68,1365787724560,68,1365787724728,168,472,456,288
17,17,1365787724680,17,1365787724752,72,120,24,-48
17,82,1365787725216,82,1365787725400,184,536,648,464
17,65,1365787725352,65,1365787725472,120,136,72,-48
17,80,1365787725568,80,1365787725696,128,216,224,96
17,69,1365787725760,69,1365787725960,200,192,264,64
17,82,1365787725920,82,1365787726016,96,160,56,-40
17,222,1365787726680,222,1365787726744,64,760,728,664
17,83,1365787726776,83,1365787726888,112,96,144,32
17,32,1365787726920,32,1365787727088,168,144,200,32
17,17,1365787727192,17,1365787727384,192,272,296,104
17,71,1365787728144,71,1365787728240,96,952,856,760
17,69,1365787728432,69,1365787728560,128,288,320,192
17,78,1365787728712,78,1365787728800,88,280,240,152
17,73,1365787728912,73,1365787729088,176,200,288,112
17,69,1365787729160,69,1365787729264,104,248,176,72
17,17,1365787729360,17,1365787729504,144,200,240,96
17,32,1365787731209,32,1365787731377,168,1849,1873,1705
17,83,1365787731441,83,1365787731561,120,232,184,64
17,89,1365787731753,89,1365787731889,136,312,328,192
17,83,1365787731929,83,1365787732017,88,176,128,40
17,84,1365787732161,84,1365787732273,112,232,256,144
17,69,1365787732377,69,1365787732537,160,216,264,104
17,77,1365787732585,77,1365787732697,112,208,160,48
17,32,1365787732865,32,1365787733049,184,280,352,168
17,65,1365787733065,65,1365787733137,72,200,88,16
17,67,1365787733249,67,1365787733297,48,184,160,112
17,84,1365787733433,84,1365787733545,112,184,248,136
17,73,1365787733521,73,1365787733681,160,88,136,-24
17,86,1365787733969,86,1365787734097,128,448,416,288
17,69,1365787734057,69,1365787734209,152,88,112,-40
17,76,1365787734257,76,1365787734441,184,200,232,48
17,89,1365787734425,89,1365787734529,104,168,88,-16
17,32,1365787734697,32,1365787734825,128,272,296,168
17,67,1365787734873,67,1365787734985,112,176,160,48
17,79,1365787734985,79,1365787735185,200,112,200,0
17,78,1365787735105,78,1365787735305,200,120,120,-80
17,84,1365787735289,84,1365787735353,64,184,48,-16
17,82,1365787735473,82,1365787735617,144,184,264,120
17,79,1365787735665,79,1365787735761,96,192,144,48
17,76,1365787735873,76,1365787735953,80,208,192,112
17,76,1365787736081,76,1365787736249,168,208,296,128
17,73,1365787736217,73,1365787736441,224,136,192,-32
17,78,1365787736369,78,1365787736505,136,152,64,-72
17,71,1365787736505,71,1365787736617,112,136,112,0
17,32,1365787736601,32,1365787736737,136,96,120,-16
17,65,1365787736737,65,1365787736881,144,136,144,0
17,32,1365787736873,32,1365787736993,120,136,112,-8
17,17,1365787737065,17,1365787737185,120,192,192,72
17,77,1365787737185,77,1365787737305,120,120,120,0
17,17,1365787737305,17,1365787737401,96,120,96,0
17,65,1365787737585,65,1365787737681,96,280,280,184
17,83,1365787737793,83,1365787737881,88,208,200,112
17,84,1365787737977,84,1365787738081,104,184,200,96
17,69,1365787738185,69,1365787738313,128,208,232,104
17,78,1365787738345,78,1365787738449,104,160,136,32
17,32,1365787738569,32,1365787738705,136,224,256,120
17,17,1365787738977,17,1365787739113,136,408,408,272
17,67,1365787739369,67,1365787739480,111,392,367,256
17,8,1365787739785,8,1365787739865,80,416,385,305
17,88,1365787740049,88,1365787740129,80,264,264,184
17,8,1365787740904,8,1365787741032,128,855,903,775
17,88,1365787741176,88,1365787741352,176,272,320,144
17,17,1365787741600,17,1365787741728,128,424,376,248
17,65,1365787744712,65,1365787744848,136,3112,3120,2984
17,83,1365787745048,83,1365787745145,97,336,297,200
17,84,1365787745280,84,1365787745360,80,232,215,135
17,69,1365787745488,69,1365787745616,128,208,256,128
17,78,1365787745632,78,1365787745761,129,144,145,16
17,8,1365787746272,8,1365787746344,72,640,583,511
17,8,1365787746440,8,1365787746528,88,168,184,96
17,8,1365787746600,8,1365787746672,72,160,144,72
17,8,1365787747032,8,1365787747128,96,432,456,360
17,8,1365787747232,8,1365787747320,88,200,192,104
17,8,1365787747449,8,1365787747529,80,217,209,129
17,88,1365787749689,88,1365787749825,136,2240,2296,2160
17,79,1365787750001,79,1365787750105,104,312,280,176
17,77,1365787750265,77,1365787750425,160,264,320,160
17,66,1365787750785,66,1365787750961,176,520,536,360
17,73,1365787751001,73,1365787751153,152,216,192,40
17,69,1365787751529,69,1365787751633,104,528,480,376
18,84,1363365760601,84,1363365760681,80,320,0,-80
18,72,1363365760777,72,1363365760858,81,176,177,96
18,69,1363365760881,69,1363365760929,48,104,71,23
18,82,1363365760969,82,1363365761041,72,88,112,40
18,69,1363365761041,69,1363365761097,56,72,56,0
18,32,1363365761113,32,1363365761209,96,72,112,16
18,73,1363365761265,73,1363365761345,80,152,136,56
18,83,1363365761345,83,1363365761409,64,80,64,0
18,32,1363365761425,32,1363365761513,88,80,104,16
18,65,1363365761593,65,1363365761681,88,168,168,80
18,32,1363365761681,32,1363365761769,88,88,88,0
18,87,1363365762033,87,1363365762114,81,352,345,264
18,79,1363365762129,79,1363365762212,83,96,98,15
18,82,1363365762225,82,1363365762299,74,96,87,13
18,76,1363365762345,76,1363365762417,72,120,118,46
18,68,1363365762417,68,1363365762481,64,72,64,0
18,32,1363365762513,32,1363365762609,96,96,128,32
18,79,1363365762665,79,1363365762769,104,152,160,56
18,85,1363365762729,85,1363365762817,88,64,48,-40
18,84,1363365762929,84,1363365763017,88,200,200,112
18,32,1363365762969,32,1363365763097,128,40,80,-48
18,84,1363365763113,84,1363365763193,80,144,96,16
18,72,1363365763161,72,1363365763257,96,48,64,-32
18,69,1363365763228,69,1363365763289,61,67,32,-29
18,82,1363365763316,82,1363365763404,88,88,115,27
18,69,1363365763404,69,1363365763441,37,88,37,0
18,32,1363365763441,32,1363365763545,104,37,104,0
18,70,1363365763617,70,1363365763713,96,176,168,72
18,85,1363365764185,85,1363365764257,72,568,544,472
18,76,1363365764321,76,1363365764385,64,136,128,64
18,76,1363365764457,76,1363365764553,96,136,168,72
18,32,1363365764516,32,1363365764610,94,59,57,-37
18,79,1363365764673,79,1363365764745,72,157,135,63
18,70,1363365764769,70,1363365764833,64,96,88,24
18,32,1363365764833,32,1363365764929,96,64,96,0
18,83,1363365764969,83,1363365765074,105,136,145,40
18,77,1363365765042,77,1363365765151,109,73,77,-32
18,85,1363365765226,85,1363365765306,80,184,155,75
18,82,1363365765420,82,1363365765482,62,194,176,114
18,70,1363365765602,70,1363365765674,72,182,192,120
18,83,1363365765834,83,1363365765914,80,232,240,160
18,190,1363365766130,190,1363365766210,80,296,296,216
18,32,1363365766324,32,1363365766386,62,194,176,114
18,32,1363365766442,32,1363365766538,96,118,152,56
18,16,1363365766601,16,1363365767082,481,159,544,63
18,73,1363365767017,73,1363365767082,65,416,0,-65
18,78,1363365767250,78,1363365767330,80,233,248,168
18,32,1363365767313,32,1363365767415,102,63,85,-17
18,84,1363365767506,84,1363365767587,81,193,172,91
18,72,1363365767538,72,1363365767618,80,32,31,-49
18,73,1363365767706,73,1363365767775,69,168,157,88
18,83,1363365767778,83,1363365767841,63,72,66,3
18,32,1363365767868,32,1363365767961,93,90,120,27
18,87,1363365767962,87,1363365768033,71,94,72,1
18,79,1363365768025,79,1363365768106,81,63,73,-8
18,82,1363365768153,82,1363365768226,73,128,120,47
18,76,1363365768241,76,1363365768333,92,88,107,15
18,68,1363365768361,68,1363365768434,73,120,101,28
18,188,1363365768745,188,1363365768849,104,384,415,311
18,32,1363365768793,32,1363365768906,113,48,57,-56
18,76,1363365769017,76,1363365769114,97,224,208,111
18,73,1363365769081,73,1363365769154,73,64,40,-33
18,84,1363365769273,84,1363365769337,64,192,183,119
18,84,1363365769385,84,1363365769474,89,112,137,48
18,76,1363365769498,76,1363365769601,103,113,127,24
18,69,1363365769602,69,1363365769665,63,104,64,1
18,32,1363365769666,32,1363365769753,87,64,88,1
18,66,1363365769874,66,1363365769961,87,208,208,121
18,76,1363365769929,76,1363365770033,104,55,72,-32
18,85,1363365770121,85,1363365770193,72,192,160,88
18,69,1363365770225,69,1363365770297,72,104,104,32
18,32,1363365770297,32,1363365770393,96,72,96,0
18,80,1363365770394,80,1363365770473,79,97,80,1
18,69,1363365770522,69,1363365770601,79,128,128,49
18,79,1363365770633,79,1363365770721,88,111,120,32
18,80,1363365770673,80,1363365770761,88,40,40,-48
18,76,1363365770865,76,1363365770945,80,192,184,104
18,69,1363365770945,69,1363365771017,72,80,72,0
18,32,1363365771018,32,1363365771098,80,73,81,1
18,65,1363365771529,65,1363365771612,83,511,514,431
18,82,1363365771625,82,1363365771697,72,96,85,13
18,69,1363365771769,69,1363365771841,72,144,144,72
18,32,1363365771841,32,1363365771929,88,72,88,0
18,65,1363365772025,65,1363365772121,96,184,192,96
18,78,1363365772097,78,1363365772169,72,72,48,-24
18,71,1363365772321,71,1363365772393,72,224,224,152
18,82,1363365772577,82,1363365772657,80,256,264,184
18,89,1363365772753,89,1363365772841,88,176,184,96
18,32,1363365772801,32,1363365772913,112,48,72,-40
18,87,1363365773641,87,1363365773706,65,840,793,728
18,73,1363365773729,73,1363365773801,72,88,95,23
18,84,1363365773974,84,1363365774073,99,245,272,173
18,72,1363365773993,72,1363365774113,120,19,40,-80
18,32,1363365774049,32,1363365774177,128,56,64,-64
18,65,1363365775577,65,1363365775657,80,1528,1480,1400
18,78,1363365775857,78,1363365775945,88,280,288,200
18,32,1363365775905,32,1363365776026,121,48,81,-40
18,69,1363365776065,69,1363365776121,56,160,95,39
18,86,1363365776209,86,1363365776281,72,144,160,88
18,73,1363365776457,73,1363365776561,104,248,280,176
18,76,1363365776497,76,1363365776617,120,40,56,-64
18,32,1363365776585,32,1363365776696,111,88,79,-32
18,87,1363365776873,87,1363365776945,72,288,249,177
18,73,1363365776945,73,1363365777033,88,72,88,0
18,90,1363365777177,90,1363365777241,64,232,208,144
18,65,1363365777361,65,1363365777441,80,184,200,120
18,82,1363365777441,82,1363365777521,80,80,80,0
18,68,1363365777561,68,1363365777625,64,120,104,40
18,32,1363365777642,32,1363365777729,87,81,104,17
18,65,1363365777761,65,1363365777817,56,119,88,32
18,78,1363365777841,78,1363365777913,72,80,96,24
18,68,1363365777945,68,1363365778025,80,104,112,32
18,32,1363365778025,32,1363365778105,80,80,80,0
18,72,1363365778193,72,1363365778297,104,168,192,88
18,73,1363365778241,73,1363365778329,88,48,32,-56
18,83,1363365778337,83,1363365778401,64,96,72,8
18,32,1363365778417,32,1363365778529,112,80,128,16
18,67,1363365778595,67,1363365778665,70,178,136,66
18,65,1363365778865,65,1363365778953,88,270,288,200
18,84,1363365779009,84,1363365779089,80,144,136,56
18,32,1363365779052,32,1363365779177,125,43,88,-37
18,66,1363365779369,66,1363365779433,64,317,256,192
18,69,1363365779417,69,1363365779465,48,48,32,-16
18,67,1363365779585,67,1363365779641,56,168,176,120
18,65,1363365779794,65,1363365779878,84,209,237,153
18,85,1363365779878,85,1363365779971,93,84,93,0
18,83,1363365779971,83,1363365780049,78,93,78,0
18,69,1363365780158,69,1363365780241,83,187,192,109
18,32,1363365780217,32,1363365780313,96,59,72,-24
18,84,1363365782137,84,1363365782241,104,1920,1928,1824
18,32,1363365782289,32,1363365782409,120,152,168,48
18,87,1363365782449,87,1363365782522,73,160,113,40
18,73,1363365782522,73,1363365782602,80,73,80,0
18,90,1363365782698,90,1363365782770,72,176,168,96
18,65,1363365782906,65,1363365782970,64,208,200,136
18,82,1363365782986,82,1363365783066,80,80,96,16
18,68,1363365783098,68,1363365783162,64,112,96,32
18,32,1363365783178,32,1363365783258,80,80,96,16
18,65,1363365783298,65,1363365783370,72,120,112,40
18,78,1363365783370,78,1363365783450,80,72,80,0
18,68,1363365783490,68,1363365783567,77,120,117,40
18,32,1363365783530,32,1363365783634,104,40,67,-37
18,72,1363365783666,72,1363365783761,95,136,127,32
18,73,1363365783706,73,1363365783802,96,40,41,-55
18,83,1363365783802,83,1363365783874,72,96,72,0
18,32,1363365784034,32,1363365784138,104,232,264,160
18,67,1363365784217,67,1363365784282,65,183,144,79
18,65,1363365784426,65,1363365784538,112,209,256,144
18,84,1363365784498,84,1363365784581,83,72,43,-40
18,32,1363365784538,32,1363365784662,124,40,81,-43
18,75,1363365784795,75,1363365784858,63,257,196,133
18,69,1363365784858,69,1363365784906,48,63,48,0
18,69,1363365784993,69,1363365785082,89,135,176,87
18,80,1363365785082,80,1363365785177,95,89,95,0
18,32,1363365785137,32,1363365785242,105,55,65,-40
18,84,1363365785777,84,1363365785850,73,640,608,535
18,82,1363365785850,82,1363365785913,63,73,63,0
18,89,1363365785945,89,1363365786030,85,95,117,32
18,73,1363365786137,73,1363365786234,97,192,204,107
18,78,1363365786185,78,1363365786265,80,48,31,-49
18,71,1363365786379,71,1363365786475,96,194,210,114
18,32,1363365786441,32,1363365786566,125,62,91,-34
18,84,1363365786601,84,1363365786729,128,160,163,35
18,79,1363365786665,79,1363365786769,104,64,40,-64
18,32,1363365786705,32,1363365786836,131,40,67,-64
18,82,1363365786865,82,1363365786937,72,160,101,29
18,85,1363365787001,85,1363365787129,128,136,192,64
18,78,1363365787105,78,1363365787291,186,104,162,-24
18,8,1363365787673,8,1363365787721,48,568,430,382
18,8,1363365787797,8,1363365787857,60,124,136,76
18,73,1363365788041,73,1363365788145,104,244,288,184
18,78,1363365788097,78,1363365788233,136,56,88,-48
18,32,1363365788233,32,1363365788353,120,136,120,0
18,8,1363365788577,8,1363365788609,32,344,256,224
18,8,1363365788681,8,1363365788745,64,104,136,72
18,8,1363365788801,8,1363365788889,88,120,144,56
18,85,1363365789329,85,1363365789409,80,528,520,440
18,73,1363365789361,73,1363365789457,96,32,48,-48
18,78,1363365789521,78,1363365789609,88,160,152,64
18,32,1363365789585,32,1363365789705,120,64,96,-24
18,84,1363365789753,84,1363365789865,112,168,160,48
18,72,1363365789809,72,1363365789937,128,56,72,-56
18,69,1363365789865,69,1363365789937,72,56,0,-72
18,32,1363365789889,32,1363365790014,125,24,77,-48
18,83,1363365790105,83,1363365790233,128,216,219,91
18,77,1363365790185,77,1363365790289,104,80,56,-48
18,85,1363365790417,85,1363365790506,89,232,217,128
18,82,1363365790577,82,1363365790647,70,160,141,71
18,70,1363365790761,70,1363365790842,81,184,195,114
18,83,1363365791049,83,1363365791121,72,288,279,207
18,32,1363365791193,32,1363365791289,96,144,168,72
18,72,1363365791417,72,1363365791497,80,224,208,128
18,65,1363365791497,65,1363365791594,97,80,97,0
18,80,1363365791587,80,1363365791649,62,90,55,-7
18,80,1363365791732,80,1363365791849,117,145,200,83
18,89,1363365791825,89,1363365791945,120,93,96,-24
18,32,1363365791921,32,1363365792065,144,96,120,-24
18,76,1363365792006,76,1363365792105,99,85,40,-59
18,73,1363365792065,73,1363365792145,80,59,40,-40
18,70,1363365792249,70,1363365792345,96,184,200,104
18,69,1363365792345,69,1363365792425,80,96,80,0
18,190,1363365792425,190,1363365792489,64,80,64,0
18,32,1363365792561,32,1363365792617,56,136,128,72
18,32,1363365792689,32,1363365792777,88,128,160,72
18,78,1363365794489,78,1363365794593,104,1800,1816,1712
18,32,1363365794545,32,1363365794661,116,56,68,-48
18,79,1363365796577,79,1363365796665,88,2032,2004,1916
18,82,1363365796665,82,1363365796713,48,88,48,0
18,68,1363365796833,68,1363365796873,40,168,160,120
18,69,1363365796993,69,1363365797049,56,160,176,120
18,82,1363365797137,82,1363365797203,66,144,154,88
18,32,1363365797233,32,1363365797337,104,96,134,30
18,84,1363365797385,84,1363365797481,96,152,144,48
18,79,1363365797409,79,1363365797529,120,24,48,-72
18,32,1363365797473,32,1363365797593,120,64,64,-56
18,65,1363365798025,65,1363365798129,104,552,536,432
18,86,1363365798103,86,1363365798161,58,78,32,-26
18,79,1363365798241,79,1363365798361,120,138,200,80
18,73,1363365798305,73,1363365798385,80,64,24,-56
18,68,1363365798417,68,1363365798481,64,112,96,32
18,32,1363365798481,32,1363365798569,88,64,88,0
18,66,1363365798657,66,1363365798742,85,176,173,88
18,69,1363365798753,69,1363365798841,88,96,99,11
18,73,1363365798865,73,1363365798969,104,112,128,24
18,78,1363365798922,78,1363365799013,91,57,44,-47
18,71,1363365799137,71,1363365799233,96,215,220,124
18,32,1363365799193,32,1363365799297,104,56,64,-40
18,82,1363365801666,82,1363365801738,72,2473,2441,2369
18,85,1363365801922,85,1363365802010,88,256,272,184
18,73,1363365802129,73,1363365802209,80,207,199,119
18,78,1363365802306,78,1363365802393,87,177,184,97
18,69,1363365802434,69,1363365802506,72,128,113,41
18,68,1363365802621,68,1363365802690,69,187,184,115
18,32,1363365802690,32,1363365802791,101,69,101,0
18,66,1363365802858,66,1363365802985,127,168,194,67
18,89,1363365802913,89,1363365803041,128,55,56,-72
18,32,1363365803017,32,1363365803146,129,104,105,-24
18,84,1363365803239,84,1363365803322,83,222,176,93
18,32,1363365803394,32,1363365803513,119,155,191,72
18,69,1363365804137,69,1363365804231,94,743,718,624
18,86,1363365804337,86,1363365804409,72,200,178,106
18,73,1363365804546,73,1363365804665,119,209,256,137
18,76,1363365804602,76,1363365804745,143,56,80,-63
18,32,1363365804706,32,1363365804817,111,104,72,-39
18,87,1363365805089,87,1363365805201,112,383,384,272
18,73,1363365805377,73,1363365805465,88,288,264,176
18,90,1363365805617,90,1363365805681,64,240,216,152
18,65,1363365805793,65,1363365805890,97,176,209,112
18,82,1363365805890,82,1363365805961,71,97,71,0
18,68,1363365805993,68,1363365806073,80,103,112,32
18,188,1363365806193,188,1363365806297,104,200,224,120
18,32,1363365806241,32,1363365806361,120,48,64,-56
18,84,1363365806529,84,1363365806625,96,288,264,168
18,72,1363365806572,72,1363365806673,101,43,48,-53
18,69,1363365806642,69,1363365806729,87,70,56,-31
18,32,1363365806730,32,1363365806841,111,88,112,1
18,87,1363365807009,87,1363365807105,96,279,264,168
18,79,1363365807145,79,1363365807225,80,136,120,40
18,82,1363365807729,82,1363365807809,80,584,584,504
18,8,1363365808287,8,1363365808353,66,558,544,478
18,8,1363365808409,8,1363365808474,65,122,121,56
18,8,1363365808555,8,1363365808633,78,146,159,81
18,83,1363365808985,83,1363365809073,88,430,440,352
18,77,1363365809065,77,1363365809129,64,80,56,-8
18,85,1363365809265,85,1363365809337,72,200,208,136
18,82,1363365809433,82,1363365809513,80,168,176,96
18,68,1363365809841,68,1363365809937,96,408,424,328
18,8,1363365810193,8,1363365810289,96,352,352,256
18,70,1363365810273,70,1363365810337,64,80,48,-16
18,83,1363365810465,83,1363365810561,96,192,224,128
18,32,1363365810513,32,1363365810649,136,48,88,-48
18,69,1363365811193,69,1363365811257,64,680,608,544
18,78,1363365811257,78,1363365811337,80,64,80,0
18,68,1363365811409,68,1363365811489,80,152,152,72
18,32,1363365811489,32,1363365811601,112,80,112,0
18,85,1363365811701,85,1363365811825,124,212,224,100
18,80,1363365811761,80,1363365811894,133,60,69,-64
18,32,1363365811825,32,1363365811930,105,64,36,-69
18,70,1363365813319,70,1363365813385,66,1494,1455,1389
18,73,1363365813369,73,1363365813441,72,50,56,-16
18,71,1363365813569,71,1363365813665,96,200,224,128
18,72,1363365813617,72,1363365813713,96,48,48,-48
18,84,1363365813785,84,1363365813873,88,168,160,72
18,73,1363365813993,73,1363365814097,104,208,224,120
18,78,1363365814065,78,1363365814129,64,72,32,-32
18,71,1363365814233,71,1363365814313,80,168,184,104
18,32,1363365814281,32,1363365814369,88,48,56,-32
18,66,1363365814417,66,1363365814498,81,136,129,48
18,65,1363365814498,65,1363365814561,63,81,63,0
18,67,1363365814689,67,1363365814785,96,191,224,128
18,75,1363365814745,75,1363365814833,88,56,48,-40
18,32,1363365814785,32,1363365814881,96,40,48,-48
18,87,1363365814951,87,1363365815033,82,166,152,70
18,73,1363365815017,73,1363365815089,72,66,56,-16
18,84,1363365815233,84,1363365815361,128,216,272,144
18,72,1363365815281,72,1363365815393,112,48,32,-80
18,32,1363365815337,32,1363365815473,136,56,80,-56
18,84,1363365815561,84,1363365815657,96,224,184,88
18,72,1363365815603,72,1363365815705,102,42,48,-54
18,69,1363365815705,69,1363365815788,83,102,83,0
18,73,1363365815985,73,1363365816049,64,280,261,197
18,82,1363365816105,82,1363365816185,80,120,136,56
18,32,1363365816249,32,1363365816329,80,144,144,64
18,16,1363365818034,16,1363365818194,160,1785,1865,1705
18,73,1363365818119,73,1363365818226,107,85,32,-75
18,32,1363365818194,32,1363365818314,120,75,88,-32
18,68,1363365818402,68,1363365818498,96,208,184,88
18,79,1363365818498,79,1363365818586,88,96,88,0
18,78,1363365818554,78,1363365818690,136,56,104,-32
18,222,1363365818662,222,1363365818778,116,108,88,-28
18,84,1363365818858,84,1363365818937,79,196,159,80
18,32,1363365818898,32,1363365819001,103,40,64,-39
18,75,1363365819050,75,1363365819162,112,152,161,49
18,78,1363365819122,78,1363365819210,88,72,48,-40
18,79,1363365819234,79,1363365819330,96,112,120,24
18,87,1363365819330,87,1363365819394,64,96,64,0
18,32,1363365819410,32,1363365819505,95,80,111,16
18,87,1363365819802,87,1363365819882,80,392,377,297
18,72,1363365819882,72,1363365819961,79,80,79,0
18,65,1363365820019,65,1363365820121,102,137,160,58
18,84,1363365820081,84,1363365820177,96,62,56,-40
18,190,1363365820241,190,1363365820329,88,160,152,64
18,32,1363365820425,32,1363365820482,57,184,153,96
18,32,1363365820546,32,1363365820641,95,121,159,64
18,16,1363365820754,16,1363365821009,255,208,368,113
18,66,1363365820938,66,1363365821010,72,184,1,-71
18,85,1363365821097,85,1363365821178,81,159,168,87
18,84,1363365821266,84,1363365821361,95,169,183,88
18,32,1363365821321,32,1363365821433,112,55,72,-40
18,84,1363365822169,84,1363365822257,88,848,824,736
18,72,1363365822209,72,1363365822289,80,40,32,-48
18,69,1363365822313,69,1363365822385,72,104,96,24
18,89,1363365822386,89,1363365822473,87,73,88,1
18,32,1363365822425,32,1363365822545,120,39,72,-48
18,65,1363365822569,65,1363365822649,80,144,104,24
18,76,1363365822649,76,1363365822721,72,80,72,0
18,87,1363365822769,87,1363365822833,64,120,112,48
18,65,1363365822953,65,1363365823009,56,184,176,120
18,89,1363365823009,89,1363365823081,72,56,72,0
18,83,1363365823113,83,1363365823177,64,104,96,32
18,32,1363365823169,32,1363365823281,112,56,104,-8
18,87,1363365823321,87,1363365823425,104,152,144,40
18,73,1363365823457,73,1363365823545,88,136,120,32
18,78,1363365823497,78,1363365823569,72,40,24,-48
18,188,1363365824153,188,1363365824265,112,656,696,584
18,32,1363365824218,32,1363365824345,127,65,80,-47
18,84,1363365824441,84,1363365824521,80,223,176,96
18,72,1363365824481,72,1363365824553,72,40,32,-40
18,69,1363365824553,69,1363365824625,72,72,72,0
18,78,1363365824697,78,1363365824761,64,144,136,72
18,32,1363365824713,32,1363365824761,48,16,0,-48
18,8,1363365825049,8,1363365825113,64,336,352,288
18,8,1363365825178,8,1363365825281,103,129,168,65
18,32,1363365825257,32,1363365825361,104,79,80,-24
18,69,1363365825465,69,1363365825537,72,208,176,104
18,78,1363365825529,78,1363365825609,80,64,72,-8
18,68,1363365825642,68,1363365825706,64,113,97,33
18,190,1363365825729,190,1363365825817,88,87,111,23
18,13,1363365826041,13,1363365826121,80,312,304,224
18,84,1363726648412,84,1363726648484,72,232,0,-72
18,79,1363726648764,79,1363726648835,71,352,351,280
18,68,1363726648931,68,1363726649004,73,167,169,96
18,65,1363726649148,65,1363726649220,72,217,216,144
18,89,1363726649220,89,1363726649299,79,72,79,0
18,32,1363726649260,32,1363726649356,96,40,57,-39
18,16,1363726649387,16,1363726649564,177,127,208,31
18,73,1363726649467,73,1363726649564,97,80,0,-97
18,32,1363726649524,32,1363726649627,103,57,63,-40
18,76,1363726649692,76,1363726649779,87,168,152,65
18,69,1363726649755,69,1363726649812,57,63,33,-24
18,65,1363726649931,65,1363726650027,96,176,215,119
18,82,1363726649995,82,1363726650067,72,64,40,-32
18,78,1363726650195,78,1363726650267,72,200,200,128
18,69,1363726650243,69,1363726650315,72,48,48,-24
18,68,1363726650403,68,1363726650468,65,160,153,88
18,32,1363726650468,32,1363726650547,79,65,79,0
18,65,1363726650588,65,1363726650691,103,120,144,41
18,66,1363726650651,66,1363726650715,64,63,24,-40
18,79,1363726650779,79,1363726650891,112,128,176,64
18,85,1363726650851,85,1363726650923,72,72,32,-40
18,84,1363726651036,84,1363726651115,79,185,192,113
18,32,1363726651084,32,1363726651187,103,48,72,-31
18,80,1363726651491,80,1363726651611,120,407,424,304
18,76,1363726651547,76,1363726651659,112,56,48,-64
18,65,1363726651723,65,1363726651819,96,176,160,64
18,67,1363726652155,67,1363726652212,57,432,393,336
18,73,1363726652364,73,1363726652451,87,209,239,152
18,78,1363726652403,78,1363726652475,72,39,24,-48
18,71,1363726652595,71,1363726652675,80,192,200,120
18,32,1363726652628,32,1363726652731,103,33,56,-47
18,72,1363726652779,72,1363726652875,96,151,144,48
18,79,1363726652844,79,1363726652939,95,65,64,-31
18,83,1363726652907,83,1363726652963,56,63,24,-32
18,84,1363726653003,84,1363726653075,72,96,112,40
18,83,1363726653083,83,1363726653155,72,80,80,8
18,190,1363726653179,190,1363726653259,80,96,104,24
18,32,1363726653339,32,1363726653395,56,160,136,80
18,32,1363726653476,32,1363726653563,87,137,168,81
18,78,1363726654171,78,1363726654251,80,695,688,608
18,32,1363726654211,32,1363726654307,96,40,56,-40
18,65,1363726654531,65,1363726654619,88,320,312,224
18,66,1363726654658,66,1363726654747,89,127,128,39
18,8,1363726655515,8,1363726655571,56,857,824,768
18,8,1363726655643,8,1363726655699,56,128,128,72
18,79,1363726655843,79,1363726655907,64,200,208,144
18,82,1363726655947,82,1363726656019,72,104,112,40
18,68,1363726656195,68,1363726656259,64,248,240,176
18,69,1363726656355,69,1363726656451,96,160,192,96
18,82,1363726656523,82,1363726656603,80,168,152,72
18,32,1363726656555,32,1363726656715,160,32,112,-48
18,84,1363726656715,84,1363726656811,96,160,96,0
18,79,1363726656763,79,1363726656891,128,48,80,-48
18,32,1363726656859,32,1363726656947,88,96,56,-32
18,80,1363726656987,80,1363726657115,128,128,168,40
18,76,1363726657059,76,1363726657163,104,72,48,-56
18,65,1363726657131,65,1363726657203,72,72,40,-32
18,67,1363726657323,67,1363726657427,104,192,224,120
18,69,1363726657387,69,1363726657507,120,64,80,-40
18,32,1363726657459,32,1363726657555,96,72,48,-48
18,72,1363726657603,72,1363726657699,96,144,144,48
18,79,1363726657659,79,1363726657748,89,56,49,-40
18,83,1363726657748,83,1363726657811,63,89,63,0
18,84,1363726657851,84,1363726657923,72,103,112,40
18,83,1363726657923,83,1363726657987,64,72,64,0
18,188,1363726658099,188,1363726658211,112,176,224,112
18,32,1363726658179,32,1363726658283,104,80,72,-32
18,84,1363726658411,84,1363726658507,96,232,224,128
18,72,1363726658459,72,1363726658539,80,48,32,-48
18,69,1363726658515,69,1363726658595,80,56,56,-24
18,32,1363726658635,32,1363726658731,96,120,136,40
18,84,1363726659379,84,1363726659435,56,744,704,648
18,73,1363726659579,73,1363726659675,96,200,240,144
18,77,1363726659635,77,1363726659723,88,56,48,-40
18,69,1363726659691,69,1363726659755,64,56,32,-32
18,32,1363726659780,32,1363726659876,96,89,121,25
18,78,1363726659932,78,1363726660004,72,152,128,56
18,69,1363726659972,69,1363726660044,72,40,40,-32
18,69,1363726660116,69,1363726660196,80,144,152,72
18,68,1363726660292,68,1363726660373,81,176,177,96
18,69,1363726660484,69,1363726660556,72,192,183,111
18,68,1363726660658,68,1363726660740,82,174,184,102
18,32,1363726660764,32,1363726660852,88,106,112,24
18,84,1363726661060,84,1363726661132,72,296,280,208
18,79,1363726661076,79,1363726661204,128,16,72,-56
18,32,1363726661132,32,1363726661260,128,56,56,-72
18,73,1363726661324,73,1363726661420,96,192,160,64
18,68,1363726661420,68,1363726661476,56,96,56,0
18,69,1363726661588,69,1363726661660,72,168,184,112
18,78,1363726661628,78,1363726661708,80,40,48,-32
18,84,1363726661844,84,1363726661932,88,216,224,136
18,73,1363726661892,73,1363726661988,96,48,56,-40
18,70,1363726661996,70,1363726662068,72,104,80,8
18,89,1363726662068,89,1363726662156,88,72,88,0
18,32,1363726662116,32,1363726662221,105,48,65,-40
18,84,1363726662332,84,1363726662428,96,216,207,111
18,72,1363726662372,72,1363726662500,128,40,72,-56
18,69,1363726662428,69,1363726662500,72,56,0,-72
18,32,1363726662468,32,1363726662572,104,40,72,-32
18,76,1363726662684,76,1363726662740,56,216,168,112
18,79,1363726662836,79,1363726662908,72,152,168,96
18,67,1363726662932,67,1363726662988,56,96,80,24
18,65,1363726663124,65,1363726663212,88,192,224,136
18,84,1363726663212,84,1363726663268,56,88,56,0
18,73,1363726663404,73,1363726663532,128,192,264,136
18,79,1363726663460,79,1363726663548,88,56,16,-72
18,78,1363726663532,78,1363726663612,80,72,64,-16
18,83,1363726663724,83,1363726663812,88,192,200,112
18,32,1363726663812,32,1363726663892,80,88,80,0
18,79,1363726663948,79,1363726664036,88,136,144,56
18,70,1363726664036,70,1363726664116,80,88,80,0
18,32,1363726664116,32,1363726664212,96,80,96,0
18,84,1363726664308,84,1363726664396,88,192,184,96
18,72,1363726664340,72,1363726664468,128,32,72,-56
18,69,1363726664396,69,1363726664468,72,56,0,-72
18,32,1363726664444,32,1363726664564,120,48,96,-24
18,79,1363726664956,79,1363726665068,112,512,504,392
18,80,1363726665012,80,1363726665108,96,56,40,-56
18,84,1363726665236,84,1363726665308,72,224,200,128
18,73,1363726665428,73,1363726665524,96,192,216,120
18,77,1363726665492,77,1363726665572,80,64,48,-32
18,65,1363726665660,65,1363726665732,72,168,160,88
18,76,1363726665708,76,1363726665812,104,48,80,-24
18,32,1363726665772,32,1363726665892,120,64,80,-40
18,76,1363726665916,76,1363726665996,80,144,104,24
18,79,1363726666092,79,1363726666164,72,176,168,96
18,8,1363726666412,8,1363726666467,55,320,303,248
18,8,1363726666524,8,1363726666612,88,112,145,57
18,84,1363726668628,84,1363726668675,47,2104,2063,2016
18,82,1363726668747,82,1363726668812,65,119,137,72
18,65,1363726668868,65,1363726668947,79,121,135,56
18,70,1363726668939,70,1363726668995,56,71,48,-8
18,70,1363726669051,70,1363726669155,104,112,160,56
18,73,1363726669171,73,1363726669259,88,120,104,16
18,67,1363726669260,67,1363726669331,71,89,72,1
18,32,1363726669332,32,1363726669444,112,72,113,1
18,80,1363726670003,80,1363726670067,64,671,623,559
18,65,1363726670107,65,1363726670179,72,104,112,40
18,84,1363726670195,84,1363726670259,64,88,80,16
18,84,1363726670307,84,1363726670387,80,112,128,48
18,69,1363726670387,69,1363726670443,56,80,56,0
18,82,1363726670531,82,1363726670619,88,144,176,88
18,78,1363726670595,78,1363726670691,96,64,72,-24
18,32,1363726670635,32,1363726670731,96,40,40,-56
18,73,1363726671283,73,1363726671347,64,648,616,552
18,83,1363726671363,83,1363726671427,64,80,80,16
18,32,1363726671443,32,1363726671539,96,80,112,16
18,77,1363726671603,77,1363726671675,72,160,136,64
18,73,1363726671755,73,1363726671851,96,152,176,80
18,78,1363726671828,78,1363726671972,144,73,121,-23
18,73,1363726671972,73,1363726672043,71,144,71,0
18,77,1363726672147,77,1363726672243,96,175,200,104
18,73,1363726672203,73,1363726672275,72,56,32,-40
18,90,1363726672291,90,1363726672379,88,88,104,16
18,69,1363726672491,69,1363726672555,64,200,176,112
18,68,1363726672643,68,1363726672731,88,152,176,88
18,32,1363726672707,32,1363726672811,104,64,80,-24
18,66,1363726672875,66,1363726673003,128,168,192,64
18,89,1363726672915,89,1363726673035,120,40,32,-88
18,32,1363726673004,32,1363726673115,111,89,80,-31
18,65,1363726674107,65,1363726674179,72,1103,1064,992
18,68,1363726674299,68,1363726674363,64,192,184,120
18,68,1363726674435,68,1363726674555,120,136,192,72
18,73,1363726674515,73,1363726674603,88,80,48,-40
18,78,1363726674555,78,1363726674627,72,40,24,-48
18,71,1363726674763,71,1363726674859,96,208,232,136
18,32,1363726674811,32,1363726674955,144,48,96,-48
18,84,1363726675155,84,1363726675267,112,344,312,200
18,72,1363726675204,72,1363726675299,95,49,32,-63
18,69,1363726675267,69,1363726675347,80,63,48,-32
18,32,1363726675347,32,1363726675467,120,80,120,0
18,83,1363726680188,83,1363726680284,96,4841,4817,4721
18,69,1363726680372,69,1363726680436,64,184,152,88
18,82,1363726680532,82,1363726680596,64,160,160,96
18,73,1363726680652,73,1363726680716,64,120,120,56
18,65,1363726680788,65,1363726680868,80,136,152,72
18,76,1363726680844,76,1363726680948,104,56,80,-24
18,32,1363726680900,32,1363726681004,104,56,56,-48
18,73,1363726681060,73,1363726681156,96,160,152,56
18,78,1363726681124,78,1363726681204,80,64,48,-32
18,84,1363726681340,84,1363726681420,80,216,216,136
18,69,1363726681420,69,1363726681484,64,80,64,0
18,82,1363726681508,82,1363726681588,80,88,104,24
18,70,1363726681684,70,1363726681764,80,176,176,96
18,67,1363726681924,67,1363726682020,96,240,256,160
18,69,1363726681996,69,1363726682108,112,72,88,-24
18,32,1363726682100,32,1363726682188,88,104,80,-8
18,8,1363726682548,8,1363726682612,64,448,424,360
18,8,1363726682684,8,1363726682756,72,136,144,72
18,8,1363726682812,8,1363726682884,72,128,128,56
18,65,1363726682981,65,1363726683044,63,169,160,97
18,67,1363726683180,67,1363726683260,80,199,216,136
18,69,1363726683236,69,1363726683365,129,56,105,-24
18,32,1363726683366,32,1363726683492,126,130,127,1
18,84,1363726683556,84,1363726683676,120,190,184,64
18,79,1363726683620,79,1363726683715,95,64,39,-56
18,32,1363726683676,32,1363726683780,104,56,65,-39
18,84,1363726683844,84,1363726683956,112,168,176,64
18,72,1363726683900,72,1363726684004,104,56,48,-56
18,69,1363726683956,69,1363726684020,64,56,16,-48
18,32,1363726684004,32,1363726684116,112,48,96,-16
18,89,1363726685475,89,1363726685571,96,1471,1455,1359
18,32,1363726685539,32,1363726685651,112,64,80,-32
18,65,1363726685667,65,1363726685731,64,128,80,16
18,88,1363726685979,88,1363726686075,96,312,344,248
18,73,1363726686067,73,1363726686139,72,88,64,-8
18,83,1363726686260,83,1363726686348,88,193,209,121
18,32,1363726686348,32,1363726686419,71,88,71,0
18,79,1363726686475,79,1363726686571,96,127,152,56
18,70,1363726686539,70,1363726686595,56,64,24,-32
18,32,1363726686619,32,1363726686723,104,80,128,24
18,84,1363726686771,84,1363726686875,104,152,152,48
18,72,1363726686803,72,1363726686955,152,32,80,-72
18,69,1363726686876,69,1363726686955,79,73,0,-79
18,32,1363726686915,32,1363726687036,121,39,81,-40
18,71,1363726688315,71,1363726688379,64,1400,1343,1279
18,69,1363726688411,69,1363726688507,96,96,128,32
18,73,1363726688707,73,1363726688827,120,296,320,200
18,71,1363726688987,71,1363726689067,80,280,240,160
18,69,1363726689387,69,1363726689459,72,400,392,320
18,78,1363726689483,78,1363726689579,96,96,120,24
18,72,1363726689739,72,1363726689803,64,256,224,160
18,69,1363726689883,69,1363726689947,64,144,144,80
18,73,1363726690091,73,1363726690179,88,208,232,144
18,77,1363726690203,77,1363726690339,136,112,160,24
18,32,1363726690283,32,1363726690387,104,80,48,-56
18,83,1363726690675,83,1363726690731,56,392,344,288
18,67,1363726690867,67,1363726690923,56,192,192,136
18,72,1363726690923,72,1363726690979,56,56,56,0
18,77,1363726691107,77,1363726691203,96,184,224,128
18,73,1363726691227,73,1363726691339,112,120,136,24
18,68,1363726691555,68,1363726691627,72,328,288,216
18,84,1363726691827,84,1363726691947,120,272,320,200
18,32,1363726691899,32,1363726692003,104,72,56,-48
18,80,1363726692107,80,1363726692187,80,208,184,104
18,82,1363726692195,82,1363726692251,56,88,64,8
18,79,1363726692283,79,1363726692387,104,88,136,32
18,67,1363726692387,67,1363726692467,80,104,80,0
18,69,1363726692444,69,1363726692547,103,57,80,-23
18,83,1363726692659,83,1363726692715,56,215,168,112
18,83,1363726692803,83,1363726692875,72,144,160,88
18,190,1363726692843,190,1363726692915,72,40,40,-32
18,32,1363726693019,32,1363726693083,64,176,168,104
18,32,1363726693147,32,1363726693251,104,128,168,64
18,78,1363726693907,78,1363726694027,120,760,776,656
18,32,1363726693987,32,1363726694115,128,80,88,-40
18,84,1363726694283,84,1363726694387,104,296,272,168
18,32,1363726694459,32,1363726694563,104,176,176,72
18,79,1363726694715,79,1363726694820,105,256,257,152
18,85,1363726694788,85,1363726694860,72,73,40,-32
18,84,1363726694988,84,1363726695060,72,200,200,128
18,83,1363726695148,83,1363726695236,88,160,176,88
18,73,1363726695252,73,1363726695316,64,104,80,16
18,68,1363726695356,68,1363726695404,48,104,88,40
18,69,1363726695524,69,1363726695612,88,168,208,120
18,188,1363726696252,188,1363726696356,104,728,744,640
18,32,1363726696308,32,1363726696452,144,56,96,-48
18,73,1363726696668,73,1363726696764,96,360,312,216
18,84,1363726696820,84,1363726696908,88,152,144,56
18,222,1363726696868,222,1363726696980,112,48,72,-40
18,32,1363726697316,32,1363726697380,64,448,400,336
18,8,1363726697796,8,1363726697852,56,480,472,416
18,8,1363726697940,8,1363726698004,64,144,152,88
18,32,1363726698172,32,1363726698268,96,232,264,168
18,87,1363726698412,87,1363726698492,80,240,224,144
18,73,1363726698492,73,1363726698532,40,80,40,0
18,76,1363726698628,76,1363726698676,48,136,144,96
18,76,1363726698748,76,1363726698844,96,120,168,72
18,32,1363726698828,32,1363726698932,104,80,88,-16
18,84,1363726698988,84,1363726699068,80,160,136,56
18,65,1363726699068,65,1363726699132,64,80,64,0
18,75,1363726699156,75,1363726699228,72,88,96,24
18,69,1363726699268,69,1363726699332,64,112,104,40
18,32,1363726699308,32,1363726699428,120,40,96,-24
18,65,1363726699772,65,1363726699876,104,464,448,344
18,66,1363726699844,66,1363726699900,56,72,24,-32
18,79,1363726699996,79,1363726700068,72,152,168,96
18,85,1363726700036,85,1363726700100,64,40,32,-32
18,84,1363726700228,84,1363726700316,88,192,216,128
18,32,1363726700268,32,1363726700388,120,40,72,-48
18,54,1363726700452,54,1363726700548,96,184,160,64
18,48,1363726700500,48,1363726700612,112,48,64,-48
18,32,1363726700548,32,1363726700684,136,48,72,-64
18,83,1363726700700,83,1363726700788,88,152,104,16
18,69,1363726700892,69,1363726700948,56,192,160,104
18,67,1363726701060,67,1363726701140,80,168,192,112
18,79,1363726701156,79,1363726701244,88,96,104,16
18,78,1363726701212,78,1363726701284,72,56,40,-32
18,68,1363726701284,68,1363726701364,80,72,80,0
18,32,1363726701412,32,1363726701475,63,128,111,48
18,8,1363726701748,8,1363726701819,71,336,344,273
18,83,1363726701860,83,1363726701947,87,112,128,41
18,32,1363726701971,32,1363726702075,104,111,128,24
18,84,1363726702163,84,1363726702291,128,192,216,88
18,79,1363726702211,79,1363726702323,112,48,32,-80
18,32,1363726702267,32,1363726702387,120,56,64,-56
18,65,1363726703291,65,1363726703371,80,1024,984,904
18,68,1363726703491,68,1363726703563,72,200,192,120
18,74,1363726703523,74,1363726703603,80,32,40,-40
18,85,1363726703675,85,1363726703747,72,152,144,72
18,83,1363726703779,83,1363726703884,105,104,137,32
18,84,1363726703884,84,1363726703971,87,105,87,0
18,32,1363726703924,32,1363726704059,135,40,88,-47
18,84,1363726704075,84,1363726704180,105,151,121,16
18,72,1363726704131,72,1363726704244,113,56,64,-49
18,69,1363726704180,69,1363726704244,64,49,0,-64
18,32,1363726704244,32,1363726704332,88,64,88,0
18,80,1363726704379,80,1363726704475,96,135,143,47
18,79,1363726704435,79,1363726704507,72,56,32,-40
18,83,1363726704491,83,1363726704579,88,56,72,-16
18,73,1363726704603,73,1363726704675,72,112,96,24
18,84,1363726704772,84,1363726704851,79,169,176,97
18,73,1363726704939,73,1363726705083,144,167,232,88
18,79,1363726705003,79,1363726705131,128,64,48,-80
18,78,1363726705052,78,1363726705155,103,49,24,-79
18,32,1363726705132,32,1363726705235,103,80,80,-23
18,84,1363726705299,84,1363726705411,112,167,176,64
18,79,1363726705347,79,1363726705459,112,48,48,-64
18,32,1363726705412,32,1363726705507,95,65,48,-47
18,77,1363726705619,77,1363726705691,72,207,184,112
18,65,1363726705691,65,1363726705739,48,72,48,0
18,75,1363726705796,75,1363726705875,79,105,136,57
18,69,1363726705876,69,1363726705947,71,80,72,1
18,32,1363726705963,32,1363726706067,104,87,120,16
18,73,1363726706555,73,1363726706659,104,592,592,488
18,8,1363726707035,8,1363726707083,48,480,424,376
18,69,1363726707635,69,1363726707683,48,600,600,552
18,86,1363726707723,86,1363726707787,64,88,104,40
18,69,1363726707811,69,1363726707883,72,88,96,24
18,82,1363726707923,82,1363726708019,96,112,136,40
18,89,1363726707979,89,1363726708051,72,56,32,-40
18,84,1363726708131,84,1363726708219,88,152,168,80
18,72,1363726708179,72,1363726708259,80,48,40,-40
18,73,1363726708387,73,1363726708491,104,208,232,128
18,78,1363726708451,78,1363726708515,64,64,24,-40
18,71,1363726708619,71,1363726708699,80,168,184,104
18,32,1363726708659,32,1363726708795,136,40,96,-40
18,71,1363726708795,71,1363726708875,80,136,80,0
18,79,1363726708923,79,1363726708987,64,128,112,48
18,79,1363726709051,79,1363726709131,80,128,144,64
18,68,1363726709179,68,1363726709251,72,128,120,48
18,190,1363726709395,190,1363726709459,64,216,208,144
18,32,1363726709619,32,1363726709691,72,224,232,160
18,32,1363726709771,32,1363726709859,88,152,168,80
18,16,1363726709875,16,1363726710003,128,104,144,16
18,73,1363726709955,73,1363726710043,88,80,40,-48
18,70,1363726710139,70,1363726710211,72,184,168,96
18,32,1363726710211,32,1363726710299,88,72,88,0
18,78,1363726710355,78,1363726710459,104,144,160,56
18,79,1363726710419,79,1363726710531,112,64,72,-40
18,84,1363726710611,84,1363726710707,96,192,176,80
18,188,1363726710867,188,1363726710979,112,256,272,160
18,32,1363726710939,32,1363726711051,112,72,72,-40
18,73,1363726711123,73,1363726711267,144,184,216,72
18,84,1363726711227,84,1363726711347,120,104,80,-40
18,222,1363726711307,222,1363726711419,112,80,72,-40
18,76,1363726711571,76,1363726711627,56,264,208,152
18,76,1363726711715,76,1363726711811,96,144,184,88
18,32,1363726711771,32,1363726711883,112,56,72,-40
18,84,1363726712011,84,1363726712099,88,240,216,128
18,65,1363726712115,65,1363726712179,64,104,80,16
18,75,1363726712203,75,1363726712276,73,88,97,24
18,69,1363726712332,69,1363726712388,56,129,112,56
18,32,1363726712388,32,1363726712468,80,56,80,0
18,76,1363726713292,76,1363726713356,64,904,888,824
18,69,1363726713340,69,1363726713404,64,48,48,-16
18,83,1363726713524,83,1363726713572,48,184,168,120
18,83,1363726713652,83,1363726713740,88,128,168,80
18,190,1363726713724,190,1363726713804,80,72,64,-16
18,73,1363899759655,73,1363899759751,96,224,0,-96
18,32,1363899759751,32,1363899759846,95,96,95,0
18,72,1363899759870,72,1363899759950,80,119,104,24
18,65,1363899759959,65,1363899760006,47,89,56,9
18,86,1363899760038,86,1363899760127,89,79,121,32
18,69,1363899760127,69,1363899760206,79,89,79,0
18,32,1363899760174,32,1363899760286,112,47,80,-32
18,84,1363899760270,84,1363899760383,113,96,97,-16
18,79,1363899760342,79,1363899760439,97,72,56,-41
18,32,1363899760383,32,1363899760478,95,41,39,-56
18,77,1363899760526,77,1363899760598,72,143,120,48
18,65,1363899760599,65,1363899760654,55,73,56,1
18,75,1363899760678,75,1363899760775,97,79,121,24
18,69,1363899760775,69,1363899760838,63,97,63,0
18,32,1363899760839,32,1363899760942,103,64,104,1
18,84,1363899760926,84,1363899761006,80,87,64,-16
18,72,1363899760958,72,1363899761046,88,32,40,-48
18,73,1363899761286,73,1363899761358,72,328,312,240
18,83,1363899761390,83,1363899761462,72,104,104,32
18,32,1363899761446,32,1363899761558,112,56,96,-16
18,85,1363899761582,85,1363899761695,113,136,137,24
18,80,1363899761614,80,1363899761742,128,32,47,-81
18,32,1363899761695,32,1363899761790,95,81,48,-47
18,77,1363899761870,77,1363899761950,80,175,160,80
18,89,1363899762079,89,1363899762166,87,209,216,129
18,32,1363899762134,32,1363899762246,112,55,80,-32
18,83,1363899762190,83,1363899762247,57,56,1,-56
18,69,1363899762350,69,1363899762406,56,160,159,103
18,76,1363899762406,76,1363899762502,96,56,96,0
18,70,1363899762502,70,1363899762558,56,96,56,0
18,188,1363899762638,188,1363899762702,64,136,144,80
18,32,1363899762670,32,1363899762767,97,32,65,-32
18,83,1363899762767,83,1363899762863,96,97,96,0
18,79,1363899762878,79,1363899762958,80,111,95,15
18,32,1363899762910,32,1363899763014,104,32,56,-48
18,16,1363899763030,16,1363899763182,152,120,168,16
18,73,1363899763110,73,1363899763182,72,80,0,-72
18,222,1363899763230,222,1363899763334,104,120,152,48
18,86,1363899763438,86,1363899763494,56,208,160,104
18,69,1363899763494,69,1363899763566,72,56,72,0
18,32,1363899763558,32,1363899763670,112,64,104,-8
18,66,1363899763718,66,1363899763806,88,160,136,48
18,69,1363899763806,69,1363899763854,48,88,48,0
18,69,1363899763934,69,1363899764022,88,128,168,80
18,78,1363899764022,78,1363899764111,89,88,89,0
18,32,1363899764062,32,1363899764183,121,40,72,-49
18,71,1363899765103,71,1363899765167,64,1041,984,920
18,69,1363899765191,69,1363899765288,97,88,121,24
18,84,1363899765288,84,1363899765335,47,97,47,0
18,84,1363899765399,84,1363899765479,80,111,144,64
18,73,1363899765599,73,1363899765703,104,200,224,120
18,78,1363899765647,78,1363899765743,96,48,40,-56
18,71,1363899765847,71,1363899765935,88,200,192,104
18,32,1363899765887,32,1363899766007,120,40,72,-48
18,83,1363899766335,83,1363899766431,96,448,424,328
18,84,1363899766423,84,1363899766535,112,88,104,-8
18,85,1363899766487,85,1363899766583,96,64,48,-48
18,67,1363899766655,67,1363899766735,80,168,152,72
18,75,1363899766735,75,1363899766839,104,80,104,0
18,32,1363899766791,32,1363899766887,96,56,48,-48
18,65,1363899766935,65,1363899767031,96,144,144,48
18,32,1363899767007,32,1363899767127,120,72,96,-24
18,76,1363899767103,76,1363899767199,96,96,72,-24
18,73,1363899767159,73,1363899767232,73,56,33,-40
18,84,1363899767343,84,1363899767399,56,184,167,111
18,84,1363899767455,84,1363899767527,72,112,128,56
18,76,1363899767575,76,1363899767679,104,120,152,48
18,69,1363899767639,69,1363899767743,104,64,64,-40
18,32,1363899767743,32,1363899767839,96,104,96,0
18,66,1363899767871,66,1363899767951,80,128,112,32
18,73,1363899767919,73,1363899768007,88,48,56,-32
18,84,1363899768079,84,1363899768159,80,160,152,72
18,32,1363899768111,32,1363899768223,112,32,64,-48
18,73,1363899768271,73,1363899768375,104,160,152,48
18,78,1363899768327,78,1363899768431,104,56,56,-48
18,32,1363899768391,32,1363899768503,112,64,72,-40
18,84,1363899768647,84,1363899768719,72,256,216,144
18,82,1363899768735,82,1363899768815,80,88,96,16
18,89,1363899768815,89,1363899768879,64,80,64,0
18,73,1363899768983,73,1363899769063,80,168,184,104
18,78,1363899769023,78,1363899769095,72,40,32,-40
18,71,1363899769199,71,1363899769279,80,176,184,104
18,32,1363899769239,32,1363899769351,112,40,72,-40
18,84,1363899769375,84,1363899769479,104,136,128,24
18,79,1363899769423,79,1363899769535,112,48,56,-56
18,32,1363899769479,32,1363899769575,96,56,40,-56
18,70,1363899769647,70,1363899769719,72,168,144,72
18,73,1363899769695,73,1363899769767,72,48,48,-24
18,71,1363899769879,71,1363899769975,96,184,208,112
18,85,1363899769927,85,1363899770023,96,48,48,-48
18,82,1363899769991,82,1363899770039,48,64,16,-32
18,69,1363899770135,69,1363899770231,96,144,192,96
18,32,1363899770199,32,1363899770303,104,64,72,-32
18,79,1363899770263,79,1363899770359,96,64,56,-40
18,85,1363899770327,85,1363899770399,72,64,40,-32
18,84,1363899770503,84,1363899770583,80,176,184,104
18,32,1363899770551,32,1363899770663,112,48,80,-32
18,87,1363899770639,87,1363899770703,64,88,40,-24
18,72,1363899770719,72,1363899770783,64,80,80,16
18,65,1363899770831,65,1363899770919,88,112,136,48
18,84,1363899770903,84,1363899770983,80,72,64,-16
18,32,1363899770943,32,1363899771015,72,40,32,-40
18,16,1363899771031,16,1363899771183,152,88,168,16
18,73,1363899771087,73,1363899771183,96,56,0,-96
18,32,1363899771127,32,1363899771231,104,40,48,-56
18,84,1363899771343,84,1363899771439,96,216,208,112
18,89,1363899771375,89,1363899771455,80,32,16,-64
18,80,1363899771479,80,1363899771567,88,104,112,24
18,69,1363899771599,69,1363899771671,72,120,104,32
18,190,1363899771719,190,1363899771791,72,120,120,48
18,32,1363899771903,32,1363899771959,56,184,168,112
18,32,1363899772023,32,1363899772111,88,120,152,64
18,16,1363899772167,16,1363899772351,184,144,240,56
18,73,1363899772287,73,1363899772359,72,120,8,-64
18,78,1363899772455,78,1363899772551,96,168,192,96
18,32,1363899772519,32,1363899772623,104,64,72,-32
18,84,1363899772767,84,1363899772863,96,248,240,144
18,72,1363899772815,72,1363899772895,80,48,32,-48
18,73,1363899773031,73,1363899773111,80,216,216,136
18,83,1363899773111,83,1363899773191,80,80,80,0
18,32,1363899773191,32,1363899773295,104,80,104,0
18,69,1363899773567,69,1363899773647,80,376,352,272
18,80,1363899774031,80,1363899774159,128,464,512,384
18,73,1363899774103,73,1363899774191,88,72,32,-56
18,83,1363899774319,83,1363899774407,88,216,216,128
18,79,1363899774503,79,1363899774607,104,184,200,96
18,68,1363899774607,68,1363899774663,56,104,56,0
18,69,1363899774767,69,1363899774855,88,160,192,104
18,188,1363899774895,188,1363899774999,104,128,144,40
18,32,1363899774943,32,1363899775039,96,48,40,-56
18,32,1363899775927,32,1363899776031,104,984,992,888
18,87,1363899776063,87,1363899776151,88,136,120,32
18,73,1363899776151,73,1363899776207,56,88,56,0
18,76,1363899776311,76,1363899776367,56,160,160,104
18,76,1363899776439,76,1363899776542,103,128,175,72
18,32,1363899776511,32,1363899776622,111,72,80,-31
18,68,1363899776974,68,1363899777030,56,463,408,352
18,73,1363899777062,73,1363899777134,72,88,104,32
18,83,1363899777158,83,1363899777198,40,96,64,24
18,67,1363899777311,67,1363899777367,56,153,169,113
18,85,1363899777399,85,1363899777471,72,88,104,32
18,83,1363899777511,83,1363899777574,63,112,103,40
18,83,1363899777663,83,1363899777759,96,152,185,89
18,32,1363899777759,32,1363899777870,111,96,111,0
18,84,1363899777871,84,1363899777982,111,112,112,1
18,32,1363899778015,32,1363899778118,103,144,136,33
18,82,1363899778126,82,1363899778166,40,111,48,8
18,69,1363899778270,69,1363899778334,64,144,168,104
18,76,1363899778335,76,1363899778398,63,65,64,1
18,65,1363899778446,65,1363899778550,104,111,152,48
18,84,1363899778518,84,1363899778583,65,72,33,-32
18,73,1363899778638,73,1363899778702,64,120,119,55
18,86,1363899778782,86,1363899778871,89,144,169,80
18,69,1363899778871,69,1363899778934,63,89,63,0
18,32,1363899778935,32,1363899779030,95,64,96,1
18,77,1363899779006,77,1363899779094,88,71,64,-24
18,69,1363899779110,69,1363899779182,72,104,88,16
18,82,1363899779278,82,1363899779358,80,168,176,96
18,73,1363899779390,73,1363899779462,72,112,104,32
18,84,1363899779590,84,1363899779671,81,200,209,128
18,83,1363899779671,83,1363899779742,71,81,71,0
18,32,1363899779759,32,1363899779862,103,88,120,17
18,79,1363899779886,79,1363899779990,104,127,128,24
18,70,1363899779950,70,1363899780022,72,64,32,-40
18,32,1363899780063,32,1363899780166,103,113,144,41
18,16,1363899780718,16,1363899781014,296,655,848,552
18,83,1363899780958,83,1363899781038,80,240,24,-56
18,76,1363899781094,76,1363899781174,80,136,136,56
18,69,1363899781206,69,1363899781270,64,112,96,32
18,69,1363899781334,69,1363899781432,98,128,162,64
18,80,1363899781454,80,1363899781567,113,120,135,22
18,32,1363899781502,32,1363899781607,105,48,40,-65
18,65,1363899781655,65,1363899781735,80,153,128,48
18,78,1363899781727,78,1363899781807,80,72,72,-8
18,68,1363899781839,68,1363899781911,72,112,104,32
18,32,1363899781911,32,1363899781991,80,72,80,0
18,85,1363899782047,85,1363899782127,80,136,136,56
18,83,1363899782167,83,1363899782239,72,120,112,40
18,76,1363899782263,76,1363899782343,80,96,104,24
18,69,1363899782367,69,1363899782423,56,104,80,24
18,69,1363899782495,69,1363899782615,120,128,192,72
18,80,1363899782615,80,1363899782711,96,120,96,0
18,32,1363899782655,32,1363899782759,104,40,48,-56
18,73,1363899782975,73,1363899783127,152,320,368,216
18,78,1363899783063,78,1363899783183,120,88,56,-64
18,32,1363899783127,32,1363899783239,112,64,56,-56
18,80,1363899785007,80,1363899785023,16,1880,1784,1768
18,8,1363899785399,8,1363899785495,96,392,472,376
18,72,1363899785656,72,1363899785727,71,257,232,161
18,65,1363899785727,65,1363899785815,88,71,88,0
18,86,1363899786007,86,1363899786073,66,280,258,192
18,73,1363899786175,73,1363899786255,80,168,182,102
18,78,1363899786223,78,1363899786287,64,48,32,-32
18,71,1363899786399,71,1363899786479,80,176,192,112
18,32,1363899786447,32,1363899786559,112,48,80,-32
18,80,1363899786575,80,1363899786647,72,128,88,16
18,82,1363899786647,82,1363899786719,72,72,72,0
18,79,1363899786719,79,1363899786791,72,72,72,0
18,71,1363899786887,71,1363899786951,64,168,160,96
18,82,1363899787063,82,1363899787143,80,176,192,112
18,65,1363899787199,65,1363899787255,56,136,112,56
18,77,1363899787303,77,1363899787359,56,104,104,48
18,83,1363899787415,83,1363899787471,56,112,112,56
18,32,1363899787471,32,1363899787575,104,56,104,0
18,71,1363899787631,71,1363899787759,128,160,184,56
18,79,1363899787687,79,1363899787823,136,56,64,-72
18,32,1363899787759,32,1363899787887,128,72,64,-64
18,84,1363899787951,84,1363899788079,128,192,192,64
18,79,1363899787999,79,1363899788103,104,48,24,-80
18,32,1363899788055,32,1363899788175,120,56,72,-48
18,76,1363899788223,76,1363899788295,72,168,120,48
18,8,1363899788551,8,1363899788639,88,328,344,256
18,83,1363899788639,83,1363899788727,88,88,88,0
18,76,1363899788807,76,1363899788887,80,168,160,80
18,69,1363899788911,69,1363899788967,56,104,80,24
18,69,1363899789063,69,1363899789159,96,152,192,96
18,80,1363899789159,80,1363899789231,72,96,72,0
18,32,1363899789415,32,1363899789503,88,256,272,184
18,70,1363899789559,70,1363899789639,80,144,136,56
18,79,1363899789639,79,1363899789719,80,80,80,0
18,82,1363899789743,82,1363899789791,48,104,72,24
18,32,1363899789815,32,1363899789903,88,72,112,24
18,65,1363899789951,65,1363899790039,88,136,136,48
18,32,1363899790015,32,1363899790095,80,64,56,-24
18,83,1363899790151,83,1363899790207,56,136,112,56
18,77,1363899790223,77,1363899790279,56,72,72,16
18,76,1363899790519,76,1363899790607,88,296,328,240
18,32,1363899790551,32,1363899790695,144,32,88,-56
18,65,1363899790671,65,1363899790743,72,120,48,-24
18,77,1363899790743,77,1363899790823,80,72,80,0
18,79,1363899790919,79,1363899791015,96,176,192,96
18,85,1363899790967,85,1363899791039,72,48,24,-48
18,78,1363899791151,78,1363899791223,72,184,184,112
18,84,1363899791343,84,1363899791423,80,192,200,120
18,32,1363899791399,32,1363899791503,104,56,80,-24
18,79,1363899791503,79,1363899791591,88,104,88,0
18,70,1363899791591,70,1363899791647,56,88,56,0
18,32,1363899791647,32,1363899791743,96,56,96,0
18,84,1363899791778,84,1363899791847,69,131,104,35
18,73,1363899791959,73,1363899792047,88,181,200,112
18,77,1363899792023,77,1363899792095,72,64,48,-24
18,69,1363899792127,69,1363899792215,88,104,120,32
18,190,1363899792215,190,1363899792287,72,88,72,0
18,32,1363899792383,32,1363899792455,72,168,168,96
18,32,1363899792511,32,1363899792599,88,128,144,56
18,70,1363899793199,70,1363899793263,64,688,664,600
18,32,1363899793287,32,1363899793375,88,88,112,24
18,85,1363899793782,85,1363899793855,73,495,480,407
18,79,1363899793839,79,1363899793910,71,57,55,-16
18,8,1363899794135,8,1363899794199,64,296,289,225
18,8,1363899794271,8,1363899794334,63,136,135,72
18,89,1363899794487,89,1363899794574,87,216,240,153
18,79,1363899794543,79,1363899794726,183,56,152,-31
18,85,1363899794678,85,1363899794774,96,135,48,-48
18,32,1363899794727,32,1363899794838,111,49,64,-47
18,85,1363899794886,85,1363899794966,80,159,128,48
18,83,1363899794950,83,1363899795030,80,64,64,-16
18,69,1363899795150,69,1363899795206,56,200,176,120
18,32,1363899795207,32,1363899795286,79,57,80,1
18,83,1363899795334,83,1363899795406,72,127,120,48
18,76,1363899795390,76,1363899795462,72,56,56,-16
18,69,1363899795534,69,1363899795606,72,144,144,72
18,69,1363899795695,69,1363899795782,87,161,176,89
18,80,1363899795758,80,1363899795846,88,63,64,-24
18,188,1363899795982,188,1363899796086,104,224,240,136
18,32,1363899796038,32,1363899796126,88,56,40,-48
18,84,1363899796262,84,1363899796374,112,224,248,136
18,72,1363899796406,72,1363899796478,72,144,104,32
18,69,1363899796719,69,1363899796791,72,313,313,241
18,32,1363899796791,32,1363899796878,87,72,87,0
18,82,1363899797214,82,1363899797286,72,423,408,336
18,69,1363899797374,69,1363899797438,64,160,152,88
18,83,1363899797550,83,1363899797638,88,176,200,112
18,79,1363899797751,79,1363899797838,87,201,200,113
18,76,1363899797910,76,1363899797990,80,159,152,72
18,85,1363899798062,85,1363899798126,64,152,136,72
18,84,1363899798238,84,1363899798310,72,176,184,112
18,73,1363899798398,73,1363899798534,136,160,224,88
18,79,1363899798454,79,1363899798550,96,56,16,-80
18,78,1363899798478,78,1363899798590,112,24,40,-72
18,32,1363899798550,32,1363899798630,80,72,40,-40
18,73,1363899798670,73,1363899798758,88,120,128,40
18,83,1363899798758,83,1363899798854,96,88,96,0
18,32,1363899798814,32,1363899798926,112,56,72,-40
18,79,1363899798926,79,1363899799047,121,112,121,0
18,78,1363899799006,78,1363899799119,113,80,72,-41
18,76,1363899799119,76,1363899799215,96,113,96,0
18,89,1363899799296,89,1363899799415,119,177,200,81
18,32,1363899799359,32,1363899799487,128,63,72,-56
18,73,1363899800983,73,1363899801079,96,1624,1592,1496
18,78,1363899801023,78,1363899801135,112,40,56,-56
18,32,1363899801111,32,1363899801215,104,88,80,-24
18,83,1363899801991,83,1363899802087,96,880,872,776
18,69,1363899802199,69,1363899802255,56,208,168,112
18,67,1363899802359,67,1363899802431,72,160,176,104
18,79,1363899802455,79,1363899802559,104,96,128,24
18,78,1363899802519,78,1363899802591,72,64,32,-40
18,68,1363899802591,68,1363899802655,64,72,64,0
18,83,1363899802783,83,1363899802871,88,192,216,128
18,188,1363899803055,188,1363899803151,96,272,280,184
18,32,1363899803095,32,1363899803191,96,40,40,-56
18,83,1363899803231,83,1363899803343,112,136,152,40
18,79,1363899803319,79,1363899803415,96,88,72,-24
18,32,1363899803375,32,1363899803495,120,56,80,-40
18,89,1363899803575,89,1363899803671,96,200,176,80
18,79,1363899803639,79,1363899803799,160,64,128,-32
18,85,1363899803767,85,1363899803879,112,128,80,-32
18,32,1363899803815,32,1363899803951,136,48,72,-64
18,67,1363899803951,67,1363899804015,64,136,64,0
18,65,1363899804143,65,1363899804271,128,192,256,128
18,78,1363899804207,78,1363899804287,80,64,16,-64
18,222,1363899804231,222,1363899804327,96,24,40,-56
18,84,1363899804447,84,1363899804527,80,216,200,120
18,32,1363899804471,32,1363899804599,128,24,72,-56
18,83,1363899804561,83,1363899804631,70,90,32,-38
18,76,1363899804679,76,1363899804751,72,118,120,48
18,69,1363899804751,69,1363899804807,56,72,56,0
18,69,1363899804895,69,1363899804991,96,144,184,88
18,80,1363899804983,80,1363899805055,72,88,64,-8
18,32,1363899805031,32,1363899805167,136,48,112,-24
18,76,1363899805167,76,1363899805255,88,136,88,0
18,69,1363899805239,69,1363899805311,72,72,56,-16
18,83,1363899805623,83,1363899805671,48,384,360,312
18,83,1363899805767,83,1363899805839,72,144,168,96
18,32,1363899805855,32,1363899805983,128,88,144,16
18,84,1363899805935,84,1363899806007,72,80,24,-48
18,72,1363899805983,72,1363899806055,72,48,48,-24
18,65,1363899806095,65,1363899806183,88,112,128,40
18,78,1363899806183,78,1363899806263,80,88,80,0
18,32,1363899806215,32,1363899806319,104,32,56,-48
18,49,1363899806351,49,1363899806407,56,136,88,32
18,32,1363899806431,32,1363899806527,96,80,120,24
18,83,1363899806615,83,1363899806703,88,184,176,88
18,83,1363899806839,83,1363899806903,64,224,200,136
18,69,1363899807023,69,1363899807087,64,184,184,120
18,79,1363899807287,79,1363899807399,112,264,312,200
18,78,1363899807343,78,1363899807431,88,56,32,-56
18,67,1363899807511,67,1363899807583,72,168,152,80
18,190,1363899807879,190,1363899807959,80,368,376,296
18,8,1363899808399,8,1363899808439,40,520,480,440
18,8,1363899808511,8,1363899808583,72,112,144,72
18,8,1363899808655,8,1363899808727,72,144,144,72
18,8,1363899808799,8,1363899808871,72,144,144,72
18,8,1363899808940,8,1363899809015,75,141,144,69
18,8,1363899809071,8,1363899809175,104,131,160,56
18,69,1363899809247,69,1363899809319,72,176,144,72
18,67,1363899809439,67,1363899809511,72,192,192,120
18,79,1363899809575,79,1363899809687,112,136,176,64
18,78,1363899809647,78,1363899809719,72,72,32,-40
18,68,1363899809799,68,1363899809887,88,152,168,80
18,190,1363899809887,190,1363899809943,56,88,56,0
18,32,1363899810063,32,1363899810135,72,176,192,120
18,32,1363899810183,32,1363899810295,112,120,160,48
18,16,1363899810295,16,1363899810486,191,112,191,0
18,73,1363899810423,73,1363899810511,88,128,25,-63
18,70,1363899810623,70,1363899810711,88,200,200,112
18,32,1363899810679,32,1363899810807,128,56,96,-32
18,89,1363899810807,89,1363899810903,96,128,96,0
18,79,1363899810871,79,1363899811031,160,64,128,-32
18,85,1363899810983,85,1363899811094,111,112,63,-48
18,32,1363899811031,32,1363899811142,111,48,48,-63
18,85,1363899811183,85,1363899811278,95,152,136,41
18,83,1363899811254,83,1363899811319,65,71,41,-24
18,69,1363899811415,69,1363899811510,95,161,191,96
18,32,1363899811486,32,1363899811582,96,71,72,-24
18,85,1363899811710,85,1363899811790,80,224,208,128
18,83,1363899812006,83,1363899812078,72,296,288,216
18,76,1363899812111,76,1363899812174,63,105,96,33
18,69,1363899812238,69,1363899812319,81,127,145,64
18,69,1363899812990,69,1363899813086,96,752,767,671
18,80,1363899813174,80,1363899813262,88,184,176,88
18,188,1363899813422,188,1363899813526,104,248,264,160
18,32,1363899813494,32,1363899813654,160,72,128,-32
18,84,1363899814022,84,1363899814118,96,528,464,368
18,72,1363899814071,72,1363899814199,128,49,81,-47
18,69,1363899814126,69,1363899814199,73,55,0,-73
18,32,1363899814158,32,1363899814294,136,32,95,-41
18,82,1363899814295,82,1363899814358,63,137,64,1
18,69,1363899814462,69,1363899814534,72,167,176,104
18,83,1363899814646,83,1363899814734,88,184,200,112
18,79,1363899814702,79,1363899814782,80,56,48,-32
18,76,1363899814854,76,1363899814950,96,152,168,72
18,85,1363899814990,85,1363899815062,72,136,112,40
18,84,1363899815175,84,1363899815254,79,185,192,113
18,73,1363899815350,73,1363899815518,168,175,264,96
18,79,1363899815398,79,1363899815542,144,48,24,-120
18,78,1363899815470,78,1363899815574,104,72,32,-72
18,32,1363899815518,32,1363899815646,128,48,72,-56
18,73,1363899815686,73,1363899815774,88,168,128,40
18,83,1363899815838,83,1363899815950,112,152,176,64
18,32,1363899815926,32,1363899816038,112,88,88,-24
18,77,1363899816663,77,1363899816760,97,737,722,625
18,73,1363899816711,73,1363899816807,96,48,47,-49
18,83,1363899816831,83,1363899816941,110,120,134,24
18,8,1363899817079,8,1363899817175,96,248,234,138
18,67,1363899817175,67,1363899817231,56,96,56,0
18,82,1363899817351,82,1363899817423,72,176,192,120
18,79,1363899817423,79,1363899817479,56,72,56,0
18,83,1363899817567,83,1363899817671,104,144,192,88
18,69,1363899817839,69,1363899817919,80,272,248,168
18,67,1363899818039,67,1363899818111,72,200,192,120
18,79,1363899818407,79,1363899818519,112,368,408,296
18,78,1363899818471,78,1363899818551,80,64,32,-48
18,68,1363899818567,68,1363899818647,80,96,96,16
18,32,1363899818999,32,1363899819095,96,432,448,352
18,16,1363899819095,16,1363899819255,160,96,160,0
18,57,1363899819167,57,1363899819255,88,72,0,-88
18,83,1363899819751,83,1363899819815,64,584,560,496
18,8,1363899820079,8,1363899820167,88,328,352,264
18,65,1363899820143,65,1363899820231,88,64,64,-24
18,8,1363899820743,8,1363899820807,64,600,576,512
18,65,1363899821071,65,1363899821159,88,328,352,264
18,83,1363899821255,83,1363899821319,64,184,160,96
18,32,1363899821319,32,1363899821391,72,64,72,0
18,69,1363899821447,69,1363899821503,56,128,112,56
18,86,1363899821551,86,1363899821623,72,104,120,48
18,73,1363899821743,73,1363899821823,80,192,200,120
18,68,1363899821839,68,1363899821903,64,96,80,16
18,69,1363899822015,69,1363899822087,72,176,184,112
18,78,1363899822063,78,1363899822143,80,48,56,-24
18,67,1363899822215,67,1363899822327,112,152,184,72
18,69,1363899822303,69,1363899822399,96,88,72,-24
18,68,1363899822615,68,1363899822703,88,312,304,216
18,32,1363899822679,32,1363899822791,112,64,88,-24
18,66,1363899822831,66,1363899822967,136,152,176,40
18,89,1363899822879,89,1363899822999,120,48,32,-88
18,32,1363899822967,32,1363899823087,120,88,88,-32
18,84,1363899823223,84,1363899823343,120,256,256,136
18,72,1363899823263,72,1363899823391,128,40,48,-80
18,69,1363899823319,69,1363899823391,72,56,0,-72
18,32,1363899823367,32,1363899823487,120,48,96,-24
18,85,1363899823527,85,1363899823599,72,160,112,40
18,32,1363899824775,32,1363899824871,96,1248,1272,1176
18,80,1363899825247,80,1363899825319,72,472,448,376
18,82,1363899825295,82,1363899825359,64,48,40,-24
18,69,1363899825455,69,1363899825527,72,160,168,96
18,70,1363899825631,70,1363899825687,56,176,160,104
18,73,1363899825687,73,1363899825775,88,56,88,0
18,88,1363899825823,88,1363899825871,48,136,96,48
18,190,1363899827039,190,1363899827111,72,1216,1240,1168
18,84,1364594805157,84,1364594805237,80,216,0,-80
18,72,1364594805301,72,1364594805365,64,144,128,64
18,73,1364594805477,73,1364594805541,64,176,176,112
18,83,1364594805541,83,1364594805605,64,64,64,0
18,32,1364594805653,32,1364594805741,88,112,136,48
18,73,1364594805765,73,1364594805837,72,112,96,24
18,83,1364594805869,83,1364594805941,72,104,104,32
18,32,1364594805917,32,1364594806053,136,48,112,-24
18,77,1364594806061,77,1364594806125,64,144,72,8
18,89,1364594806237,89,1364594806341,104,176,216,112
18,32,1364594806301,32,1364594806429,128,64,88,-40
18,70,1364594806845,70,1364594806925,80,544,496,416
18,79,1364594807005,79,1364594807085,80,160,160,80
18,85,1364594807045,85,1364594807125,80,40,40,-40
18,82,1364594807509,82,1364594807605,96,464,480,384
18,84,1364594807685,84,1364594807813,128,176,208,80
18,72,1364594807733,72,1364594807829,96,48,16,-80
18,32,1364594807773,32,1364594807941,168,40,112,-56
18,84,1364594807941,84,1364594808021,80,168,80,0
18,73,1364594808165,73,1364594808253,88,224,232,144
18,77,1364594808221,77,1364594808317,96,56,64,-32
18,69,1364594808317,69,1364594808397,80,96,80,0
18,32,1364594808397,32,1364594808509,112,80,112,0
18,188,1364594808853,188,1364594808949,96,456,440,344
18,32,1364594808917,32,1364594809021,104,64,72,-32
18,78,1364594809213,78,1364594809333,120,296,312,192
18,79,1364594809277,79,1364594809389,112,64,56,-56
18,32,1364594809421,32,1364594809565,144,144,176,32
18,77,1364594809605,77,1364594809685,80,184,120,40
18,65,1364594809701,65,1364594809805,104,96,120,16
18,89,1364594809805,89,1364594809869,64,104,64,0
18,66,1364594809989,66,1364594810069,80,184,200,120
18,69,1364594810053,69,1364594810149,96,64,80,-16
18,32,1364594810150,32,1364594810237,87,97,88,1
18,73,1364594810213,73,1364594810389,176,63,152,-24
18,84,1364594810325,84,1364594810421,96,112,32,-64
18,222,1364594810389,222,1364594810509,120,64,88,-32
18,83,1364594810445,83,1364594810549,104,56,40,-64
18,32,1364594810541,32,1364594810637,96,96,88,-8
18,77,1364594810677,77,1364594810765,88,136,128,40
18,89,1364594810853,89,1364594810965,112,176,200,88
18,32,1364594810917,32,1364594811037,120,64,72,-48
18,70,1364594811205,70,1364594811277,72,288,240,168
18,73,1364594811277,73,1364594811349,72,72,72,0
18,70,1364594811389,70,1364594811453,64,112,104,40
18,84,1364594811645,84,1364594811805,160,256,352,192
18,72,1364594811877,72,1364594811989,112,232,184,72
18,32,1364594812037,32,1364594812165,128,160,176,48
18,84,1364594812269,84,1364594812341,72,232,176,104
18,73,1364594812462,73,1364594812550,88,193,209,121
18,77,1364594812526,77,1364594812606,80,64,56,-24
18,69,1364594812606,69,1364594812686,80,80,80,0
18,32,1364594812662,32,1364594812766,104,56,80,-24
18,84,1364594812854,84,1364594812950,96,192,184,88
18,89,1364594813638,89,1364594813702,64,784,752,688
18,80,1364594813750,80,1364594813846,96,112,144,48
18,73,1364594813958,73,1364594814046,88,208,200,112
18,78,1364594814006,78,1364594814086,80,48,40,-40
18,71,1364594814198,71,1364594814286,88,192,200,112
18,32,1364594814254,32,1364594814358,104,56,72,-32
18,72,1364594814382,72,1364594814454,72,128,96,24
18,69,1364594814454,69,1364594814526,72,72,72,0
18,82,1364594814630,82,1364594814678,48,176,152,104
18,69,1364594814790,69,1364594814870,80,160,192,112
18,190,1364594814871,190,1364594814926,55,81,56,1
18,32,1364594815054,32,1364594815102,48,183,176,128
18,32,1364594815190,32,1364594815270,80,136,168,88
18,16,1364594815294,16,1364594815878,584,104,608,24
18,65,1364594815814,65,1364594815886,72,520,8,-64
18,67,1364594816045,67,1364594816134,89,231,248,159
18,84,1364594816110,84,1364594816198,88,65,64,-24
18,85,1364594816150,85,1364594816222,72,40,24,-48
18,65,1364594816286,65,1364594816398,112,136,176,64
18,76,1364594816333,76,1364594816429,96,47,31,-65
18,76,1364594816486,76,1364594816645,159,153,216,57
18,89,1364594816629,89,1364594816765,136,143,120,-16
18,32,1364594816734,32,1364594816909,175,105,144,-31
18,73,1364594816973,73,1364594817101,128,239,192,64
18,84,1364594817069,84,1364594817198,129,96,97,-32
18,222,1364594817213,222,1364594817326,113,144,128,15
18,83,1364594817326,83,1364594817413,87,113,87,0
18,32,1364594817390,32,1364594817502,112,64,89,-23
18,77,1364594817526,77,1364594817581,55,136,79,24
18,89,1364594817782,89,1364594817885,103,256,304,201
18,32,1364594817845,32,1364594817957,112,63,72,-40
18,54,1364594818133,54,1364594818205,72,288,248,176
18,84,1364594818341,84,1364594818429,88,208,224,136
18,72,1364594818381,72,1364594818509,128,40,80,-48
18,32,1364594818461,32,1364594818605,144,80,96,-48
18,84,1364594818653,84,1364594818742,89,192,137,48
18,73,1364594818869,73,1364594818965,96,216,223,127
18,77,1364594818925,77,1364594818997,72,56,32,-40
18,69,1364594818998,69,1364594819077,79,73,80,1
18,188,1364594819269,188,1364594819381,112,271,304,192
18,32,1364594819333,32,1364594819461,128,64,80,-48
18,32,1364594820286,32,1364594820389,103,953,928,825
18,84,1364594820477,84,1364594820557,80,191,168,88
18,72,1364594820509,72,1364594820597,88,32,40,-48
18,73,1364594820725,73,1364594820813,88,216,216,128
18,78,1364594820781,78,1364594820909,128,56,96,-32
18,75,1364594820909,75,1364594821005,96,128,96,0
18,32,1364594820974,32,1364594821085,111,65,80,-31
18,16,1364594821061,16,1364594821229,168,87,144,-24
18,73,1364594821117,73,1364594821237,120,56,8,-112
18,32,1364594821189,32,1364594821293,104,72,56,-48
18,84,1364594821381,84,1364594821469,88,192,176,88
18,89,1364594821405,89,1364594821493,88,24,24,-64
18,80,1364594821517,80,1364594821629,112,112,136,24
18,69,1364594821637,69,1364594821685,48,120,56,8
18,68,1364594821798,68,1364594821861,63,161,176,113
18,32,1364594821861,32,1364594821949,88,63,88,0
18,69,1364594822061,69,1364594822125,64,200,176,112
18,65,1364594822261,65,1364594822341,80,200,216,136
18,82,1364594822309,82,1364594822373,64,48,32,-32
18,76,1364594822469,76,1364594822573,104,160,200,96
18,73,1364594822541,73,1364594822621,80,72,48,-32
18,69,1364594822597,69,1364594822669,72,56,48,-24
18,82,1364594822765,82,1364594822845,80,168,176,96
18,32,1364594822829,32,1364594822949,120,64,104,-16
18,84,1364594822950,84,1364594823053,103,121,104,1
18,72,1364594822989,72,1364594823053,64,39,0,-64
18,73,1364594823125,73,1364594823197,72,136,144,72
18,83,1364594823173,83,1364594823253,80,48,56,-24
18,32,1364594823285,32,1364594823381,96,112,128,32
18,69,1364594823405,69,1364594823429,24,120,48,24
18,8,1364594823725,8,1364594823805,80,320,376,296
18,87,1364594823829,87,1364594823909,80,104,104,24
18,69,1364594824021,69,1364594824077,56,192,168,112
18,69,1364594824165,69,1364594824269,104,144,192,88
18,75,1364594824269,75,1364594824333,64,104,64,0
18,188,1364594824525,188,1364594824637,112,256,304,192
18,32,1364594824597,32,1364594824685,88,72,48,-40
18,65,1364594824717,65,1364594824797,80,120,112,32
18,78,1364594824813,78,1364594824885,72,96,88,16
18,68,1364594824917,68,1364594824997,80,104,112,32
18,32,1364594824957,32,1364594825093,136,40,96,-40
18,89,1364594825093,89,1364594825173,80,136,80,0
18,79,1364594825157,79,1364594825317,160,64,144,-16
18,85,1364594825261,85,1364594825357,96,104,40,-56
18,32,1364594825317,32,1364594825421,104,56,64,-40
18,72,1364594825445,72,1364594825525,80,128,104,24
18,65,1364594825493,65,1364594825573,80,48,48,-32
18,86,1364594825645,86,1364594825709,64,152,136,72
18,69,1364594825709,69,1364594825773,64,64,64,0
18,32,1364594825797,32,1364594825893,96,88,120,24
18,77,1364594825925,77,1364594825989,64,128,96,32
18,89,1364594826061,89,1364594826173,112,136,184,72
18,32,1364594826133,32,1364594826253,120,72,80,-40
18,8,1364594826565,8,1364594826621,56,432,368,312
18,8,1364594826693,8,1364594826789,96,128,168,72
18,69,1364594826837,69,1364594826933,96,144,144,48
18,32,1364594826933,32,1364594827037,104,96,104,0
18,68,1364594827101,68,1364594827173,72,168,136,64
18,79,1364594827173,79,1364594827245,72,72,72,0
18,87,1364594827301,87,1364594827389,88,128,144,56
18,78,1364594827373,78,1364594827477,104,72,88,-16
18,32,1364594827429,32,1364594827557,128,56,80,-48
18,70,1364594827613,70,1364594827693,80,184,136,56
18,79,1364594827693,79,1364594827757,64,80,64,0
18,82,1364594827789,82,1364594827861,72,96,104,32
18,32,1364594827853,32,1364594827957,104,64,96,-8
18,53,1364594828605,53,1364594828677,72,752,720,648
18,188,1364594828957,188,1364594829085,128,352,408,280
18,32,1364594829029,32,1364594829197,168,72,112,-56
18,66,1364594829349,66,1364594829469,120,320,272,152
18,85,1364594829429,85,1364594829685,256,80,216,-40
18,84,1364594829613,84,1364594829733,120,184,48,-72
18,32,1364594829685,32,1364594829805,120,72,72,-48
18,84,1364594830646,84,1364594830742,96,961,937,841
18,72,1364594830678,72,1364594830798,120,32,56,-64
18,69,1364594830742,69,1364594830798,56,64,0,-56
18,32,1364594830798,32,1364594830910,112,56,112,0
18,70,1364594830918,70,1364594830966,48,120,56,8
18,73,1364594831006,73,1364594831086,80,88,120,40
18,82,1364594831086,82,1364594831134,48,80,48,0
18,83,1364594831262,83,1364594831350,88,176,216,128
18,84,1364594831294,84,1364594831390,96,32,40,-56
18,32,1364594831350,32,1364594831454,104,56,64,-40
18,79,1364594831502,79,1364594831598,96,152,144,48
18,32,1364594831686,32,1364594831790,104,184,192,88
18,87,1364594831798,87,1364594831862,64,112,72,8
18,65,1364594831974,65,1364594832030,56,176,168,112
18,83,1364594832126,83,1364594832182,56,152,152,96
18,32,1364594832182,32,1364594832246,64,56,64,0
18,66,1364594832302,66,1364594832382,80,120,136,56
18,82,1364594832398,82,1364594832462,64,96,80,16
18,79,1364594832446,79,1364594832534,88,48,72,-16
18,75,1364594832622,75,1364594832695,73,176,161,88
18,69,1364594832718,69,1364594832798,80,96,103,23
18,78,1364594832870,78,1364594832958,88,152,160,72
18,190,1364594833048,190,1364594833126,78,178,168,90
18,32,1364594833246,32,1364594833318,72,198,192,120
18,32,1364594833382,32,1364594833486,104,136,168,64
18,16,1364594833486,16,1364594833678,192,104,192,0
18,73,1364594833590,73,1364594833694,104,104,16,-88
18,32,1364594833654,32,1364594833766,112,64,72,-40
18,68,1364594833910,68,1364594833998,88,256,232,144
18,79,1364594833998,79,1364594834101,103,88,103,0
18,78,1364594834029,78,1364594834117,88,31,16,-72
18,222,1364594834118,222,1364594834222,104,89,105,1
18,84,1364594834310,84,1364594834406,96,192,184,88
18,8,1364594834582,8,1364594834645,63,272,239,176
18,84,1364594835269,84,1364594835357,88,687,712,624
18,32,1364594835326,32,1364594835437,111,57,80,-31
18,75,1364594835509,75,1364594835613,104,183,176,72
18,78,1364594835573,78,1364594835653,80,64,40,-40
18,79,1364594835701,79,1364594835782,81,128,129,48
18,87,1364594835790,87,1364594835845,55,89,63,8
18,32,1364594835869,32,1364594835965,96,79,120,24
18,87,1364594835966,87,1364594836045,79,97,80,1
18,72,1364594836085,72,1364594836141,56,119,96,40
18,89,1364594836253,89,1364594836333,80,168,192,112
18,188,1364594836485,188,1364594836589,104,232,256,152
18,32,1364594836533,32,1364594836653,120,48,64,-56
18,66,1364594836685,66,1364594836781,96,152,128,32
18,85,1364594836749,85,1364594836853,104,64,72,-32
18,84,1364594836909,84,1364594837013,104,160,160,56
18,32,1364594836990,32,1364594837102,112,81,89,-23
18,73,1364594837102,73,1364594837262,160,112,160,0
18,84,1364594837182,84,1364594837341,159,80,79,-80
18,222,1364594837341,222,1364594837463,122,159,122,0
18,32,1364594837485,32,1364594837605,120,144,142,22
18,8,1364594838358,8,1364594838422,64,873,817,753
18,83,1364594838757,83,1364594838845,88,399,423,335
18,32,1364594838845,32,1364594838933,88,88,88,0
18,82,1364594838982,82,1364594839053,71,137,120,49
18,69,1364594839157,69,1364594839237,80,175,184,104
18,65,1364594839373,65,1364594839445,72,216,208,136
18,83,1364594839549,83,1364594839637,88,176,192,104
18,79,1364594839597,79,1364594839677,80,48,40,-40
18,78,1364594839637,78,1364594839709,72,40,32,-40
18,65,1364594839805,65,1364594839893,88,168,184,96
18,66,1364594839893,66,1364594839949,56,88,56,0
18,76,1364594839998,76,1364594840069,71,105,120,49
18,69,1364594840085,69,1364594840157,72,87,88,16
18,32,1364594840182,32,1364594840285,103,97,128,25
18,84,1364594840333,84,1364594840437,104,151,152,48
18,84,1364594840541,84,1364594840637,96,208,200,104
18,32,1364594840589,32,1364594840717,128,48,80,-48
18,84,1364594840765,84,1364594840885,120,176,168,48
18,32,1364594840957,32,1364594841109,152,192,224,72
18,70,1364594842093,70,1364594842157,64,1136,1048,984
18,73,1364594842189,73,1364594842253,64,96,96,32
18,82,1364594842269,82,1364594842333,64,80,80,16
18,83,1364594842477,83,1364594842597,120,208,264,144
18,84,1364594842525,84,1364594842637,112,48,40,-72
18,32,1364594842597,32,1364594842709,112,72,72,-40
18,84,1364594843797,84,1364594843917,120,1200,1208,1088
18,89,1364594843837,89,1364594843941,104,40,24,-80
18,80,1364594844093,80,1364594844189,96,256,248,152
18,73,1364594844333,73,1364594844437,104,240,248,144
18,78,1364594844389,78,1364594844469,80,56,32,-48
18,71,1364594844589,71,1364594844701,112,200,232,120
18,32,1364594844645,32,1364594844765,120,56,64,-56
18,80,1364594844967,80,1364594844989,22,322,224,202
18,65,1364594845029,65,1364594845109,80,62,120,40
18,84,1364594845149,84,1364594845205,56,120,96,40
18,84,1364594845269,84,1364594845349,80,120,144,64
18,69,1364594845349,69,1364594845413,64,80,64,0
18,82,1364594845517,82,1364594845573,56,168,160,104
18,78,1364594845573,78,1364594845645,72,56,72,0
18,32,1364594845605,32,1364594845717,112,32,72,-40
18,87,1364594845765,87,1364594845829,64,160,112,48
18,65,1364594845957,65,1364594846029,72,192,200,128
18,83,1364594846149,83,1364594846221,72,192,192,120
18,32,1364594846637,32,1364594846789,152,488,568,416
18,78,1364594848606,78,1364594848726,120,1969,1937,1817
18,79,1364594848654,79,1364594848806,152,48,80,-72
18,84,1364594848942,84,1364594849046,104,288,240,136
18,32,1364594849006,32,1364594849126,120,64,80,-40
18,77,1364594849198,77,1364594849278,80,192,152,72
18,89,1364594849374,89,1364594849486,112,176,208,96
18,32,1364594849430,32,1364594849550,120,56,64,-56
18,78,1364594849614,78,1364594849718,104,184,168,64
18,79,1364594849686,79,1364594849766,80,72,48,-32
18,82,1364594849766,82,1364594849838,72,80,72,0
18,77,1364594849878,77,1364594849950,72,112,112,40
18,65,1364594849990,65,1364594850086,96,112,136,40
18,76,1364594850062,76,1364594850142,80,72,56,-24
18,32,1364594850110,32,1364594850222,112,48,80,-32
18,80,1364594850254,80,1364594850334,80,144,112,32
18,65,1364594850334,65,1364594850429,95,80,95,0
18,84,1364594850470,84,1364594850517,47,136,88,41
18,84,1364594850573,84,1364594850662,89,103,145,56
18,69,1364594850662,69,1364594850734,72,89,72,0
18,82,1364594850837,82,1364594850902,65,175,168,103
18,78,1364594850885,78,1364594850950,65,48,48,-17
18,190,1364594851022,190,1364594851054,32,137,104,72
18,32,1364594851174,32,1364594851238,64,152,184,120
18,32,1364594851302,32,1364594851382,80,128,144,64
18,16,1364594851414,16,1364594851566,152,112,184,32
18,73,1364594851502,73,1364594851598,96,88,32,-64
18,32,1364594851566,32,1364594851653,87,64,55,-32
18,72,1364594851718,72,1364594851790,72,152,137,65
18,65,1364594851822,65,1364594851877,55,104,87,32
18,68,1364594852038,68,1364594852125,87,216,248,161
18,32,1364594852093,32,1364594852205,112,55,80,-32
18,84,1364594852237,84,1364594852333,96,144,128,32
18,79,1364594852285,79,1364594852381,96,48,48,-48
18,32,1364594852334,32,1364594852453,119,49,72,-47
18,84,1364594852877,84,1364594852973,96,543,520,424
18,89,1364594852909,89,1364594852974,65,32,1,-64
18,80,1364594853037,80,1364594853117,80,128,143,63
18,69,1364594853141,69,1364594853205,64,104,88,24
18,32,1364594853245,32,1364594853326,81,104,121,40
18,65,1364594853357,65,1364594853461,104,112,135,31
18,32,1364594853421,32,1364594853517,96,64,56,-40
18,66,1364594853589,66,1364594853685,96,168,168,72
18,85,1364594853645,85,1364594853709,64,56,24,-40
18,78,1364594853805,78,1364594853885,80,160,176,96
18,67,1364594853949,67,1364594854029,80,144,144,64
18,72,1364594854030,72,1364594854125,95,81,96,1
18,32,1364594854077,32,1364594854213,136,47,88,-48
18,73,1364594854589,73,1364594854677,88,512,464,376
18,78,1364594854637,78,1364594854749,112,48,72,-40
18,32,1364594854725,32,1364594854861,136,88,112,-24
18,79,1364594854885,79,1364594854973,88,160,112,24
18,82,1364594855005,82,1364594855077,72,120,104,32
18,68,1364594855197,68,1364594855253,56,192,176,120
18,69,1364594855381,69,1364594855461,80,184,208,128
18,82,1364594855549,82,1364594855629,80,168,168,88
18,32,1364594855629,32,1364594855765,136,80,136,0
18,32,1364594855837,32,1364594855981,144,208,216,72
18,82,1364594856237,82,1364594856325,88,400,344,256
18,69,1364594856309,69,1364594856373,64,72,48,-16
18,65,1364594856501,65,1364594856549,48,192,176,128
18,67,1364594856693,67,1364594856757,64,192,208,144
18,72,1364594856717,72,1364594856813,96,24,56,-40
18,32,1364594856781,32,1364594856877,96,64,64,-32
18,54,1364594856966,54,1364594857093,127,185,216,89
18,68,1364594857325,68,1364594857373,48,359,280,232
18,8,1364594857605,8,1364594857677,72,280,304,232
18,83,1364594857677,83,1364594857765,88,72,88,0
18,69,1364594857869,69,1364594857933,64,192,168,104
18,67,1364594858045,67,1364594858125,80,176,192,112
18,79,1364594858126,79,1364594858229,103,81,104,1
18,78,1364594858173,78,1364594858261,88,47,32,-56
18,68,1364594858277,68,1364594858349,72,104,88,16
18,83,1364594858557,83,1364594858629,72,280,280,208
18,32,1364594858677,32,1364594858773,96,120,144,48
18,65,1364594858821,65,1364594858901,80,144,128,48
18,78,1364594858933,78,1364594859013,80,112,112,32
18,68,1364594859053,68,1364594859125,72,120,112,40
18,32,1364594859125,32,1364594859237,112,72,112,0
18,73,1364594860893,73,1364594861013,120,1768,1776,1656
18,78,1364594861085,78,1364594861197,112,192,184,72
18,32,1364594861165,32,1364594861301,136,80,104,-32
18,84,1364594861429,84,1364594861517,88,264,216,128
18,72,1364594861469,72,1364594861541,72,40,24,-48
18,73,1364594861629,73,1364594861693,64,160,152,88
18,83,1364594861693,83,1364594861757,64,64,64,0
18,32,1364594861758,32,1364594861869,111,65,112,1
18,87,1364594861893,87,1364594861933,40,135,64,24
18,65,1364594862061,65,1364594862157,96,168,224,128
18,89,1364594862093,89,1364594862197,104,32,40,-64
18,32,1364594862157,32,1364594862269,112,64,72,-40
18,32,1364594862421,32,1364594862541,120,264,272,152
18,76,1364594863061,76,1364594863149,88,640,608,520
18,69,1364594863125,69,1364594863189,64,64,40,-24
18,68,1364594863349,68,1364594863429,80,224,240,160
18,32,1364594863429,32,1364594863533,104,80,104,0
18,84,1364594863653,84,1364594863765,112,224,232,120
18,72,1364594863701,72,1364594863837,136,48,72,-64
18,69,1364594863765,69,1364594863837,72,64,0,-72
18,32,1364594863837,32,1364594863949,112,72,112,0
18,82,1364594864309,82,1364594864365,56,472,416,360
18,65,1364594864517,65,1364594864605,88,208,240,152
18,66,1364594864565,66,1364594864621,56,48,16,-40
18,66,1364594864693,66,1364594864797,104,128,176,72
18,73,1364594864982,73,1364594865046,64,289,249,185
18,84,1364594865158,84,1364594865262,104,176,216,112
18,32,1364594865214,32,1364594865342,128,56,80,-48
18,68,1364594865398,68,1364594865454,56,184,112,56
18,79,1364594865454,79,1364594865526,72,56,72,0
18,87,1364594865598,87,1364594865670,72,144,144,72
18,78,1364594865670,78,1364594865766,96,72,96,0
18,32,1364594865734,32,1364594865854,120,64,88,-32
18,84,1364594865942,84,1364594866046,104,208,192,88
18,72,1364594865982,72,1364594866094,112,40,48,-64
18,69,1364594866046,69,1364594866126,80,64,32,-48
18,32,1364594866094,32,1364594866230,136,48,104,-32
18,73,1364848564380,73,1364848564476,96,96,24,-72
18,32,1364848564452,32,1364848564532,80,72,56,-24
18,87,1364848564564,87,1364848564636,72,112,104,32
18,79,1364848564660,79,1364848564772,112,96,136,24
18,78,1364848564708,78,1364848564804,96,48,32,-64
18,68,1364848564828,68,1364848564909,81,120,105,24
18,69,1364848565044,69,1364848565100,56,216,191,135
18,82,1364848565204,82,1364848565252,48,160,152,104
18,32,1364848565253,32,1364848565340,87,49,88,1
18,87,1364848565396,87,1364848565485,89,143,145,56
18,72,1364848565452,72,1364848565501,49,56,16,-33
18,89,1364848565612,89,1364848565708,96,160,207,111
18,32,1364848565724,32,1364848565812,88,112,104,16
18,16,1364848565748,16,1364848565988,240,24,176,-64
18,73,1364848565956,73,1364848566044,88,208,56,-32
18,32,1364848565988,32,1364848566116,128,32,72,-56
18,67,1364848566196,67,1364848566244,48,208,128,80
18,65,1364848566396,65,1364848566500,104,200,256,152
18,78,1364848566436,78,1364848566532,96,40,32,-64
18,222,1364848566492,222,1364848566596,104,56,64,-40
18,84,1364848566724,84,1364848566796,72,232,200,128
18,32,1364848566764,32,1364848566876,112,40,80,-32
18,82,1364848566844,82,1364848566900,56,80,24,-32
18,69,1364848567012,69,1364848567076,64,168,176,112
18,77,1364848567076,77,1364848567132,56,64,56,0
18,69,1364848567196,69,1364848567276,80,120,144,64
18,77,1364848567260,77,1364848567334,74,64,58,-16
18,66,1364848567452,66,1364848567532,80,192,198,118
18,69,1364848567484,69,1364848567564,80,32,32,-48
18,82,1364848567668,82,1364848567740,72,184,176,104
18,32,1364848567716,32,1364848567844,128,48,104,-24
18,84,1364848567868,84,1364848567957,89,152,113,24
18,72,1364848567916,72,1364848568028,112,48,71,-41
18,69,1364848567957,69,1364848568029,72,41,1,-71
18,32,1364848567996,32,1364848568116,120,39,87,-33
18,65,1364848568221,65,1364848568293,72,225,177,105
18,8,1364848568589,8,1364848568661,72,368,368,296
18,80,1364848568797,80,1364848568877,80,208,216,136
18,65,1364848568877,65,1364848568933,56,80,56,0
18,83,1364848569045,83,1364848569085,40,168,152,112
18,83,1364848569165,83,1364848569229,64,120,144,80
18,87,1364848569565,87,1364848569661,96,400,432,336
18,79,1364848569661,79,1364848569733,72,96,72,0
18,82,1364848569773,82,1364848569829,56,112,96,40
18,68,1364848569941,68,1364848570005,64,168,176,112
18,32,1364848570005,32,1364848570085,80,64,80,0
18,67,1364848570141,67,1364848570229,88,136,144,56
18,8,1364848570421,8,1364848570501,80,280,272,192
18,70,1364848570533,70,1364848570605,72,112,104,32
18,79,1364848570653,79,1364848570725,72,120,120,48
18,82,1364848570725,82,1364848570789,64,72,64,0
18,32,1364848570821,32,1364848570933,112,96,144,32
18,84,1364848570997,84,1364848571101,104,176,168,64
18,32,1364848571125,32,1364848571237,112,128,136,24
18,68,1364848571269,68,1364848571381,112,144,144,32
18,79,1364848571581,79,1364848571629,48,312,248,200
18,79,1364848571701,79,1364848571781,80,120,152,72
18,82,1364848571781,82,1364848571853,72,80,72,0
18,190,1364848571941,190,1364848572021,80,160,168,88
18,32,1364848572109,32,1364848572197,88,168,176,88
18,32,1364848572229,32,1364848572349,120,120,152,32
18,16,1364848572381,16,1364848572525,144,152,176,32
18,73,1364848572462,73,1364848572557,95,81,32,-63
18,84,1364848572677,84,1364848572781,104,215,224,120
18,222,1364848572757,222,1364848572869,112,80,88,-24
18,83,1364848572869,83,1364848572941,72,112,72,0
18,32,1364848572941,32,1364848573093,152,72,152,0
18,78,1364848573053,78,1364848573149,96,112,56,-40
18,79,1364848573117,79,1364848573205,88,64,56,-32
18,84,1364848573301,84,1364848573405,104,184,200,96
18,32,1364848573365,32,1364848573501,136,64,96,-40
18,84,1364848573501,84,1364848573573,72,136,72,0
18,79,1364848573637,79,1364848573701,64,136,128,64
18,79,1364848573789,79,1364848573909,120,152,208,88
18,32,1364848573877,32,1364848573997,120,88,88,-32
18,68,1364848574037,68,1364848574117,80,160,120,40
18,73,1364848574117,73,1364848574205,88,80,88,0
18,70,1364848574237,70,1364848574285,48,120,80,32
18,70,1364848574373,70,1364848574437,64,136,152,88
18,73,1364848574453,73,1364848574533,80,80,96,16
18,67,1364848574581,67,1364848574653,72,128,120,48
18,85,1364848574693,85,1364848574797,104,112,144,40
18,76,1364848574733,76,1364848574829,96,40,32,-64
18,84,1364848574973,84,1364848575093,120,240,264,144
18,32,1364848575037,32,1364848575197,160,64,104,-56
18,84,1364848575437,84,1364848575565,128,400,368,240
18,79,1364848575485,79,1364848575613,128,48,48,-80
18,32,1364848575565,32,1364848575701,136,80,88,-48
18,82,1364848575661,82,1364848575741,80,96,40,-40
18,69,1364848575829,69,1364848575901,72,168,160,88
18,77,1364848576189,77,1364848576261,72,360,360,288
18,69,1364848576373,69,1364848576469,96,184,208,112
18,77,1364848576445,77,1364848576549,104,72,80,-24
18,66,1364848576693,66,1364848576789,96,248,240,144
18,69,1364848576901,69,1364848577013,112,208,224,112
18,82,1364848577109,82,1364848577189,80,208,176,96
18,32,1364848577189,32,1364848577293,104,80,104,0
18,65,1364848577325,65,1364848577445,120,136,152,32
18,32,1364848577373,32,1364848577493,120,48,48,-72
18,54,1364848577621,54,1364848577717,96,248,224,128
18,32,1364848577685,32,1364848577829,144,64,112,-32
18,68,1364848577837,68,1364848577901,64,152,72,8
18,73,1364848577941,73,1364848577989,48,104,88,40
18,71,1364848578117,71,1364848578221,104,176,232,128
18,73,1364848578245,73,1364848578373,128,128,152,24
18,84,1364848578453,84,1364848578565,112,208,192,80
18,32,1364848578509,32,1364848578653,144,56,88,-56
18,78,1364848578853,78,1364848578972,119,344,319,200
18,85,1364848578941,85,1364848579029,88,88,57,-31
18,77,1364848579165,77,1364848579245,80,224,216,136
18,66,1364848579349,66,1364848579437,88,184,192,104
18,69,1364848579437,69,1364848579485,48,88,48,0
18,82,1364848579573,82,1364848579636,63,136,151,88
18,186,1364848579725,186,1364848579829,104,152,193,89
18,32,1364848579789,32,1364848579909,120,64,80,-40
18,222,1364848580196,222,1364848580292,96,407,383,287
18,86,1364848580420,86,1364848580501,81,224,209,128
18,69,1364848580540,69,1364848580604,64,120,103,39
18,32,1364848580620,32,1364848580716,96,80,112,16
18,82,1364848580789,82,1364848580845,56,169,129,73
18,69,1364848580964,69,1364848581020,56,175,175,119
18,77,1364848581021,77,1364848581076,55,57,56,1
18,69,1364848581141,69,1364848581204,63,120,128,65
18,77,1364848581188,77,1364848581252,64,47,48,-16
18,66,1364848581404,66,1364848581493,89,216,241,152
18,69,1364848581493,69,1364848581549,56,89,56,0
18,82,1364848581661,82,1364848581724,63,168,175,112
18,69,1364848581996,69,1364848582068,72,335,344,272
18,68,1364848582188,68,1364848582252,64,192,184,120
18,32,1364848582252,32,1364848582329,77,64,77,0
18,77,1364848582420,77,1364848582492,72,168,163,91
18,65,1364848582468,65,1364848582556,88,48,64,-24
18,78,1364848582604,78,1364848582676,72,136,120,48
18,89,1364848582828,89,1364848582916,88,224,240,152
18,32,1364848582868,32,1364848583020,152,40,104,-48
18,80,1364848582996,80,1364848583092,96,128,72,-24
18,72,1364848583165,72,1364848583244,79,169,152,73
18,79,1364848583324,79,1364848583420,96,159,176,80
18,78,1364848583380,78,1364848583460,80,56,40,-40
18,69,1364848583460,69,1364848583556,96,80,96,0
18,32,1364848583541,32,1364848583684,143,81,128,-15
18,78,1364848583684,78,1364848583756,72,143,72,0
18,85,1364848583708,85,1364848583812,104,24,56,-48
18,77,1364848583925,77,1364848584004,79,217,192,113
18,66,1364848584092,66,1364848584196,104,167,192,88
18,69,1364848584180,69,1364848584244,64,88,48,-16
18,82,1364848584338,82,1364848584396,58,158,152,94
18,83,1364848584540,83,1364848584620,80,202,224,144
18,188,1364848584748,188,1364848584860,112,208,240,128
18,32,1364848584796,32,1364848584932,136,48,72,-64
18,69,1364848585164,69,1364848585228,64,368,296,232
18,84,1364848585244,84,1364848585308,64,80,80,16
18,67,1364848585372,67,1364848585460,88,128,152,64
18,190,1364848585460,190,1364848585516,56,88,56,0
18,32,1364848585917,32,1364848585981,64,457,465,401
18,32,1364848586061,32,1364848586157,96,144,176,80
18,16,1364848586197,16,1364848586373,176,136,216,40
18,66,1364848586329,66,1364848586389,60,132,16,-44
18,85,1364848586501,85,1364848586541,40,172,152,112
18,84,1364848586629,84,1364848586733,104,128,192,88
18,32,1364848586717,32,1364848586829,112,88,96,-16
18,16,1364848586829,16,1364848587021,192,112,192,0
18,73,1364848586965,73,1364848587061,96,136,40,-56
18,32,1364848587021,32,1364848587141,120,56,80,-40
18,68,1364848587245,68,1364848587325,80,224,184,104
18,79,1364848587325,79,1364848587389,64,80,64,0
18,8,1364848587685,8,1364848587741,56,360,352,296
18,8,1364848587837,8,1364848587885,48,152,144,96
18,72,1364848588053,72,1364848588093,40,216,208,168
18,65,1364848588125,65,1364848588197,72,72,104,32
18,86,1364848588237,86,1364848588309,72,112,112,40
18,69,1364848588349,69,1364848588437,88,112,128,40
18,32,1364848588437,32,1364848588549,112,88,112,0
18,84,1364848588533,84,1364848588637,104,96,88,-16
18,79,1364848588589,79,1364848588693,104,56,56,-48
18,32,1364848588653,32,1364848588765,112,64,72,-40
18,72,1364848588941,72,1364848589021,80,288,256,176
18,65,1364848589061,65,1364848589157,96,120,136,40
18,86,1364848589157,86,1364848589245,88,96,88,0
18,69,1364848589293,69,1364848589365,72,136,120,48
18,32,1364848589349,32,1364848589469,120,56,104,-16
18,84,1364848589549,84,1364848589653,104,200,184,80
18,72,1364848589597,72,1364848589709,112,48,56,-56
18,69,1364848589621,69,1364848589709,88,24,0,-88
18,32,1364848589677,32,1364848589829,152,56,120,-32
18,80,1364848589829,80,1364848589925,96,152,96,0
18,65,1364848589893,65,1364848589967,74,64,42,-32
18,83,1364848590077,83,1364848590117,40,184,150,110
18,83,1364848590214,83,1364848590285,71,137,168,97
18,87,1364848590445,87,1364848590533,88,231,248,160
18,79,1364848590533,79,1364848590623,90,88,90,0
18,82,1364848590648,82,1364848590717,69,115,94,25
18,68,1364848590829,68,1364848590901,72,181,184,112
18,32,1364848590901,32,1364848590997,96,72,96,0
18,87,1364848591397,87,1364848591469,72,496,472,400
18,82,1364848591605,82,1364848591677,72,208,208,136
18,73,1364848591677,73,1364848591733,56,72,56,0
18,84,1364848591869,84,1364848591909,40,192,176,136
18,84,1364848591973,84,1364848592045,72,104,136,64
18,69,1364848592109,69,1364848592189,80,136,144,64
18,78,1364848592213,78,1364848592301,88,104,112,24
18,32,1364848592269,32,1364848592381,112,56,80,-32
18,68,1364848592381,68,1364848592461,80,112,80,0
18,79,1364848592477,79,1364848592549,72,96,88,16
18,87,1364848592597,87,1364848592685,88,120,136,48
18,78,1364848592685,78,1364848592773,88,88,88,0
18,188,1364848592941,188,1364848593045,104,256,272,168
18,32,1364848593005,32,1364848593117,112,64,72,-40
18,65,1364848593101,65,1364848593165,64,96,48,-16
18,78,1364848593197,78,1364848593269,72,96,104,32
18,68,1364848593293,68,1364848593381,88,96,112,24
18,32,1364848593349,32,1364848593485,136,56,104,-32
18,76,1364848593453,76,1364848593517,64,104,32,-32
18,79,1364848593629,79,1364848593685,56,176,168,112
18,79,1364848593773,79,1364848593925,152,144,240,88
18,75,1364848593877,75,1364848593981,104,104,56,-48
18,32,1364848593941,32,1364848594053,112,64,72,-40
18,65,1364848594117,65,1364848594213,96,176,160,64
18,84,1364848594213,84,1364848594317,104,96,104,0
18,32,1364848594261,32,1364848594397,136,48,80,-56
18,73,1364848594469,73,1364848594557,88,208,160,72
18,84,1364848594677,84,1364848594789,112,208,232,120
18,32,1364848594789,32,1364848594925,136,112,136,0
18,65,1364848595005,65,1364848595093,88,216,168,80
18,78,1364848595085,78,1364848595189,104,80,96,-8
18,68,1364848595237,68,1364848595325,88,152,136,48
18,32,1364848595325,32,1364848595437,112,88,112,0
18,83,1364848595885,83,1364848595949,64,560,512,448
18,65,1364848596085,65,1364848596173,88,200,224,136
18,89,1364848596157,89,1364848596253,96,72,80,-16
18,32,1364848596197,32,1364848596341,144,40,88,-56
18,73,1364848596413,73,1364848596509,96,216,168,72
18,84,1364848596589,84,1364848596685,96,176,176,80
18,32,1364848596629,32,1364848596764,135,40,79,-56
18,84,1364848597101,84,1364848597212,111,472,448,337
18,79,1364848597173,79,1364848597292,119,72,80,-39
18,32,1364848597237,32,1364848597348,111,64,56,-55
18,77,1364848597429,77,1364848597508,79,192,160,81
18,89,1364848597612,89,1364848597708,96,183,200,104
18,83,1364848597677,83,1364848597764,87,65,56,-31
18,69,1364848597876,69,1364848597981,105,199,217,112
18,76,1364848597972,76,1364848598069,97,96,88,-9
18,70,1364848598101,70,1364848598189,88,129,120,32
18,32,1364848598205,32,1364848598309,104,104,120,16
18,87,1364848598829,87,1364848598940,111,624,631,520
18,72,1364848599060,72,1364848599212,152,231,272,120
18,73,1364848599132,73,1364848599260,128,72,48,-80
18,76,1364848599213,76,1364848599324,111,81,64,-47
18,69,1364848599364,69,1364848599468,104,151,144,40
18,32,1364848599484,32,1364848599604,120,120,136,16
18,16,1364848599828,16,1364848600244,416,344,640,224
18,73,1364848600180,73,1364848600244,64,352,0,-64
18,222,1364848600309,222,1364848600468,159,129,224,65
18,77,1364848600444,77,1364848600556,112,135,88,-24
18,32,1364848600516,32,1364848600652,136,72,96,-40
18,84,1364848600781,84,1364848600884,103,265,232,129
18,80,1364848601684,80,1364848601796,112,903,912,800
18,73,1364848601916,73,1364848601996,80,232,200,120
18,78,1364848601948,78,1364848602052,104,32,56,-48
18,71,1364848602180,71,1364848602292,112,232,240,128
18,32,1364848602268,32,1364848602380,112,88,88,-24
18,8,1364848602532,8,1364848602572,40,264,192,152
18,8,1364848602668,8,1364848602724,56,136,152,96
18,8,1364848602812,8,1364848602876,64,144,152,88
18,8,1364848602948,8,1364848603012,64,136,136,72
18,8,1364848603092,8,1364848603165,73,144,153,80
18,89,1364848603325,89,1364848603477,152,233,312,160
18,80,1364848603477,80,1364848603565,88,152,88,0
18,73,1364848604069,73,1364848604173,104,592,608,504
18,78,1364848604125,78,1364848604189,64,56,16,-48
18,71,1364848604317,71,1364848604421,104,192,232,128
18,32,1364848604373,32,1364848604493,120,56,72,-48
18,73,1364848604501,73,1364848604629,128,128,136,8
18,84,1364848604597,84,1364848604717,120,96,88,-32
18,32,1364848604669,32,1364848604806,137,72,89,-48
18,73,1364848604806,73,1364848604966,160,137,160,0
18,78,1364848604925,78,1364848605045,120,119,79,-41
18,32,1364848604981,32,1364848605101,120,56,56,-64
18,65,1364848605149,65,1364848605245,96,168,144,48
18,84,1364848605293,84,1364848605405,112,144,160,48
18,32,1364848605357,32,1364848605485,128,64,80,-48
18,84,1364848605517,84,1364848605621,104,160,136,32
18,72,1364848605549,72,1364848605701,152,32,80,-72
18,69,1364848605621,69,1364848605701,80,72,0,-80
18,32,1364848605693,32,1364848605789,96,72,88,-8
18,70,1364848605829,70,1364848605917,88,136,128,40
18,79,1364848605917,79,1364848605965,48,88,48,0
18,79,1364848606029,79,1364848606125,96,112,160,64
18,8,1364848606301,8,1364848606341,40,272,216,176
18,8,1364848606421,8,1364848606485,64,120,144,80
18,8,1364848606557,8,1364848606637,80,136,152,72
18,68,1364848606701,68,1364848606797,96,144,160,64
18,79,1364848606797,79,1364848606853,56,96,56,0
18,79,1364848606925,79,1364848607005,80,128,152,72
18,84,1364848607109,84,1364848607213,104,184,208,104
18,32,1364848607165,32,1364848607325,160,56,112,-48
18,8,1364848607621,8,1364848607693,72,456,368,296
18,8,1364848607749,8,1364848607829,80,128,136,56
18,82,1364848607853,82,1364848607925,72,104,96,24
18,32,1364848607925,32,1364848608053,128,72,128,0
18,84,1364848608117,84,1364848608229,112,192,176,64
18,79,1364848608165,79,1364848608301,136,48,72,-64
18,32,1364848608245,32,1364848608389,144,80,88,-56
18,71,1364848608405,71,1364848608493,88,160,104,16
18,69,1364848608533,69,1364848608629,96,128,136,40
18,84,1364848608629,84,1364848608717,88,96,88,0
18,32,1364848608685,32,1364848608821,136,56,104,-32
18,73,1364848609405,73,1364848609517,112,720,696,584
18,84,1364848609573,84,1364848609693,120,168,176,56
18,32,1364848609661,32,1364848609797,136,88,104,-32
18,65,1364848609941,65,1364848610037,96,280,240,144
18,67,1364848610173,67,1364848610261,88,232,224,136
18,84,1364848610341,84,1364848610445,104,168,184,80
18,85,1364848610389,85,1364848610461,72,48,16,-56
18,65,1364848610493,65,1364848610589,96,104,128,32
18,76,1364848610589,76,1364848610653,64,96,64,0
18,76,1364848610733,76,1364848610853,120,144,200,80
18,89,1364848610789,89,1364848610925,136,56,72,-64
18,32,1364848610877,32,1364848610989,112,88,64,-48
18,69,1364848611069,69,1364848611157,88,192,168,80
18,78,1364848611157,78,1364848611229,72,88,72,0
18,84,1364848611357,84,1364848611437,80,200,208,128
18,69,1364848611453,69,1364848611541,88,96,104,16
18,82,1364848611541,82,1364848611621,80,88,80,0
18,69,1364848611645,69,1364848611709,64,104,88,24
18,68,1364848611821,68,1364848611893,72,176,184,112
18,32,1364848611885,32,1364848611973,88,64,80,-8
18,67,1364848612021,67,1364848612085,64,136,112,48
18,79,1364848612109,79,1364848612181,72,88,96,24
18,82,1364848612221,82,1364848612269,48,112,88,40
18,82,1364848612357,82,1364848612421,64,136,152,88
18,69,1364848612525,69,1364848612597,72,168,176,104
18,67,1364848612709,67,1364848612789,80,184,192,112
18,84,1364848612757,84,1364848612853,96,48,64,-32
18,76,1364848612853,76,1364848612973,120,96,120,0
18,89,1364848612957,89,1364848613037,80,104,64,-16
18,190,1364848613101,190,1364848613181,80,144,144,64
18,32,1364848613261,32,1364848613317,56,160,136,80
18,32,1364848613389,32,1364848613469,80,128,152,72
18,16,1364848613445,16,1364848613597,152,56,128,-24
18,73,1364848613565,73,1364848613629,64,120,32,-32
18,222,1364848613677,222,1364848613813,136,112,184,48
18,77,1364848613749,77,1364848613853,104,72,40,-64
18,32,1364848613829,32,1364848613973,144,80,120,-24
18,76,1364848613949,76,1364848614044,95,120,71,-24
18,85,1364848614109,85,1364848614197,88,160,153,65
18,67,1364848614253,67,1364848614356,103,144,159,56
18,75,1364848614357,75,1364848614460,103,104,104,1
18,32,1364848614789,32,1364848614877,88,432,417,329
18,8,1364848615100,8,1364848615188,88,311,311,223
18,89,1364848615364,89,1364848615484,120,264,296,176
18,32,1364848615445,32,1364848615557,112,81,73,-39
18,84,1364848615629,84,1364848615748,119,184,191,72
18,72,1364848615685,72,1364848615821,136,56,73,-63
18,65,1364848615821,65,1364848615916,95,136,95,0
18,84,1364848615884,84,1364848615980,96,63,64,-32
18,32,1364848615932,32,1364848616076,144,48,96,-48
18,84,1364848616100,84,1364848616229,129,168,153,24
18,72,1364848616156,72,1364848616316,160,56,87,-73
18,69,1364848616229,69,1364848616317,88,73,1,-87
18,32,1364848616292,32,1364848616420,128,63,103,-25
18,65,1364848617468,65,1364848617540,72,1176,1120,1048
18,67,1364848617676,67,1364848617748,72,208,208,136
18,84,1364848617748,84,1364848617844,96,72,96,0
18,32,1364848617780,32,1364848617932,152,32,88,-64
18,79,1364848618172,79,1364848618236,64,392,304,240
18,70,1364848618237,70,1364848618309,72,65,73,1
18,32,1364848618309,32,1364848618420,111,72,111,0
18,80,1364848618380,80,1364848618468,88,71,48,-40
18,82,1364848618468,82,1364848618532,64,88,64,0
18,69,1364848618644,69,1364848618700,56,176,168,112
18,83,1364848618820,83,1364848618876,56,176,176,120
18,83,1364848618964,83,1364848619052,88,144,176,88
18,73,1364848619028,73,1364848619124,96,64,72,-24
18,78,1364848619084,78,1364848619148,64,56,24,-40
18,71,1364848619276,71,1364848619372,96,192,224,128
18,32,1364848619324,32,1364848619436,112,48,64,-48
18,68,1364848619396,68,1364848619468,72,72,32,-40
18,79,1364848619509,79,1364848619572,63,113,104,41
18,87,1364848619612,87,1364848619700,88,103,128,40
18,78,1364848619700,78,1364848619796,96,88,96,0
18,32,1364848619764,32,1364848619868,104,64,72,-32
18,79,1364848619868,79,1364848620004,136,104,136,0
18,78,1364848619972,78,1364848620060,88,104,56,-32
18,32,1364848620036,32,1364848620156,120,64,96,-24
18,84,1364848620268,84,1364848620348,80,232,192,112
18,72,1364848620300,72,1364848620420,120,32,72,-48
18,69,1364848620348,69,1364848620420,72,48,0,-72
18,32,1364848620396,32,1364848620516,120,48,96,-24
18,72,1364848620548,72,1364848620629,81,152,113,32
18,65,1364848620613,65,1364848620693,80,65,64,-16
18,78,1364848620749,78,1364848620813,64,136,120,56
18,68,1364848620837,68,1364848620901,64,88,88,24
18,76,1364848620925,76,1364848621005,80,88,104,24
18,69,1364848621045,69,1364848621125,80,120,120,40
18,32,1364848621125,32,1364848621237,112,80,112,0
18,73,1364848621262,73,1364848621333,71,137,96,25
18,83,1364848621357,83,1364848621437,80,95,104,24
18,78,1364848621493,78,1364848621597,104,136,160,56
18,222,1364848621549,222,1364848621677,128,56,80,-48
18,84,1364848621797,84,1364848621885,88,248,208,120
18,32,1364848621853,32,1364848621981,128,56,96,-32
18,69,1364848621981,69,1364848622053,72,128,72,0
18,78,1364848622053,78,1364848622141,88,72,88,0
18,79,1364848622237,79,1364848622328,91,184,187,96
18,85,1364848622285,85,1364848622349,64,48,21,-43
18,71,1364848622485,71,1364848622597,112,200,248,136
18,72,1364848622509,72,1364848622621,112,24,24,-88
18,32,1364848622597,32,1364848622757,160,88,136,-24
18,84,1364848622757,84,1364848622869,112,160,112,0
18,79,1364848622837,79,1364848622941,104,80,72,-32
18,32,1364848622869,32,1364848622989,120,32,48,-72
18,66,1364848624245,66,1364848624365,120,1376,1376,1256
18,85,1364848624339,85,1364848624413,74,94,48,-26
18,77,1364848624557,77,1364848624669,112,218,256,144
18,80,1364848624637,80,1364848624741,104,80,72,-32
18,32,1364848624709,32,1364848624813,104,72,72,-32
18,73,1364848624861,73,1364848624941,80,152,128,48
18,84,1364848625045,84,1364848625157,112,184,216,104
18,32,1364848625101,32,1364848625221,120,56,64,-56
18,79,1364848625245,79,1364848625342,97,144,121,24
18,85,1364848625317,85,1364848625381,64,72,39,-25
18,84,1364848625517,84,1364848625613,96,200,232,136
18,32,1364848625573,32,1364848625693,120,56,80,-40
18,79,1364848625821,79,1364848625909,88,248,216,128
18,70,1364848625949,70,1364848626021,72,128,112,40
18,32,1364848626021,32,1364848626093,72,72,72,0
18,77,1364848626173,77,1364848626237,64,152,144,80
18,69,1364848626253,69,1364848626326,73,80,89,16
18,77,1364848626373,77,1364848626437,64,120,111,47
18,8,1364848626613,8,1364848626677,64,240,240,176
18,8,1364848626733,8,1364848626813,80,120,136,56
18,89,1364848626933,89,1364848627045,112,200,232,120
18,32,1364848626997,32,1364848627117,120,64,72,-48
18,77,1364848627205,77,1364848627261,56,208,144,88
18,69,1364848627293,69,1364848627365,72,88,104,32
18,77,1364848627365,77,1364848627429,64,72,64,0
18,79,1364848627525,79,1364848627565,40,160,136,96
18,82,1364848627629,82,1364848627709,80,104,144,64
18,89,1364848627749,89,1364848627853,104,120,144,40
18,32,1364848627853,32,1364848627950,97,104,97,0
18,87,1364848628717,87,1364848628789,72,864,839,767
18,72,1364848628821,72,1364848628901,80,104,112,32
18,69,1364848628925,69,1364848629005,80,104,104,24
18,78,1364848629005,78,1364848629093,88,80,88,0
18,32,1364848629053,32,1364848629157,104,48,64,-40
18,16,1364848629197,16,1364848629357,160,144,200,40
18,73,1364848629277,73,1364848629357,80,80,0,-80
18,32,1364848629325,32,1364848629421,96,48,64,-32
18,84,1364848629789,84,1364848629893,104,464,472,368
18,89,1364848629821,89,1364848629893,72,32,0,-72
18,80,1364848629949,80,1364848630037,88,128,144,56
18,69,1364848630037,69,1364848630117,80,88,80,0
18,32,1364848630117,32,1364848630229,112,80,112,0
18,73,1364848630229,73,1364848630381,152,112,152,0
18,84,1364848630357,84,1364848630485,128,128,104,-24
18,32,1364848630445,32,1364848630581,136,88,96,-40
18,73,1364848631021,73,1364848631173,152,576,592,440
18,78,1364848631125,78,1364848631285,160,104,112,-48
18,190,1364848631261,190,1364848631348,87,136,63,-24
18,32,1364848631461,32,1364848631525,64,200,177,113
18,32,1364848631589,32,1364848631676,87,128,151,64
18,16,1364848631637,16,1364848632253,616,48,577,-39
19,75,1365013200798,75,1365013200926,128,48,56,-72
19,32,1365013200950,32,1365013201030,80,152,104,24
19,68,1365013201142,68,1365013201198,56,192,168,112
19,79,1365013201198,79,1365013201318,120,56,120,0
19,73,1365013201222,73,1365013201390,168,24,72,-96
19,78,1365013201318,78,1365013201406,88,96,16,-72
19,71,1365013201350,71,1365013201446,96,32,40,-56
19,32,1365013201447,32,1365013201550,103,97,104,1
19,84,1365013201550,84,1365013201654,104,103,104,0
19,72,1365013201654,72,1365013201766,112,104,112,0
19,73,1365013201742,73,1365013201782,40,88,16,-24
19,8,1365013202094,8,1365013202182,88,352,400,312
19,69,1365013202318,69,1365013202398,80,224,216,136
19,32,1365013202398,32,1365013202470,72,80,72,0
19,84,1365013202606,84,1365013202702,96,208,232,136
19,89,1365013202726,89,1365013202822,96,120,120,24
19,80,1365013202878,80,1365013202950,72,152,128,56
19,73,1365013203206,73,1365013203350,144,328,400,256
19,78,1365013203278,78,1365013203374,96,72,24,-72
19,71,1365013203350,71,1365013203438,88,72,64,-24
19,32,1365013203438,32,1365013203542,104,88,104,0
19,84,1365013203526,84,1365013203622,96,88,80,-16
19,72,1365013203582,72,1365013203670,88,56,48,-40
19,73,1365013203670,73,1365013203801,131,88,131,0
19,78,1365013203774,78,1365013203878,104,104,77,-27
19,71,1365013203878,71,1365013203950,72,104,72,0
19,32,1365013203934,32,1365013204014,80,56,64,-16
19,79,1365013204038,79,1365013204134,96,104,120,24
19,78,1365013204110,78,1365013204222,112,72,88,-24
19,67,1365013204222,67,1365013204358,136,112,136,0
19,69,1365013204310,69,1365013204390,80,88,32,-48
19,32,1365013204358,32,1365013204438,80,48,48,-32
19,65,1365013204478,65,1365013204614,136,120,176,40
19,71,1365013204686,71,1365013204838,152,208,224,72
19,65,1365013204774,65,1365013204870,96,88,32,-64
19,73,1365013204894,73,1365013204966,72,120,96,24
19,78,1365013204942,78,1365013205030,88,48,64,-24
19,188,1365013205110,188,1365013205206,96,168,176,80
19,32,1365013205182,32,1365013205294,112,72,88,-24
19,84,1365013205270,84,1365013205382,112,88,88,-24
19,72,1365013205382,72,1365013205462,80,112,80,0
19,69,1365013205574,69,1365013205662,88,192,200,112
19,32,1365013205694,32,1365013205798,104,120,136,32
19,70,1365013205966,70,1365013206038,72,272,240,168
19,73,1365013206062,73,1365013206150,88,96,112,24
19,82,1365013206150,82,1365013206230,80,88,80,0
19,83,1365013206230,83,1365013206358,128,80,128,0
19,84,1365013206318,84,1365013206390,72,88,32,-40
19,32,1365013206374,32,1365013206470,96,56,80,-16
19,79,1365013206470,79,1365013206574,104,96,104,0
19,70,1365013206574,70,1365013206654,80,104,80,0
19,32,1365013206654,32,1365013206718,64,80,64,0
19,51,1365013207117,51,1365013207214,97,463,496,399
19,32,1365013207214,32,1365013207269,55,97,55,0
19,84,1365013207325,84,1365013207406,81,111,137,56
19,73,1365013207686,73,1365013207830,144,361,424,280
19,77,1365013207742,77,1365013207878,136,56,48,-88
19,69,1365013207878,69,1365013207990,112,136,112,0
19,83,1365013207934,83,1365013208013,79,56,23,-56
19,32,1365013207990,32,1365013208061,71,56,48,-23
19,84,1365013208141,84,1365013208277,136,151,216,80
19,72,1365013208278,72,1365013208381,103,137,104,1
19,73,1365013208326,73,1365013208429,103,48,48,-55
19,83,1365013208430,83,1365013208502,72,104,73,1
19,32,1365013208477,32,1365013208566,89,47,64,-25
19,87,1365013208813,87,1365013208861,48,336,295,247
19,69,1365013208981,69,1365013209021,40,168,160,120
19,69,1365013209117,69,1365013209165,48,136,144,96
19,75,1365013209237,75,1365013209341,104,120,176,72
19,32,1365013209357,32,1365013209453,96,120,112,16
19,16,1365013209485,16,1365013209637,152,128,184,32
19,73,1365013209541,73,1365013209638,97,56,1,-96
19,32,1365013209597,32,1365013209669,72,56,31,-41
19,71,1365013209717,71,1365013209805,88,120,136,48
19,85,1365013209806,85,1365013209893,87,89,88,1
19,69,1365013209894,69,1365013209957,63,88,64,1
19,83,1365013210053,83,1365013210085,32,159,128,96
19,83,1365013210173,83,1365013210255,82,120,170,88
19,188,1365013210229,188,1365013210349,120,56,94,-26
19,32,1365013210349,32,1365013210405,56,120,56,0
19,78,1365013210446,78,1365013210582,136,97,177,41
19,79,1365013210518,79,1365013210614,96,72,32,-64
19,84,1365013210582,84,1365013210671,89,64,57,-32
19,32,1365013210671,32,1365013210742,71,89,71,0
19,83,1365013210854,83,1365013210918,64,183,176,112
19,85,1365013210942,85,1365013211046,104,88,128,24
19,82,1365013211046,82,1365013211246,200,104,200,0
19,69,1365013211142,69,1365013211246,104,96,0,-104
19,32,1365013211247,32,1365013211350,103,105,104,1
19,72,1365013211414,72,1365013211534,120,167,184,64
19,79,1365013211510,79,1365013211582,72,96,48,-24
19,87,1365013211550,87,1365013211654,104,40,72,-32
19,32,1365013211630,32,1365013211718,88,80,64,-24
19,32,1365013211942,32,1365013212046,104,312,328,224
19,77,1365013212014,77,1365013212103,89,72,57,-32
19,73,1365013212184,73,1365013212278,94,170,175,81
19,83,1365013212318,83,1365013212374,56,134,96,40
19,83,1365013212454,83,1365013212566,112,136,192,80
19,69,1365013212590,69,1365013212654,64,136,88,24
19,68,1365013212734,68,1365013212822,88,144,168,80
19,32,1365013212798,32,1365013212878,80,64,56,-24
19,84,1365013212974,84,1365013213094,120,176,216,96
19,87,1365013213094,87,1365013213166,72,120,72,0
19,79,1365013213206,79,1365013213294,88,112,128,40
19,32,1365013213255,32,1365013213366,111,49,72,-39
19,87,1365013213446,87,1365013213502,56,191,136,80
19,69,1365013213614,69,1365013213654,40,168,152,112
19,69,1365013213734,69,1365013213798,64,120,144,80
19,75,1365013213854,75,1365013213934,80,120,136,56
19,83,1365013213998,83,1365013214086,88,144,152,64
19,188,1365013214110,188,1365013214198,88,112,112,24
19,32,1365013214174,32,1365013214262,88,64,64,-24
19,68,1365013214302,68,1365013214366,64,128,104,40
19,73,1365013214366,73,1365013214438,72,64,72,0
19,68,1365013214438,68,1365013214502,64,72,64,0
19,32,1365013214518,32,1365013214598,80,80,96,16
19,83,1365013214630,83,1365013214702,72,112,104,32
19,80,1365013214726,80,1365013214806,80,96,104,24
19,82,1365013214862,82,1365013214942,80,136,136,56
19,73,1365013214958,73,1365013215062,104,96,120,16
19,78,1365013215022,78,1365013215110,88,64,48,-40
19,71,1365013215110,71,1365013215182,72,88,72,0
19,32,1365013215182,32,1365013215262,80,72,80,0
19,66,1365013215446,66,1365013215534,88,264,272,184
19,82,1365013215638,82,1365013215766,128,192,232,104
19,69,1365013215694,69,1365013215791,97,56,25,-72
19,65,1365013215742,65,1365013215838,96,48,47,-49
19,75,1365013215814,75,1365013215926,112,72,88,-24
19,32,1365013215942,32,1365013216022,80,128,96,16
19,67,1365013216182,67,1365013216286,104,240,264,160
19,79,1365013216254,79,1365013216366,112,72,80,-32
19,85,1365013216342,85,1365013216406,64,88,40,-24
19,78,1365013216518,78,1365013216622,104,176,216,112
19,84,1365013216623,84,1365013216702,79,105,80,1
19,16,1365013216734,16,1365013216870,136,111,168,32
19,191,1365013216734,191,1365013216870,136,0,0,-136
19,32,1365013216870,32,1365013216934,64,136,64,0
19,73,1365013217014,73,1365013217102,88,144,168,80
19,84,1365013217174,84,1365013217278,104,160,176,72
19,32,1365013217246,32,1365013217366,120,72,88,-32
19,80,1365013217462,80,1365013217518,56,216,152,96
19,82,1365013217718,82,1365013217782,64,256,264,200
19,79,1365013217950,79,1365013218030,80,232,248,168
19,66,1365013218150,66,1365013218214,64,200,184,120
19,65,1365013218254,65,1365013218374,120,104,160,40
19,66,1365013218318,66,1365013218398,80,64,24,-56
19,76,1365013218350,76,1365013218470,120,32,72,-48
19,89,1365013218471,89,1365013218542,71,121,72,1
19,32,1365013218542,32,1365013218630,88,71,88,0
19,83,1365013218766,83,1365013218854,88,224,224,136
19,72,1365013218886,72,1365013218974,88,120,120,32
19,79,1365013218974,79,1365013219062,88,88,88,0
19,85,1365013219062,85,1365013219158,96,88,96,0
19,76,1365013219158,76,1365013219254,96,96,96,0
19,68,1365013219238,68,1365013219310,72,80,56,-16
19,78,1365013219310,78,1365013219430,120,72,120,0
19,222,1365013219414,222,1365013219534,120,104,104,-16
19,84,1365013219502,84,1365013219590,88,88,56,-32
19,32,1365013219590,32,1365013219662,72,88,72,0
19,79,1365013219686,79,1365013219822,136,96,160,24
19,75,1365013219822,75,1365013219910,88,136,88,0
19,188,1365013220134,188,1365013220222,88,312,312,224
19,32,1365013220198,32,1365013220294,96,64,72,-24
19,16,1365013220574,16,1365013220718,144,376,424,280
19,73,1365013220638,73,1365013220718,80,64,0,-80
19,32,1365013220718,32,1365013220822,104,80,104,0
19,72,1365013220822,72,1365013220910,88,104,88,0
19,65,1365013220886,65,1365013221006,120,64,96,-24
19,86,1365013221086,86,1365013221174,88,200,168,80
19,69,1365013221222,69,1365013221318,96,136,144,48
19,32,1365013221318,32,1365013221374,56,96,56,0
19,84,1365013221430,84,1365013221526,96,112,152,56
19,72,1365013221478,72,1365013221574,96,48,48,-48
19,73,1365013221590,73,1365013221694,104,112,120,16
19,78,1365013221662,78,1365013221774,112,72,80,-32
19,71,1365013221742,71,1365013221830,88,80,56,-32
19,83,1365013221830,83,1365013221902,72,88,72,0
19,32,1365013221886,32,1365013221966,80,56,64,-16
19,84,1365013222046,84,1365013222150,104,160,184,80
19,8,1365013222806,8,1365013222862,56,760,712,656
19,8,1365013222942,8,1365013222990,48,136,128,80
19,79,1365013223134,79,1365013223230,96,192,240,144
19,32,1365013223262,32,1365013223382,120,128,152,32
19,68,1365013223494,68,1365013223590,96,232,208,112
19,79,1365013223590,79,1365013223670,80,96,80,0
19,32,1365013223726,32,1365013223846,120,136,176,56
19,76,1365013223862,76,1365013223973,111,136,127,16
19,73,1365013223998,73,1365013224069,71,136,96,25
19,75,1365013224198,75,1365013224295,97,200,226,129
19,69,1365013224295,69,1365013224405,110,97,110,0
19,32,1365013224366,32,1365013224445,79,71,40,-39
19,67,1365013224623,67,1365013224741,118,257,296,178
19,79,1365013224742,79,1365013224846,104,119,105,1
19,80,1365013224846,80,1365013224966,120,104,120,0
19,77,1365013224847,77,1365013224966,119,1,0,-119
19,85,1365013225093,85,1365013225181,88,246,215,127
19,84,1365013225205,84,1365013225286,81,112,105,24
19,8,1365013225525,8,1365013225589,64,320,303,239
19,8,1365013225669,8,1365013225717,48,144,128,80
19,8,1365013225805,8,1365013225854,49,136,137,88
19,8,1365013225933,8,1365013226005,72,128,151,79
19,77,1365013226173,77,1365013226285,112,240,280,168
19,80,1365013226254,80,1365013226341,87,81,56,-31
19,85,1365013226413,85,1365013226517,104,159,176,72
19,84,1365013226518,84,1365013226573,55,105,56,1
19,69,1365013226637,69,1365013226733,96,119,160,64
19,82,1365013226685,82,1365013226765,80,48,32,-48
19,32,1365013226766,32,1365013226854,88,81,89,1
19,80,1365013226957,80,1365013227061,104,191,207,103
19,82,1365013227062,82,1365013227125,63,105,64,1
19,79,1365013227165,79,1365013227229,64,103,104,40
19,71,1365013227245,71,1365013227301,56,80,72,16
19,82,1365013227390,82,1365013227509,119,145,208,89
19,65,1365013227486,65,1365013227549,63,96,40,-23
19,77,1365013227597,77,1365013227677,80,111,128,48
19,77,1365013227709,77,1365013227805,96,112,128,32
19,73,1365013228055,73,1365013228166,111,346,361,250
19,78,1365013228126,78,1365013228206,80,71,40,-40
19,71,1365013228254,71,1365013228334,80,128,128,48
19,190,1365013228358,190,1365013228462,104,104,128,24
19,32,1365013228414,32,1365013228486,72,56,24,-48
19,16,1365013228774,16,1365013228966,192,360,480,288
19,71,1365013228910,71,1365013228966,56,136,0,-56
19,79,1365013229006,79,1365013229062,56,96,96,40
19,68,1365013229110,68,1365013229190,80,104,128,48
19,190,1365013229214,190,1365013229342,128,104,152,24
19,32,1365013229262,32,1365013229382,120,48,40,-80
19,16,1365013229638,16,1365013229846,208,376,464,256
19,65,1365013229750,65,1365013229854,104,112,8,-96
19,78,1365013229894,78,1365013229982,88,144,128,40
19,89,1365013230111,89,1365013230198,87,217,216,129
19,87,1365013230222,87,1365013230311,89,111,113,24
19,65,1365013230270,65,1365013230398,128,48,87,-41
19,89,1365013230342,89,1365013230447,105,72,49,-56
19,32,1365013230550,32,1365013230678,128,208,231,103
19,70,1365013230910,70,1365013231015,105,360,337,232
19,73,1365013231015,73,1365013231118,103,105,103,0
19,82,1365013231094,82,1365013231190,96,79,72,-24
19,83,1365013231214,83,1365013231318,104,120,128,24
19,84,1365013231278,84,1365013231366,88,64,48,-40
19,32,1365013231366,32,1365013231430,64,88,64,0
19,79,1365013231414,79,1365013231518,104,48,88,-16
19,70,1365013231518,70,1365013231582,64,104,64,0
19,32,1365013231542,32,1365013231622,80,24,40,-40
19,51,1365013231846,51,1365013231926,80,304,304,224
19,32,1365013231950,32,1365013232014,64,104,88,24
19,84,1365013232110,84,1365013232214,104,160,200,96
19,72,1365013232206,72,1365013232310,104,96,96,-8
19,73,1365013232294,73,1365013232398,104,88,88,-16
19,83,1365013232414,83,1365013232478,64,120,80,16
19,32,1365013232478,32,1365013232558,80,64,80,0
19,87,1365013232614,87,1365013232678,64,136,120,56
19,69,1365013232774,69,1365013232838,64,160,160,96
19,69,1365013232918,69,1365013232982,64,144,144,80
19,75,1365013233014,75,1365013233134,120,96,152,32
19,32,1365013233094,32,1365013233198,104,80,64,-40
19,65,1365013233574,65,1365013233662,88,480,464,376
19,80,1365013233710,80,1365013233766,56,136,104,48
19,80,1365013233830,80,1365013233950,120,120,184,64
19,65,1365013233950,65,1365013234038,88,120,88,0
19,82,1365013234038,82,1365013234166,128,88,128,0
19,69,1365013234118,69,1365013234214,96,80,48,-48
19,78,1365013234214,78,1365013234334,120,96,120,0
19,84,1365013234318,84,1365013234422,104,104,88,-16
19,76,1365013234410,76,1365013234526,116,92,104,-12
19,89,1365013234542,89,1365013234622,80,132,96,16
19,188,1365013234967,188,1365013235094,127,425,472,345
19,32,1365013235046,32,1365013235142,96,79,48,-48
19,66,1365013235198,66,1365013235294,96,152,152,56
19,69,1365013235414,69,1365013235534,120,216,240,120
19,67,1365013235478,67,1365013235598,120,64,64,-56
19,65,1365013235558,65,1365013235654,96,80,56,-40
19,85,1365013235726,85,1365013235790,64,168,136,72
19,83,1365013235790,83,1365013235886,96,64,96,0
19,69,1365013235814,69,1365013235886,72,24,0,-72
19,32,1365013235878,32,1365013235966,88,64,80,-8
19,32,1365013236102,32,1365013236174,72,224,208,136
19,78,1365013236238,78,1365013236318,80,136,144,64
19,69,1365013236342,69,1365013236390,48,104,72,24
19,69,1365013236470,69,1365013236542,72,128,152,80
19,68,1365013236622,68,1365013236686,64,152,144,80
19,32,1365013236662,32,1365013236734,72,40,48,-24
19,65,1365013236742,65,1365013236846,104,80,112,8
19,32,1365013236846,32,1365013236918,72,104,72,0
19,77,1365013237014,77,1365013237102,88,168,184,96
19,73,1365013237182,73,1365013237278,96,168,176,80
19,78,1365013237230,78,1365013237318,88,48,40,-48
19,84,1365013237502,84,1365013237614,112,272,296,184
19,69,1365013237590,69,1365013237630,40,88,16,-24
19,8,1365013237790,8,1365013237886,96,200,256,160
19,8,1365013237958,8,1365013238046,88,168,160,72
19,85,1365013238158,85,1365013238254,96,200,208,112
19,84,1365013238254,84,1365013238358,104,96,104,0
19,69,1365013238326,69,1365013238390,64,72,32,-32
19,32,1365013238382,32,1365013238446,64,56,56,-8
19,67,1365013238526,67,1365013238606,80,144,160,80
19,72,1365013238574,72,1365013238654,80,48,48,-32
19,65,1365013238726,65,1365013238830,104,152,176,72
19,78,1365013238830,78,1365013238926,96,104,96,0
19,67,1365013238966,67,1365013239086,120,136,160,40
19,69,1365013239022,69,1365013239102,80,56,16,-64
19,32,1365013239086,32,1365013239158,72,64,56,-16
19,84,1365013239262,84,1365013239350,88,176,192,104
19,79,1365013239326,79,1365013239398,72,64,48,-24
19,32,1365013239398,32,1365013239478,80,72,80,0
19,87,1365013239542,87,1365013239598,56,144,120,64
19,73,1365013239638,73,1365013239742,104,96,144,40
19,78,1365013239702,78,1365013239782,80,64,40,-40
19,32,1365013239782,32,1365013239854,72,80,72,0
19,65,1365013239918,65,1365013239998,80,136,144,64
19,32,1365013239998,32,1365013240054,56,80,56,0
19,16,1365013240350,16,1365013240750,400,352,696,296
19,53,1365013240670,53,1365013240766,96,320,16,-80
19,8,1365013241102,8,1365013241222,120,432,456,336
19,16,1365013241334,16,1365013241950,616,232,728,112
19,52,1365013241878,52,1365013241950,72,544,0,-72
19,53,1365013242070,53,1365013242158,88,192,208,120
19,48,1365013242182,48,1365013242261,79,112,103,24
19,32,1365013242278,32,1365013242374,96,96,113,17
19,68,1365013242558,68,1365013242654,96,280,280,184
19,79,1365013242654,79,1365013242717,63,96,63,0
19,76,1365013242878,76,1365013242925,47,224,208,161
19,76,1365013242990,76,1365013243077,87,112,152,65
19,65,1365013243157,65,1365013243230,73,167,153,80
19,82,1365013243230,82,1365013243317,87,73,87,0
19,32,1365013243318,32,1365013243381,63,88,64,1
19,71,1365013243456,71,1365013243550,94,138,169,75
19,73,1365013243550,73,1365013243654,104,94,104,0
19,70,1365013243685,70,1365013243805,120,135,151,31
19,84,1365013243925,84,1365013244037,112,240,232,120
19,32,1365013244117,32,1365013244222,105,192,185,80
19,67,1365013244501,67,1365013244550,49,384,328,279
19,69,1365013244589,69,1365013244693,104,88,143,39
19,82,1365013244670,82,1365013244765,95,81,72,-23
19,84,1365013244869,84,1365013244981,112,199,216,104
19,73,1365013245085,73,1365013245141,56,216,160,104
19,70,1365013245189,70,1365013245277,88,104,136,48
19,73,1365013245245,73,1365013245309,64,56,32,-32
19,67,1365013245373,67,1365013245502,129,128,193,64
19,65,1365013245462,65,1365013245590,128,89,88,-40
19,84,1365013245630,84,1365013245790,160,168,200,40
19,69,1365013245806,69,1365013245902,96,176,112,16
19,32,1365013245958,32,1365013246046,88,152,144,56
19,65,1365013246047,65,1365013246134,87,89,88,1
19,80,1365013246166,80,1365013246222,56,119,88,32
19,80,1365013246302,80,1365013246390,88,136,168,80
19,82,1365013246470,82,1365013246631,161,168,241,80
19,8,1365013246846,8,1365013246918,72,376,287,215
19,65,1365013246966,65,1365013247054,88,120,136,48
19,82,1365013247055,82,1365013247166,111,89,112,1
19,69,1365013247134,69,1365013247238,104,79,72,-32
19,78,1365013247238,78,1365013247358,120,104,120,0
19,84,1365013247326,84,1365013247438,112,88,80,-32
19,76,1365013247439,76,1365013247558,119,113,120,1
19,89,1365013247591,89,1365013247702,111,152,144,33
19,188,1365013247862,188,1365013247974,112,271,272,160
19,32,1365013247942,32,1365013248038,96,80,64,-32
19,79,1365013248134,79,1365013248198,64,192,160,96
19,82,1365013248222,82,1365013248326,104,88,128,24
19,32,1365013248270,32,1365013248350,80,48,24,-56
19,68,1365013248518,68,1365013248606,88,248,256,168
19,79,1365013248607,79,1365013248694,87,89,88,1
19,32,1365013248710,32,1365013248774,64,103,80,16
19,78,1365013249878,78,1365013249958,80,1168,1184,1104
19,79,1365013250030,79,1365013250102,72,152,144,72
19,32,1365013250126,32,1365013250190,64,96,88,24
19,32,1365013250374,32,1365013250462,88,248,272,184
19,65,1365013250758,65,1365013250854,96,384,392,296
19,67,1365013250854,67,1365013250918,64,96,64,0
19,84,1365013251030,84,1365013251110,80,176,192,112
19,85,1365013251110,85,1365013251214,104,80,104,0
19,65,1365013251238,65,1365013251326,88,128,112,24
19,76,1365013251374,76,1365013251438,64,136,112,48
19,76,1365013251510,76,1365013251606,96,136,168,72
19,89,1365013251582,89,1365013251710,128,72,104,-24
19,32,1365013251678,32,1365013251782,104,96,72,-32
19,68,1365013251814,68,1365013251886,72,136,104,32
19,79,1365013251870,79,1365013251990,120,56,104,-16
19,78,1365013251926,78,1365013252038,112,56,48,-64
19,222,1365013252038,222,1365013252166,128,112,128,0
19,84,1365013252166,84,1365013252270,104,128,104,0
19,32,1365013252222,32,1365013252342,120,56,72,-48
19,75,1365013252374,75,1365013252414,40,152,72,32
19,8,1365013252614,8,1365013252719,105,240,305,200
19,79,1365013252862,79,1365013252982,120,248,263,143
19,72,1365013252982,72,1365013253070,88,120,88,0
19,32,1365013253118,32,1365013253230,112,136,160,48
19,87,1365013253326,87,1365013253462,136,208,232,96
19,69,1365013253406,69,1365013253510,104,80,48,-56
19,76,1365013253550,76,1365013253590,40,144,80,40
19,76,1365013253670,76,1365013253750,80,120,160,80
19,32,1365013253790,32,1365013253894,104,120,144,40
19,68,1365013253894,68,1365013253982,88,104,88,0
19,79,1365013253982,79,1365013254134,152,88,152,0
19,73,1365013254022,73,1365013254182,160,40,48,-112
19,78,1365013254094,78,1365013254198,104,72,16,-88
19,71,1365013254182,71,1365013254286,104,88,88,-16
19,32,1365013254286,32,1365013254382,96,104,96,0
19,84,1365013254398,84,1365013254478,80,112,96,16
19,72,1365013254502,72,1365013254582,80,104,104,24
19,73,1365013254558,73,1365013254670,112,56,88,-24
19,83,1365013254670,83,1365013254734,64,112,64,0
19,32,1365013254734,32,1365013254822,88,64,88,0
19,65,1365013254854,65,1365013254926,72,120,104,32
19,78,1365013254958,78,1365013255030,72,104,104,32
19,89,1365013255150,89,1365013255222,72,192,192,120
19,87,1365013255255,87,1365013255350,95,105,128,33
19,65,1365013255326,65,1365013255414,88,71,64,-24
19,89,1365013255382,89,1365013255462,80,56,48,-32
19,32,1365013255542,32,1365013255630,88,160,168,80
19,87,1365013255710,87,1365013255790,80,168,160,80
19,79,1365013255830,79,1365013255910,80,120,120,40
19,85,1365013255894,85,1365013255990,96,64,80,-16
19,76,1365013256022,76,1365013256118,96,128,128,32
19,68,1365013256118,68,1365013256182,64,96,64,0
19,78,1365013256182,78,1365013256302,120,64,120,0
19,222,1365013256278,222,1365013256390,112,96,88,-24
19,84,1365013256334,84,1365013256422,88,56,32,-56
19,32,1365013256422,32,1365013256470,48,88,48,0
19,87,1365013256646,87,1365013256758,112,224,288,176
19,65,1365013256718,65,1365013256814,96,72,56,-40
19,78,1365013256814,78,1365013256918,104,96,104,0
19,84,1365013256918,84,1365013257006,88,104,88,0
19,32,1365013257030,32,1365013257094,64,112,88,24
19,84,1365013257654,84,1365013257758,104,624,664,560
19,79,1365013257758,79,1365013257862,104,104,104,0
19,32,1365013257822,32,1365013257918,96,64,56,-40
19,66,1365013257958,66,1365013258006,48,136,88,40
19,69,1365013258070,69,1365013258158,88,112,152,64
19,32,1365013258158,32,1365013258214,56,88,56,0
19,85,1365013258214,85,1365013258262,48,56,48,0
19,78,1365013258374,78,1365013258422,48,160,160,112
19,72,1365013258518,72,1365013258606,88,144,184,96
19,69,1365013258606,69,1365013258694,88,88,88,0
19,76,1365013258694,76,1365013258798,104,88,104,0
19,80,1365013258750,80,1365013258854,104,56,56,-48
19,70,1365013258894,70,1365013258982,88,144,128,40
19,85,1365013258942,85,1365013259054,112,48,72,-40
19,76,1365013259054,76,1365013259134,80,112,80,0
19,79,1365089701433,79,1365089701505,72,175,16,-56
19,75,1365089701601,75,1365089701721,120,168,216,96
19,32,1365089701722,32,1365089701793,71,121,72,1
19,50,1365089702721,50,1365089702793,72,999,1000,928
19,78,1365089702953,78,1365089703041,88,232,248,160
19,68,1365089703057,68,1365089703137,80,104,96,16
19,32,1365089703169,32,1365089703225,56,112,88,32
19,84,1365089703257,84,1365089703345,88,88,120,32
19,73,1365089703346,73,1365089703465,119,89,120,1
19,77,1365089703409,77,1365089703489,80,63,24,-56
19,69,1365089703466,69,1365089703537,71,57,48,-23
19,32,1365089703513,32,1365089703601,88,47,64,-24
19,84,1365089703641,84,1365089703713,72,128,112,40
19,72,1365089703681,72,1365089703769,88,40,56,-32
19,73,1365089703737,73,1365089703841,104,56,72,-32
19,83,1365089703841,83,1365089703897,56,104,56,0
19,32,1365089703897,32,1365089703969,72,56,72,0
19,87,1365089704025,87,1365089704073,48,128,104,56
19,69,1365089704185,69,1365089704225,40,160,152,112
19,69,1365089704305,69,1365089704353,48,120,128,80
19,75,1365089704353,75,1365089704425,72,48,72,0
19,188,1365089704529,188,1365089704625,96,176,200,104
19,32,1365089704625,32,1365089704697,72,96,72,0
19,87,1365089704729,87,1365089704785,56,104,88,32
19,72,1365089704849,72,1365089704929,80,120,144,64
19,65,1365089704953,65,1365089705017,64,104,88,24
19,84,1365089705017,84,1365089705073,56,64,56,0
19,32,1365089705057,32,1365089705137,80,40,64,-16
19,65,1365089705137,65,1365089705241,104,80,104,0
19,32,1365089705233,32,1365089705305,72,96,64,-8
19,71,1365089705345,71,1365089705401,56,112,96,40
19,82,1365089705497,82,1365089705593,96,152,192,96
19,69,1365089705537,69,1365089705657,120,40,64,-56
19,65,1365089705657,65,1365089705729,72,120,72,0
19,84,1365089705729,84,1365089705809,80,72,80,0
19,32,1365089705809,32,1365089705903,94,80,94,0
19,85,1365089705961,85,1365089706057,96,152,154,58
19,69,1365089706113,69,1365089706209,96,152,152,56
19,83,1365089706114,83,1365089706209,95,1,0,-95
19,32,1365089706209,32,1365089706297,88,95,88,0
19,79,1365089706329,79,1365089706409,80,120,112,32
19,70,1365089706393,70,1365089706481,88,64,72,-16
19,32,1365089706449,32,1365089706513,64,56,32,-32
19,84,1365089706569,84,1365089706641,72,120,128,56
19,8,1365089706929,8,1365089707009,80,360,368,288
19,77,1365089707113,77,1365089707209,96,184,200,104
19,89,1365089707345,89,1365089707433,88,232,224,136
19,32,1365089707449,32,1365089707521,72,104,88,16
19,84,1365089707603,84,1365089707673,70,154,152,82
19,73,1365089707705,73,1365089707793,88,102,120,32
19,77,1365089707793,77,1365089707873,80,88,80,0
19,69,1365089707922,69,1365089708001,79,129,128,49
19,190,1365089708001,190,1365089708113,112,79,112,0
19,32,1365089708057,32,1365089708137,80,56,24,-56
19,32,1365089708457,32,1365089708537,80,400,400,320
19,87,1365089708585,87,1365089708666,81,128,129,48
19,65,1365089708666,65,1365089708785,119,81,119,0
19,83,1365089708761,83,1365089708841,80,95,56,-24
19,78,1365089708825,78,1365089708922,97,64,81,-16
19,222,1365089708922,222,1365089709041,119,97,119,0
19,84,1365089709009,84,1365089709081,72,87,40,-32
19,32,1365089709081,32,1365089709162,81,72,81,0
19,69,1365089709193,69,1365089709265,72,112,103,31
19,86,1365089709345,86,1365089709401,56,152,136,80
19,69,1365089709449,69,1365089709585,136,104,184,48
19,78,1365089709745,78,1365089709865,120,296,280,160
19,32,1365089709889,32,1365089709977,88,144,112,24
19,71,1365089710081,71,1365089710153,72,192,176,104
19,79,1365089710129,79,1365089710273,144,48,120,-24
19,73,1365089710209,73,1365089710377,168,80,104,-64
19,78,1365089710249,78,1365089710377,128,40,0,-128
19,71,1365089710377,71,1365089710465,88,128,88,0
19,32,1365089710409,32,1365089710617,208,32,152,-56
19,84,1365089710697,84,1365089710793,96,288,176,80
19,79,1365089710761,79,1365089710849,88,64,56,-32
19,32,1365089710881,32,1365089710969,88,120,120,32
19,67,1365089711041,67,1365089711129,88,160,160,72
19,79,1365089711105,79,1365089711209,104,64,80,-24
19,77,1365089711153,77,1365089711265,112,48,56,-56
19,69,1365089711305,69,1365089711377,72,152,112,40
19,32,1365089711329,32,1365089711449,120,24,72,-48
19,73,1365089711449,73,1365089711561,112,120,112,0
19,78,1365089711521,78,1365089711617,96,72,56,-40
19,32,1365089711601,32,1365089711681,80,80,64,-16
19,84,1365089711737,84,1365089711817,80,136,136,56
19,79,1365089711817,79,1365089711905,88,80,88,0
19,68,1365089711929,68,1365089712017,88,112,112,24
19,65,1365089712017,65,1365089712089,72,88,72,0
19,89,1365089712113,89,1365089712185,72,96,96,24
19,16,1365089712249,16,1365089712617,368,136,432,64
19,32,1365089712665,32,1365089712721,56,416,104,48
19,16,1365089712937,16,1365089713025,88,272,304,216
19,8,1365089713081,8,1365089713201,120,144,176,56
19,32,1365089713449,32,1365089713537,88,368,336,248
19,79,1365089713609,79,1365089713713,104,160,176,72
19,72,1365089713721,72,1365089713801,80,112,88,8
19,32,1365089713777,32,1365089713881,104,56,80,-24
19,65,1365089713953,65,1365089713969,16,176,88,72
19,87,1365089714257,87,1365089714281,24,304,312,288
19,8,1365089714433,8,1365089714513,80,176,232,152
19,8,1365089714585,8,1365089714667,82,152,154,72
19,87,1365089714721,87,1365089714833,112,136,166,54
19,69,1365089714753,69,1365089714849,96,32,16,-80
19,76,1365089714897,76,1365089714961,64,144,112,48
19,76,1365089715033,76,1365089715089,56,136,128,72
19,190,1365089715193,190,1365089715281,88,160,192,104
19,72,1365089715465,72,1365089715553,88,272,272,184
19,69,1365089715657,69,1365089715729,72,192,176,104
19,82,1365089715769,82,1365089715889,120,112,160,40
19,69,1365089715833,69,1365089715905,72,64,16,-56
19,32,1365089715969,32,1365089716033,64,136,128,64
19,87,1365089716153,87,1365089716241,88,184,208,120
19,69,1365089716361,69,1365089716441,80,208,200,120
19,32,1365089716465,32,1365089716553,88,104,112,24
19,65,1365089716553,65,1365089716633,80,88,80,0
19,82,1365089716681,82,1365089716825,144,128,192,48
19,69,1365089716769,69,1365089716880,111,88,55,-56
19,190,1365089716977,190,1365089717112,135,208,232,97
19,32,1365089717041,32,1365089717128,87,64,16,-71
19,16,1365089717297,16,1365089717560,263,256,432,169
19,79,1365089717505,79,1365089717600,95,208,40,-55
19,72,1365089717673,72,1365089717760,87,168,160,73
19,32,1365089717745,32,1365089717872,127,72,112,-15
19,76,1365089717936,76,1365089718017,81,191,145,64
19,79,1365089718145,79,1365089718184,39,209,167,128
19,79,1365089718257,79,1365089718361,104,112,177,73
19,75,1365089718330,75,1365089718433,103,73,72,-31
19,32,1365089718514,32,1365089718594,80,184,161,81
19,83,1365089718657,83,1365089718721,64,143,127,63
19,79,1365089718753,79,1365089718874,121,96,153,32
19,77,1365089718841,77,1365089718962,121,88,88,-33
19,69,1365089718874,69,1365089718962,88,33,0,-88
19,32,1365089718985,32,1365089719049,64,111,87,23
19,84,1365089719145,84,1365089719257,112,160,208,96
19,69,1365089719225,69,1365089719353,128,80,96,-32
19,88,1365089719497,88,1365089719593,96,272,240,144
19,84,1365089719609,84,1365089719729,120,112,136,16
19,32,1365089719713,32,1365089719801,88,104,72,-16
19,79,1365089719802,79,1365089719905,103,89,104,1
19,78,1365089719849,78,1365089719945,96,47,40,-56
19,32,1365089719929,32,1365089719969,40,80,24,-16
19,84,1365089720001,84,1365089720093,92,72,124,32
19,72,1365089720093,72,1365089720193,100,92,100,0
19,69,1365089720161,69,1365089720225,64,68,32,-32
19,32,1365089720225,32,1365089720273,48,64,48,0
19,66,1365089720377,66,1365089720450,73,152,177,104
19,65,1365089720482,65,1365089720577,95,105,127,32
19,67,1365089720617,67,1365089720689,72,135,112,40
19,75,1365089720721,75,1365089720801,80,104,112,32
19,71,1365089720833,71,1365089720929,96,112,128,32
19,79,1365089721033,79,1365089721129,96,200,200,104
19,82,1365089721035,82,1365089721130,95,2,1,-94
19,85,1365089721130,85,1365089721209,79,95,79,0
19,78,1365089721321,78,1365089721425,104,191,216,112
19,8,1365089721929,8,1365089721985,56,608,560,504
19,8,1365089722073,8,1365089722145,72,144,160,88
19,8,1365089722209,8,1365089722257,48,136,112,64
19,8,1365089722353,8,1365089722401,48,144,144,96
19,82,1365089722585,82,1365089722681,96,232,280,184
19,79,1365089722721,79,1365089722849,128,136,168,40
19,85,1365089722801,85,1365089722873,72,80,24,-48
19,78,1365089722977,78,1365089723049,72,176,176,104
19,68,1365089723057,68,1365089723129,72,80,80,8
19,32,1365089723129,32,1365089723193,64,72,64,0
19,77,1365089723217,77,1365089723313,96,88,120,24
19,65,1365089723338,65,1365089723417,79,121,104,25
19,89,1365089723441,89,1365089723537,96,103,120,24
19,66,1365089723577,66,1365089723649,72,136,112,40
19,69,1365089723721,69,1365089723801,80,144,152,72
19,32,1365089723801,32,1365089723873,72,80,72,0
19,16,1365089723873,16,1365089723977,104,72,104,0
19,73,1365089723921,73,1365089724001,80,48,24,-56
19,222,1365089724113,222,1365089724185,72,192,184,112
19,76,1365089724305,76,1365089724361,56,192,176,120
19,76,1365089724433,76,1365089724530,97,128,169,72
19,32,1365089724530,32,1365089724633,103,97,103,0
19,84,1365089724617,84,1365089724729,112,87,96,-16
19,89,1365089724697,89,1365089724865,168,80,136,-32
19,80,1365089724817,80,1365089724937,120,120,72,-48
19,69,1365089724985,69,1365089725089,104,168,152,48
19,32,1365089725089,32,1365089725169,80,104,80,0
19,84,1365089725409,84,1365089725513,104,320,344,240
19,72,1365089725513,72,1365089725603,90,104,90,0
19,65,1365089725609,65,1365089725689,80,96,86,6
19,84,1365089725657,84,1365089725777,120,48,88,-32
19,190,1365089725825,190,1365089725930,105,168,153,48
19,32,1365089725889,32,1365089726001,112,64,71,-41
19,69,1365089726537,69,1365089726609,72,648,608,536
19,78,1365089726609,78,1365089726681,72,72,72,0
19,79,1365089726833,79,1365089726921,88,224,240,152
19,32,1365089726969,32,1365089727057,88,136,136,48
19,72,1365089727089,72,1365089727185,96,120,128,32
19,65,1365089727185,65,1365089727281,96,96,96,0
19,83,1365089727282,83,1365089727337,55,97,56,1
19,32,1365089727337,32,1365089727409,72,55,72,0
19,72,1365089727601,72,1365089727705,104,264,296,192
19,79,1365089727681,79,1365089727785,104,80,80,-24
19,83,1365089727761,83,1365089727849,88,80,64,-24
19,84,1365089727849,84,1365089727961,112,88,112,0
19,69,1365089727945,69,1365089728017,72,96,56,-16
19,68,1365089728073,68,1365089728169,96,128,152,56
19,32,1365089728137,32,1365089728233,96,64,64,-32
19,84,1365089728273,84,1365089728377,104,136,144,40
19,72,1365089728329,72,1365089728433,104,56,56,-48
19,69,1365089728473,69,1365089728553,80,144,120,40
19,32,1365089728553,32,1365089728625,72,80,72,0
19,83,1365089728649,83,1365089728713,64,96,88,24
19,72,1365089728713,72,1365089728841,128,64,128,0
19,79,1365089728793,79,1365089728865,72,80,24,-48
19,87,1365089729065,87,1365089729129,64,272,264,200
19,32,1365089729161,32,1365089729241,80,96,112,32
19,83,1365089729313,83,1365089729417,104,152,176,72
19,73,1365089729441,73,1365089729569,128,128,152,24
19,78,1365089729505,78,1365089729593,88,64,24,-64
19,67,1365089729569,67,1365089729681,112,64,88,-24
19,69,1365089729617,69,1365089729745,128,48,64,-64
19,32,1365089729721,32,1365089729809,88,104,64,-24
19,49,1365089730033,49,1365089730113,80,312,304,224
19,57,1365089730201,57,1365089730249,48,168,136,88
19,57,1365089730329,57,1365089730409,80,128,160,80
19,50,1365089730497,50,1365089730601,104,168,192,88
19,190,1365089730657,190,1365089730809,152,160,208,56
19,32,1365089730769,32,1365089730865,96,112,56,-40
19,16,1365089730929,16,1365089731033,104,160,168,64
19,8,1365089731233,8,1365089731297,64,304,264,200
19,8,1365089731377,8,1365089731449,72,144,152,80
19,188,1365089731585,188,1365089731721,136,208,272,136
19,32,1365089731673,32,1365089731777,104,88,56,-48
19,87,1365089731921,87,1365089731993,72,248,216,144
19,73,1365089732033,73,1365089732121,88,112,128,40
19,84,1365089732161,84,1365089732258,97,128,137,40
19,72,1365089732233,72,1365089732313,80,72,55,-25
19,32,1365089732313,32,1365089732401,88,80,88,0
19,79,1365089732417,79,1365089732513,96,104,112,16
19,78,1365089732513,78,1365089732617,104,96,104,0
19,76,1365089732617,76,1365089732793,176,104,176,0
19,89,1365089732809,89,1365089732921,112,192,128,16
19,32,1365089733313,32,1365089733409,96,504,488,392
19,65,1365089733481,65,1365089733561,80,168,152,72
19,32,1365089733585,32,1365089733673,88,104,112,24
19,66,1365089733929,66,1365089734008,79,344,335,256
19,82,1365089734113,82,1365089734186,73,184,178,105
19,73,1365089734217,73,1365089734337,120,104,151,31
19,69,1365089734321,69,1365089734417,96,104,80,-16
19,70,1365089734441,70,1365089734561,120,120,144,24
19,32,1365089734561,32,1365089734640,79,120,79,0
19,73,1365089734673,73,1365089734777,104,112,137,33
19,78,1365089734745,78,1365089734825,80,72,48,-32
19,84,1365089734825,84,1365089734929,104,80,104,0
19,69,1365089734977,69,1365089735073,96,152,144,48
19,82,1365089735153,82,1365089735200,47,176,127,80
19,82,1365089735257,82,1365089735345,88,104,145,57
19,85,1365089735329,85,1365089735448,119,72,103,-16
19,80,1365089735409,80,1365089735520,111,80,72,-39
19,84,1365089735545,84,1365089735656,111,136,136,25
19,73,1365089735632,73,1365089735785,153,87,129,-24
19,79,1365089735720,79,1365089735825,105,88,40,-65
19,78,1365089735769,78,1365089735897,128,49,72,-56
19,32,1365089735857,32,1365089735953,96,88,56,-40
19,87,1365089736097,87,1365089736161,64,240,208,144
19,72,1365089736185,72,1365089736257,72,88,96,24
19,69,1365089736274,69,1365089736377,103,89,120,17
19,78,1365089736409,78,1365089736506,97,135,129,32
19,32,1365089736506,32,1365089736594,88,97,88,0
19,16,1365089736697,16,1365089736825,128,191,231,103
19,67,1365089736809,67,1365089736897,88,112,72,-16
19,79,1365089736937,79,1365089737033,96,128,136,40
19,78,1365089737002,78,1365089737097,95,65,64,-31
19,65,1365089737121,65,1365089737209,88,119,112,24
19,78,1365089737249,78,1365089737346,97,128,137,40
19,32,1365089737425,32,1365089737513,88,176,167,79
19,16,1365089737545,16,1365089737778,233,120,265,32
19,79,1365089737682,79,1365089737778,96,137,0,-96
19,222,1365089737905,222,1365089738001,96,223,223,127
19,16,1365089738098,16,1365089738329,231,193,328,97
19,66,1365089738265,66,1365089738329,64,167,0,-64
19,82,1365089738465,82,1365089738545,80,200,216,136
19,73,1365089738593,73,1365089738681,88,128,136,48
19,69,1365089738930,69,1365089739001,71,337,320,249
19,78,1365089739033,78,1365089739121,88,103,120,32
19,32,1365089739121,32,1365089739185,64,88,64,0
19,72,1365089739241,72,1365089739337,96,120,152,56
19,79,1365089739322,79,1365089739441,119,81,104,-15
19,83,1365089739417,83,1365089739489,72,95,48,-24
19,84,1365089739490,84,1365089739617,127,73,128,1
19,69,1365089739585,69,1365089739681,96,95,64,-32
19,68,1365089739769,68,1365089739881,112,184,200,88
19,190,1365089740441,190,1365089740545,104,672,664,560
19,32,1365089740569,32,1365089740689,120,128,144,24
19,16,1365089740689,16,1365089740921,232,120,232,0
19,67,1365089740849,67,1365089740945,96,160,24,-72
19,8,1365089741225,8,1365089741321,96,376,376,280
19,79,1365089741841,79,1365089741929,88,616,608,520
19,78,1365089741889,78,1365089742001,112,48,72,-40
19,84,1365089742001,84,1365089742073,72,112,72,0
19,8,1365089742297,8,1365089742385,88,296,312,224
19,71,1365089742385,71,1365089742457,72,88,72,0
19,82,1365089742545,82,1365089742617,72,160,160,88
19,65,1365089742601,65,1365089742705,104,56,88,-16
19,84,1365089742777,84,1365089742857,80,176,152,72
19,85,1365089742881,85,1365089742953,72,104,96,24
19,76,1365089743041,76,1365089743121,80,160,168,88
19,65,1365089743122,65,1365089743177,55,81,56,1
19,84,1365089743178,84,1365089743265,87,56,88,1
19,73,1365089743265,73,1365089743409,144,87,144,0
19,79,1365089743321,79,1365089743441,120,56,32,-88
19,78,1365089743377,78,1365089743497,120,56,56,-64
19,83,1365089743465,83,1365089743577,112,88,80,-32
19,32,1365089743577,32,1365089743657,80,112,80,0
19,16,1365089743625,16,1365089743897,272,48,240,-32
19,74,1365089743793,74,1365089743897,104,168,0,-104
19,73,1365089744017,73,1365089744073,56,224,176,120
19,77,1365089744233,77,1365089744297,64,216,224,160
19,77,1365089744369,77,1365089744441,72,136,144,72
19,89,1365089744625,89,1365089744713,88,256,272,184
19,188,1365089744985,188,1365089745065,80,360,352,272
19,16,1365089745873,16,1365089745937,64,888,872,808
19,83,1365089746145,83,1365089746265,120,272,328,208
19,65,1365089746241,65,1365089746321,80,96,56,-24
19,73,1365089746377,73,1365089746473,96,136,152,56
19,68,1365089746473,68,1365089746569,96,96,96,0
19,32,1365089746537,32,1365089746609,72,64,40,-32
19,16,1365089746569,16,1365089746729,160,32,120,-40
19,76,1365089746681,76,1365089746753,72,112,24,-48
19,69,1365089746857,69,1365089746929,72,176,176,104
19,78,1365089747177,78,1365089747289,112,320,360,248
19,79,1365089747289,79,1365089747385,96,112,96,0
19,32,1365089747457,32,1365089747497,40,168,112,72
19,8,1365089747729,8,1365089747809,80,272,312,232
19,190,1365089747969,190,1365089748081,112,240,272,160
19,32,1365089748113,32,1365089748177,64,144,96,32
19,32,1365089748745,32,1365089748817,72,632,640,568
19,72,1365089748889,72,1365089748993,104,144,176,72
19,79,1365089748993,79,1365089749121,128,104,128,0
19,80,1365089749105,80,1365089749201,96,112,80,-16
19,69,1365089749233,69,1365089749305,72,128,104,32
19,32,1365089749305,32,1365089749393,88,72,88,0
19,89,1365089749409,89,1365089749506,97,104,113,16
19,79,1365089749569,79,1365089749673,104,160,167,63
19,85,1365089749641,85,1365089749729,88,72,56,-32
19,222,1365089749793,222,1365089749945,152,152,216,64
19,82,1365089750073,82,1365089750225,152,280,280,128
19,69,1365089750145,69,1365089750249,104,72,24,-80
19,32,1365089750225,32,1365089750313,88,80,64,-24
19,65,1365089750313,65,1365089750417,104,88,104,0
19,83,1365089750393,83,1365089750481,88,80,64,-24
19,32,1365089750481,32,1365089750569,88,88,88,0
19,76,1365089750633,76,1365089750745,112,152,176,64
19,85,1365089750745,85,1365089750857,112,112,112,0
19,67,1365089750857,67,1365089750969,112,112,112,0
19,75,1365089750945,75,1365089751049,104,88,80,-24
19,32,1365089751177,32,1365089751289,112,232,240,128
19,8,1365089751489,8,1365089751569,80,312,280,200
19,89,1365089751697,89,1365089751801,104,208,232,128
19,32,1365089751801,32,1365089751896,95,104,95,0
19,65,1365089751945,65,1365089752089,144,144,193,49
19,83,1365089752024,83,1365089752113,89,79,24,-65
19,32,1365089752089,32,1365089752185,96,65,72,-24
19,77,1365089752265,77,1365089752345,80,176,160,80
19,69,1365089752425,69,1365089752529,104,160,184,80
19,32,1365089752529,32,1365089752608,79,104,79,0
19,65,1365089752680,65,1365089752776,96,151,168,72
19,78,1365089752760,78,1365089752856,96,80,80,-16
19,68,1365089752881,68,1365089752976,95,121,120,25
19,32,1365089752920,32,1365089753033,113,39,57,-56
19,72,1365089753033,72,1365089753128,95,113,95,0
19,79,1365089753104,79,1365089753176,72,71,48,-24
19,76,1365089753273,76,1365089753362,89,169,186,97
19,68,1365089753362,68,1365089753441,79,89,79,0
19,32,1365089753418,32,1365089753490,72,56,49,-23
19,79,1365089753506,79,1365089753609,103,88,119,16
19,78,1365089753585,78,1365089753705,120,79,96,-24
19,32,1365089753706,32,1365089753769,63,121,64,1
19,84,1365089753801,84,1365089753890,89,95,121,32
19,79,1365089753890,79,1365089753977,87,89,87,0
19,32,1365089753953,32,1365089754009,56,63,32,-24
19,84,1365089754041,84,1365089754113,72,88,104,32
19,72,1365089754114,72,1365089754201,87,73,88,1
19,69,1365089754177,69,1365089754257,80,63,56,-24
19,32,1365089754233,32,1365089754305,72,56,48,-24
19,74,1365089754506,74,1365089754609,103,273,304,201
19,79,1365089754585,79,1365089754689,104,79,80,-24
19,66,1365089754705,66,1365089754793,88,120,104,16
19,32,1365089754794,32,1365089754874,80,89,81,1
19,85,1365089754913,85,1365089755001,88,119,127,39
19,78,1365089755113,78,1365089755201,88,200,200,112
19,84,1365089755249,84,1365089755329,80,136,128,48
19,73,1365089755385,73,1365089755529,144,136,200,56
19,76,1365089755457,76,1365089755601,144,72,72,-72
19,32,1365089755777,32,1365089755881,104,320,280,176
19,89,1365089755905,89,1365089755993,88,128,112,24
19,79,1365089756066,79,1365089756178,112,161,185,73
19,85,1365089756146,85,1365089756233,87,80,55,-32
19,222,1365089756273,222,1365089756385,112,127,152,40
19,82,1365089756386,82,1365089756481,95,113,96,1
19,69,1365089756433,69,1365089756529,96,47,48,-48
19,32,1365089756497,32,1365089756593,96,64,64,-32
19,84,1365089756577,84,1365089756665,88,80,72,-16
19,72,1365089756641,72,1365089756745,104,64,80,-24
19,69,1365089756713,69,1365089756785,72,72,40,-32
19,32,1365089756785,32,1365089756833,48,72,48,0
19,79,1365089756865,79,1365089756946,81,80,113,32
19,76,1365089757034,76,1365089757154,120,169,208,88
19,68,1365089757106,68,1365089757185,79,72,31,-48
19,32,1365089757154,32,1365089757225,71,48,40,-31
19,71,1365089757290,71,1365089757409,119,136,184,65
19,85,1365089757330,85,1365089757409,79,40,0,-79
19,89,1365089757505,89,1365089757585,80,175,176,96
19,71,1365089758697,71,1365089758769,72,1192,1184,1112
19,82,1365089758945,82,1365089759073,128,248,304,176
19,69,1365089759017,69,1365089759121,104,72,48,-56
19,84,1365089759186,84,1365089759297,111,169,176,65
19,8,1365089759761,8,1365089759801,40,575,504,464
19,65,1365089759937,65,1365089760025,88,176,224,136
19,84,1365089760025,84,1365089760113,88,88,88,0
19,32,1365089760089,32,1365089760185,96,64,72,-24
19,87,1365089760289,87,1365089760369,80,200,184,104
19,72,1365089760369,72,1365089760457,88,80,88,0
19,65,1365089760482,65,1365089760553,71,113,96,25
19,84,1365089760554,84,1365089760633,79,72,80,1
19,190,1365089761209,190,1365089761297,88,655,664,576
19,32,1365089761297,32,1365089761393,96,88,96,0
19,79,1365166456517,79,1365166456637,120,120,0,-120
19,75,1365166456973,75,1365166457068,95,456,431,336
19,32,1365166457276,32,1365166457364,88,303,296,208
19,72,1365166457436,72,1365166457524,88,160,160,72
19,69,1365166457564,69,1365166457652,88,128,128,40
19,82,1365166457732,82,1365166457844,112,168,192,80
19,69,1365166457796,69,1365166457901,105,64,57,-48
19,32,1365166457924,32,1365166458036,112,128,135,23
19,87,1365166458164,87,1365166458269,105,240,233,128
19,69,1365166458228,69,1365166458316,88,64,47,-41
19,32,1365166458316,32,1365166458396,80,88,80,0
19,71,1365166458453,71,1365166458508,55,137,112,57
19,79,1365166458532,79,1365166458612,80,79,104,24
19,188,1365166458724,188,1365166458820,96,192,208,112
19,32,1365166458821,32,1365166458908,87,97,88,1
19,84,1365166458916,84,1365166459020,104,95,112,8
19,72,1365166459021,72,1365166459108,87,105,88,1
19,73,1365166459076,73,1365166459164,88,55,56,-32
19,82,1365166459165,82,1365166459276,111,89,112,1
19,68,1365166459236,68,1365166459332,96,71,56,-40
19,32,1365166459333,32,1365166459404,71,97,72,1
19,84,1365166459436,84,1365166459500,64,103,96,32
19,73,1365166459620,73,1365166459748,128,184,248,120
19,77,1365166459684,77,1365166459820,136,64,72,-64
19,69,1365166459796,69,1365166459893,97,112,73,-24
19,32,1365166459861,32,1365166459941,80,65,48,-32
19,84,1365166459980,84,1365166460060,80,119,119,39
19,72,1365166460020,72,1365166460133,113,40,73,-40
19,73,1365166460084,73,1365166460172,88,64,39,-49
19,83,1365166460180,83,1365166460236,56,96,64,8
19,32,1365166460220,32,1365166460300,80,40,64,-16
19,87,1365166460364,87,1365166460444,80,144,144,64
19,69,1365166460548,69,1365166460604,56,184,160,104
19,69,1365166460700,69,1365166460772,72,152,168,96
19,75,1365166460764,75,1365166460820,56,64,48,-8
19,188,1365166460948,188,1365166461029,81,184,209,128
19,32,1365166461004,32,1365166461092,88,56,63,-25
19,77,1365166461140,77,1365166461252,112,136,160,48
19,65,1365166461356,65,1365166461420,64,216,168,104
19,89,1365166461388,89,1365166461476,88,32,56,-32
19,32,1365166461596,32,1365166461692,96,208,216,120
19,72,1365166461652,72,1365166461732,80,56,40,-40
19,65,1365166461780,65,1365166461908,128,128,176,48
19,86,1365166461908,86,1365166461932,24,128,24,0
19,69,1365166462004,69,1365166462092,88,96,160,72
19,32,1365166462220,32,1365166462316,96,216,224,128
19,74,1365166462396,74,1365166462468,72,176,152,80
19,85,1365166462572,85,1365166462668,96,176,200,104
19,83,1365166462668,83,1365166462788,120,96,120,0
19,84,1365166462724,84,1365166462812,88,56,24,-64
19,32,1365166462788,32,1365166462876,88,64,64,-24
19,67,1365166462948,67,1365166463012,64,160,136,72
19,82,1365166463108,82,1365166463252,144,160,240,96
19,69,1365166463188,69,1365166463300,112,80,48,-64
19,65,1365166463252,65,1365166463348,96,64,48,-48
19,84,1365166463364,84,1365166463468,104,112,120,16
19,69,1365166463428,69,1365166463516,88,64,48,-40
19,68,1365166463588,68,1365166463716,128,160,200,72
19,32,1365166463716,32,1365166463812,96,128,96,0
19,83,1365166464004,83,1365166464068,64,288,256,192
19,79,1365166464116,79,1365166464236,120,112,168,48
19,77,1365166464188,77,1365166464276,88,72,40,-48
19,69,1365166464221,69,1365166464340,119,33,64,-55
19,32,1365166464356,32,1365166464420,64,135,80,16
19,83,1365166464460,83,1365166464516,56,104,96,40
19,85,1365166464588,85,1365166464628,40,128,112,72
19,8,1365166464900,8,1365166464996,96,312,368,272
19,80,1365166465156,80,1365166465284,128,256,288,160
19,85,1365166465260,85,1365166465340,80,104,56,-24
19,82,1365166465380,82,1365166465444,64,120,104,40
19,73,1365166465460,73,1365166465533,73,80,89,16
19,79,1365166465636,79,1365166465756,120,176,223,103
19,85,1365166465732,85,1365166465828,96,96,72,-24
19,83,1365166465812,83,1365166465900,88,80,72,-16
19,32,1365166465876,32,1365166465988,112,64,88,-24
19,83,1365166465996,83,1365166466052,56,120,64,8
19,69,1365166466124,69,1365166466196,72,128,144,72
19,83,1365166466292,83,1365166466364,72,168,168,96
19,83,1365166466444,83,1365166466532,88,152,168,80
19,73,1365166466580,73,1365166466756,176,136,224,48
19,79,1365166466668,79,1365166466788,120,88,32,-88
19,78,1365166466724,78,1365166466812,88,56,24,-64
19,83,1365166466813,83,1365166466900,87,89,88,1
19,32,1365166466901,32,1365166466980,79,88,80,1
19,79,1365166466980,79,1365166467084,104,79,104,0
19,78,1365166467052,78,1365166467148,96,72,64,-32
19,32,1365166467116,32,1365166467172,56,64,24,-32
19,84,1365166467260,84,1365166467340,80,144,168,88
19,72,1365166467340,72,1365166467420,80,80,80,0
19,73,1365166467396,73,1365166467492,96,56,72,-24
19,83,1365166467492,83,1365166467548,56,96,56,0
19,32,1365166467548,32,1365166467620,72,56,72,0
19,84,1365166467676,84,1365166467772,96,128,152,56
19,72,1365166467732,72,1365166467820,88,56,48,-40
19,73,1365166467821,73,1365166467908,87,89,88,1
19,78,1365166467940,78,1365166468028,88,119,120,32
19,71,1365166468028,71,1365166468124,96,88,96,0
19,188,1365166468164,188,1365166468268,104,136,144,40
19,32,1365166468324,32,1365166468428,104,160,160,56
19,87,1365166468508,87,1365166468572,64,184,144,80
19,72,1365166468604,72,1365166468716,112,96,144,32
19,79,1365166468668,79,1365166468756,88,64,40,-48
19,32,1365166468916,32,1365166469004,88,248,248,160
19,75,1365166469196,75,1365166469300,104,280,296,192
19,79,1365166469356,79,1365166469436,80,160,136,56
19,78,1365166469357,78,1365166469460,103,1,24,-79
19,87,1365166469500,87,1365166469580,80,143,120,40
19,83,1365166469684,83,1365166469812,128,184,232,104
19,190,1365166469780,190,1365166469924,144,96,112,-32
19,32,1365166469828,32,1365166469924,96,48,0,-96
19,16,1365166469924,16,1365166470132,208,96,208,0
19,8,1365166470300,8,1365166470356,56,376,224,168
19,8,1365166470452,8,1365166470524,72,152,168,96
19,8,1365166470612,8,1365166470668,56,160,144,88
19,8,1365166470756,8,1365166470820,64,144,152,88
19,8,1365166470908,8,1365166470965,57,152,145,88
19,8,1365166471045,8,1365166471109,64,137,144,80
19,78,1365166471349,78,1365166471461,112,304,352,240
19,79,1365166471445,79,1365166471533,88,96,72,-16
19,87,1365166471581,87,1365166471646,65,136,113,48
19,83,1365166471741,83,1365166471853,112,160,207,95
19,190,1365166471845,190,1365166471957,112,104,104,-8
19,87,1365166472661,87,1365166472733,72,816,776,704
19,72,1365166472789,72,1365166472885,96,128,152,56
19,65,1365166472861,65,1365166472949,88,72,64,-24
19,84,1365166472949,84,1365166473045,96,88,96,0
19,69,1365166473045,69,1365166473149,104,96,104,0
19,86,1365166473213,86,1365166473286,73,168,137,64
19,69,1365166473325,69,1365166473437,112,112,151,39
19,82,1365166473405,82,1365166473501,96,80,64,-32
19,188,1365166473477,188,1365166473588,111,72,87,-24
19,32,1365166473581,32,1365166473652,71,104,64,-7
19,68,1365166473717,68,1365166473796,79,136,144,65
19,79,1365166473861,79,1365166473988,127,144,192,65
19,78,1365166473957,78,1365166474069,112,96,81,-31
19,222,1365166474069,222,1365166474173,104,112,104,0
19,84,1365166474173,84,1365166474260,87,104,87,0
19,32,1365166474236,32,1365166474340,104,63,80,-24
19,78,1365166474404,78,1365166474493,89,168,153,64
19,69,1365166474493,69,1365166474588,95,89,95,0
19,67,1365166474644,67,1365166474780,136,151,192,56
19,69,1365166474740,69,1365166474796,56,96,16,-40
19,83,1365166474900,83,1365166474956,56,160,160,104
19,83,1365166475036,83,1365166475180,144,136,224,80
19,65,1365166475116,65,1365166475220,104,80,40,-64
19,82,1365166475221,82,1365166475317,96,105,97,1
19,73,1365166475357,73,1365166475500,143,136,183,40
19,76,1365166475420,76,1365166475572,152,63,72,-80
19,89,1365166475516,89,1365166475604,88,96,32,-56
19,32,1365166475605,32,1365166475676,71,89,72,1
19,67,1365166475748,67,1365166475844,96,143,168,72
19,65,1365166475828,65,1365166475924,96,80,80,-16
19,82,1365166475972,82,1365166476092,120,144,168,48
19,69,1365166476036,69,1365166476132,96,64,40,-56
19,32,1365166476124,32,1365166476196,72,88,64,-8
19,84,1365166476228,84,1365166476300,72,104,104,32
19,79,1365166476364,79,1365166476420,56,136,120,64
19,79,1365166476492,79,1365166476580,88,128,160,72
19,32,1365166476604,32,1365166476692,88,112,112,24
19,77,1365166476676,77,1365166476772,96,72,80,-16
19,85,1365166476884,85,1365166476948,64,208,176,112
19,67,1365166476980,67,1365166477093,113,96,145,32
19,72,1365166477085,72,1365166477172,87,105,79,-8
19,32,1365166477140,32,1365166477220,80,55,48,-32
19,65,1365166477252,65,1365166477372,120,112,152,32
19,66,1365166477388,66,1365166477445,57,136,73,16
19,79,1365166477469,79,1365166477596,127,81,151,24
19,85,1365166477533,85,1365166477636,103,64,40,-63
19,84,1365166477596,84,1365166477700,104,63,64,-40
19,32,1365166477700,32,1365166477772,72,104,72,0
19,84,1365166477796,84,1365166477876,80,96,104,24
19,72,1365166477948,72,1365166478020,72,152,144,72
19,65,1365166478020,65,1365166478116,96,72,96,0
19,84,1365166478140,84,1365166478220,80,120,104,24
19,190,1365166478372,190,1365166478500,128,232,280,152
19,32,1365166478500,32,1365166478540,40,128,40,0
19,65,1365166480012,65,1365166480100,88,1512,1560,1472
19,78,1365166480188,78,1365166480268,80,176,168,88
19,89,1365166480404,89,1365166480476,72,216,208,136
19,87,1365166480524,87,1365166480620,96,120,144,48
19,65,1365166480620,65,1365166480748,128,96,128,0
19,89,1365166480716,89,1365166480780,64,96,32,-32
19,32,1365166480844,32,1365166480940,96,128,160,64
19,87,1365166481108,87,1365166481204,96,264,264,168
19,8,1365166481516,8,1365166481580,64,408,376,312
19,83,1365166481612,83,1365166481684,72,96,104,32
19,84,1365166481647,84,1365166481740,93,35,56,-37
19,73,1365166481774,73,1365166481844,70,127,104,34
19,76,1365166481988,76,1365166482028,40,214,184,144
19,76,1365166482116,76,1365166482172,56,128,144,88
19,32,1365166482220,32,1365166482284,64,104,112,48
19,72,1365166482324,72,1365166482412,88,104,128,40
19,65,1365166482364,65,1365166482452,88,40,40,-48
19,86,1365166482452,86,1365166482524,72,88,72,0
19,69,1365166482548,69,1365166482652,104,96,128,24
19,32,1365166482628,32,1365166482684,56,80,32,-24
19,84,1365166482740,84,1365166482804,64,112,120,56
19,79,1365166482908,79,1365166482980,72,168,176,104
19,32,1365166482996,32,1365166483084,88,88,104,16
19,84,1365166483180,84,1365166483284,104,184,200,96
19,89,1365166483284,89,1365166483380,96,104,96,0
19,80,1365166483412,80,1365166483524,112,128,144,32
19,69,1365166483492,69,1365166483596,104,80,72,-32
19,32,1365166483540,32,1365166483644,104,48,48,-56
19,70,1365166483684,70,1365166483748,64,144,104,40
19,79,1365166483748,79,1365166483836,88,64,88,0
19,82,1365166483836,82,1365166483916,80,88,80,0
19,32,1365166483884,32,1365166483980,96,48,64,-32
19,65,1365166484124,65,1365166484188,64,240,208,144
19,78,1365166484260,78,1365166484308,48,136,120,72
19,79,1365166484388,79,1365166484516,128,128,208,80
19,84,1365166484540,84,1365166484628,88,152,112,24
19,72,1365166484580,72,1365166484684,104,40,56,-48
19,69,1365166484708,69,1365166484820,112,128,136,24
19,82,1365166484756,82,1365166484852,96,48,32,-64
19,32,1365166484852,32,1365166484908,56,96,56,0
19,84,1365166484940,84,1365166485044,104,88,136,32
19,72,1365166485044,72,1365166485156,112,104,112,0
19,73,1365166485124,73,1365166485236,112,80,80,-32
19,82,1365166485212,82,1365166485284,72,88,48,-24
19,84,1365166485380,84,1365166485452,72,168,168,96
19,89,1365166485404,89,1365166485484,80,24,32,-48
19,32,1365166485572,32,1365166485668,96,168,184,88
19,83,1365166485684,83,1365166485836,152,112,168,16
19,69,1365166485764,69,1365166485876,112,80,40,-72
19,67,1365166485876,67,1365166485996,120,112,120,0
19,79,1365166485996,79,1365166486100,104,120,104,0
19,78,1365166486060,78,1365166486212,152,64,112,-40
19,68,1365166486180,68,1365166486340,160,120,128,-32
19,83,1365166486252,83,1365166486396,144,72,56,-88
19,32,1365166486396,32,1365166486500,104,144,104,0
19,83,1365166486716,83,1365166486804,88,320,304,216
19,79,1365166486828,79,1365166486908,80,112,104,24
19,32,1365166486924,32,1365166486988,64,96,80,16
19,84,1365166487964,84,1365166488052,88,1040,1064,976
19,72,1365166488052,72,1365166488116,64,88,64,0
19,65,1365166488145,65,1365166488220,75,93,104,29
19,84,1365166488196,84,1365166488276,80,51,56,-24
19,222,1365166488276,222,1365166488372,96,80,96,0
19,83,1365166488404,83,1365166488493,89,128,121,32
19,32,1365166488469,32,1365166488549,80,65,56,-24
19,71,1365166488613,71,1365166488701,88,144,152,64
19,82,1365166488805,82,1365166488925,120,192,224,104
19,69,1365166488853,69,1365166488957,104,48,32,-72
19,65,1365166488933,65,1365166489013,80,80,56,-24
19,84,1365166489037,84,1365166489125,88,104,112,24
19,188,1365166489141,188,1365166489237,96,104,112,16
19,32,1365166489237,32,1365166489317,80,96,80,0
19,71,1365166489869,71,1365166489941,72,632,624,552
19,79,1365166490005,79,1365166490093,88,136,152,64
19,84,1365166490093,84,1365166490180,87,88,87,0
19,32,1365166490157,32,1365166490237,80,64,57,-23
19,65,1365166490237,65,1365166490325,88,80,88,0
19,32,1365166490349,32,1365166490421,72,112,96,24
19,83,1365166490965,83,1365166491036,71,616,615,544
19,73,1365166491061,73,1365166491229,168,96,193,25
19,71,1365166491157,71,1365166491229,72,96,0,-72
19,78,1365166491173,78,1365166491252,79,16,23,-56
19,8,1365166491517,8,1365166491556,39,344,304,265
19,8,1365166491661,8,1365166491725,64,144,169,105
19,71,1365166492092,71,1365166492172,80,431,447,367
19,78,1365166492196,78,1365166492293,97,104,121,24
19,65,1365166492325,65,1365166492428,103,129,135,32
19,76,1365166492429,76,1365166492492,63,104,64,1
19,83,1365166492644,83,1365166492716,72,215,224,152
19,32,1365166492741,32,1365166492820,79,97,104,25
19,77,1365166492948,77,1365166493052,104,207,232,128
19,73,1365166493053,73,1365166493132,79,105,80,1
19,68,1365166493108,68,1365166493180,72,55,48,-24
19,84,1365166493292,84,1365166493404,112,184,224,112
19,69,1365166493404,69,1365166493501,97,112,97,0
19,82,1365166493477,82,1365166493565,88,73,64,-24
19,77,1365166493565,77,1365166493660,95,88,95,0
19,32,1365166493877,32,1365166493964,87,312,304,217
19,78,1365166494020,78,1365166494116,96,143,152,56
19,69,1365166494092,69,1365166494172,80,72,56,-24
19,88,1365166494292,88,1365166494364,72,200,192,120
19,84,1365166494412,84,1365166494524,112,120,160,48
19,32,1365166494525,32,1365166494596,71,113,72,1
19,87,1365166494620,87,1365166494676,56,95,80,24
19,69,1365166494773,69,1365166494828,55,153,152,97
19,69,1365166494924,69,1365166494988,64,151,160,96
19,75,1365166495012,75,1365166495108,96,88,120,24
19,32,1365166495164,32,1365166495284,120,152,176,56
19,83,1365166495316,83,1365166495396,80,152,112,32
19,79,1365166495444,79,1365166495516,72,128,120,48
19,32,1365166495540,32,1365166495604,64,96,88,24
19,84,1365166495652,84,1365166495732,80,112,128,48
19,72,1365166495756,72,1365166495836,80,104,104,24
19,69,1365166495820,69,1365166495892,72,64,56,-16
19,82,1365166495876,82,1365166496020,144,56,128,-16
19,69,1365166495972,69,1365166496045,73,96,25,-48
19,222,1365166496045,222,1365166496148,103,73,103,0
19,83,1365166496180,83,1365166496284,104,135,136,32
19,32,1365166496269,32,1365166496332,63,89,48,-15
19,84,1365166496380,84,1365166496468,88,111,136,48
19,72,1365166496444,72,1365166496532,88,64,64,-24
19,65,1365166496580,65,1365166496676,96,136,144,48
19,84,1365166496628,84,1365166496740,112,48,64,-48
19,188,1365166496764,188,1365166496876,112,136,136,24
19,32,1365166496836,32,1365166496924,88,72,48,-40
19,79,1365166497404,79,1365166497516,112,568,592,480
19,84,1365166497516,84,1365166497588,72,112,72,0
19,72,1365166497620,72,1365166497708,88,104,120,32
19,69,1365166497652,69,1365166497756,104,32,48,-56
19,82,1365166497708,82,1365166497804,96,56,48,-48
19,87,1365166497828,87,1365166497916,88,120,112,24
19,73,1365166497980,73,1365166498068,88,152,152,64
19,83,1365166498068,83,1365166498164,96,88,96,0
19,69,1365166498148,69,1365166498268,120,80,104,-16
19,32,1365166498300,32,1365166498380,80,152,112,32
19,78,1365166498476,78,1365166498564,88,176,184,96
19,79,1365166498508,79,1365166498636,128,32,72,-56
19,84,1365166498636,84,1365166498708,72,128,72,0
19,32,1365166498732,32,1365166498796,64,96,88,24
19,84,1365166498836,84,1365166498916,80,104,120,40
19,79,1365166498948,79,1365166498996,48,112,80,32
19,79,1365166499084,79,1365166499140,56,136,144,88
19,32,1365166499244,32,1365166499332,88,160,192,104
19,77,1365166499245,77,1365166499356,111,1,24,-87
19,85,1365166499516,85,1365166499588,72,271,232,160
19,67,1365166499692,67,1365166499796,104,176,208,104
19,72,1365166499796,72,1365166499884,88,104,88,0
19,32,1365166499884,32,1365166499980,96,88,96,0
19,71,1365166500140,71,1365166500212,72,256,232,160
19,79,1365166500188,79,1365166500316,128,48,104,-24
19,73,1365166500260,73,1365166500388,128,72,72,-56
19,78,1365166500364,78,1365166500436,72,104,48,-24
19,71,1365166500468,71,1365166500484,16,104,48,32
19,32,1365166500484,32,1365166500580,96,16,96,0
19,79,1365166501300,79,1365166501396,96,816,816,720
19,78,1365166501356,78,1365166501468,112,56,72,-40
19,32,1365166501460,32,1365166501532,72,104,64,-8
19,79,1365166501676,79,1365166501772,96,216,240,144
19,84,1365166501860,84,1365166501948,88,184,176,88
19,72,1365166501948,72,1365166502028,80,88,80,0
19,69,1365166502012,69,1365166502148,136,64,120,-16
19,82,1365166502068,82,1365166502148,80,56,0,-80
19,32,1365166502140,32,1365166502236,96,72,88,-8
19,84,1365166502236,84,1365166502348,112,96,112,0
19,72,1365166502324,72,1365166502412,88,88,64,-24
19,65,1365166502508,65,1365166502596,88,184,184,96
19,78,1365166502596,78,1365166502684,88,88,88,0
19,32,1365166502652,32,1365166502724,72,56,40,-32
19,84,1365166502764,84,1365166502836,72,112,112,40
19,72,1365166502836,72,1365166502924,88,72,88,0
19,69,1365166502924,69,1365166502988,64,88,64,0
19,32,1365166502964,32,1365166503028,64,40,40,-24
19,73,1365166503092,73,1365166503164,72,128,136,64
19,8,1365166503908,8,1365166503996,88,816,832,744
19,85,1365166504220,85,1365166504292,72,312,296,224
19,83,1365166504372,83,1365166504428,56,152,136,80
19,85,1365166504444,85,1365166504540,96,72,112,16
19,65,1365166504564,65,1365166504644,80,120,104,24
19,76,1365166504716,76,1365166504796,80,152,152,72
19,32,1365166504820,32,1365166504900,80,104,104,24
19,84,1365166504916,84,1365166505020,104,96,120,16
19,72,1365166505020,72,1365166505092,72,104,72,0
19,73,1365166505140,73,1365166505252,112,120,160,48
19,78,1365166505228,78,1365166505340,112,88,88,-24
19,71,1365166505300,71,1365166505372,72,72,32,-40
19,83,1365166505404,83,1365166505516,112,104,144,32
19,188,1365166505517,188,1365166505604,87,113,88,1
19,32,1365166505620,32,1365166505692,72,103,88,16
19,87,1365166506117,87,1365166506197,80,497,505,425
19,72,1365166506173,72,1365166506277,104,56,80,-24
19,65,1365166506245,65,1365166506341,96,72,64,-32
19,84,1365166506341,84,1365166506453,112,96,112,0
19,69,1365166506453,69,1365166506541,88,112,88,0
19,86,1365166506629,86,1365166506693,64,176,152,88
19,69,1365166506741,69,1365166506861,120,112,168,48
19,82,1365166506813,82,1365166506893,80,72,32,-48
19,32,1365166506893,32,1365166506997,104,80,104,0
19,84,1365166507005,84,1365166507093,88,112,96,8
19,72,1365166507181,72,1365166507269,88,176,176,88
19,79,1365166507373,79,1365166507453,80,192,184,104
19,83,1365166507477,83,1365166507621,144,104,168,24
19,69,1365166507525,69,1365166507621,96,48,0,-96
19,32,1365166507621,32,1365166507701,80,96,80,0
19,77,1365166507701,77,1365166507821,120,80,120,0
19,73,1365166507821,73,1365166507885,64,120,64,0
19,71,1365166507885,71,1365166507973,88,64,88,0
19,72,1365166507973,72,1365166508061,88,88,88,0
19,84,1365166508061,84,1365166508149,88,88,88,0
19,32,1365166508149,32,1365166508228,79,88,79,0
19,66,1365166508428,66,1365166508500,72,279,272,200
19,69,1365166508708,69,1365166508821,113,280,321,208
19,32,1365166509092,32,1365166509180,88,384,359,271
19,16,1365166509260,16,1365166509428,168,168,248,80
19,73,1365166509356,73,1365166509429,73,96,1,-72
19,222,1365166509517,222,1365166509620,103,161,191,88
19,77,1365166509573,77,1365166509701,128,56,81,-47
19,32,1365166509701,32,1365166509812,111,128,111,0
19,83,1365166509822,83,1365166509876,54,121,64,10
19,85,1365166509925,85,1365166510036,111,103,160,49
19,82,1365166509965,82,1365166510116,151,40,80,-71
19,69,1365166510037,69,1365166510172,135,72,56,-79
19,32,1365166510333,32,1365166510420,87,296,248,161
19,68,1365166510493,68,1365166510580,87,160,160,73
19,79,1365166510581,79,1365166510685,104,88,105,1
19,78,1365166510636,78,1365166510733,97,55,48,-49
19,222,1365166510749,222,1365166510861,112,113,128,16
19,84,1365166510805,84,1365166510925,120,56,64,-56
19,32,1365166510909,32,1365166510973,64,104,48,-16
19,75,1365166511020,75,1365166511084,64,111,111,47
19,78,1365166511085,78,1365166511196,111,65,112,1
19,79,1365166511197,79,1365166511276,79,112,80,1
19,87,1365166511372,87,1365166511452,80,175,176,96
19,190,1365166511476,190,1365166511588,112,104,136,24
19,32,1365166511564,32,1365166511668,104,88,80,-24
19,16,1365166511620,16,1365166512693,1073,56,1025,-48
19,65,1365166512620,65,1365166512701,81,1000,8,-73
19,78,1365166512716,78,1365166512804,88,96,103,15
19,89,1365166512924,89,1365166513020,96,208,216,120
19,87,1365166513021,87,1365166513117,96,97,97,1
19,65,1365166513085,65,1365166513188,103,64,71,-32
19,89,1365166513188,89,1365166513252,64,103,64,0
19,32,1365166513268,32,1365166513364,96,80,112,16
19,74,1365166513444,74,1365166513532,88,176,168,80
19,85,1365166513652,85,1365166513716,64,208,184,120
19,83,1365166513692,83,1365166513828,136,40,112,-24
19,84,1365166513748,84,1365166513892,144,56,64,-80
19,65,1365166514180,65,1365166514260,80,432,368,288
19,66,1365166514260,66,1365166514356,96,80,96,0
19,79,1365166514372,79,1365166514476,104,112,120,16
19,85,1365166514444,85,1365166514556,112,72,80,-32
19,84,1365166514508,84,1365166514636,128,64,80,-48
19,32,1365166514620,32,1365166514716,96,112,80,-16
19,8,1365166515132,8,1365166515236,104,512,520,416
19,8,1365166515300,8,1365166515380,80,168,144,64
19,8,1365166515452,8,1365166515524,72,152,144,72
19,8,1365166515604,8,1365166515668,64,152,144,80
19,8,1365166515748,8,1365166515812,64,144,144,80
19,8,1365166515892,8,1365166515956,64,144,144,80
19,8,1365166516396,8,1365166516492,96,504,536,440
19,83,1365771985173,83,1365771985253,80,168,24,-56
19,79,1365771985333,79,1365771985421,88,160,168,80
19,32,1365771985421,32,1365771985501,80,88,80,0
19,73,1365771985557,73,1365771985645,88,136,144,56
19,84,1365771985621,84,1365771985709,88,64,64,-24
19,32,1365771985709,32,1365771985805,96,88,96,0
19,66,1365771985933,66,1365771986013,80,224,208,128
19,69,1365771986109,69,1365771986173,64,176,160,96
19,73,1365771986213,73,1365771986293,80,104,120,40
19,8,1365771986557,8,1365771986645,88,344,352,264
19,71,1365771986693,71,1365771986765,72,136,120,48
19,73,1365771986797,73,1365771986925,128,104,160,32
19,78,1365771986901,78,1365771987013,112,104,88,-24
19,83,1365771987013,83,1365771987085,72,112,72,0
19,32,1365771987085,32,1365771987181,96,72,96,0
19,65,1365771987213,65,1365771987277,64,128,96,32
19,71,1365771987325,71,1365771987429,104,112,152,48
19,65,1365771987405,65,1365771987485,80,80,56,-24
19,73,1365771987517,73,1365771987581,64,112,96,32
19,78,1365771987565,78,1365771987661,96,48,80,-16
19,188,1365771987749,188,1365771987845,96,184,184,88
19,32,1365771987829,32,1365771987917,88,80,72,-16
19,72,1365771988101,72,1365771988189,88,272,272,184
19,65,1365771988213,65,1365771988309,96,112,120,24
19,86,1365771988373,86,1365771988469,96,160,160,64
19,69,1365771988509,69,1365771988581,72,136,112,40
19,32,1365771988581,32,1365771988677,96,72,96,0
19,84,1365771988677,84,1365771988765,88,96,88,0
19,79,1365771988765,79,1365771988845,80,88,80,0
19,32,1365771988861,32,1365771988933,72,96,88,16
19,84,1365771988933,84,1365771989020,87,72,87,0
19,89,1365771988997,89,1365771989100,103,64,80,-23
19,80,1365771989133,80,1365771989229,96,136,129,33
19,69,1365771989229,69,1365771989300,71,96,71,0
19,32,1365771989268,32,1365771989364,96,39,64,-32
19,70,1365771989404,70,1365771989468,64,136,104,40
19,79,1365771989469,79,1365771989549,80,65,81,1
19,82,1365771989572,82,1365771989628,56,103,79,23
19,32,1365771989629,32,1365771989700,71,57,72,1
19,79,1365771989732,79,1365771989836,104,103,136,32
19,78,1365771989804,78,1365771989892,88,72,56,-32
19,69,1365771989868,69,1365771989940,72,64,48,-24
19,32,1365771989941,32,1365771989980,39,73,40,1
19,77,1365771990052,77,1365771990141,89,111,161,72
19,73,1365771990173,73,1365771990308,135,121,167,32
19,78,1365771990268,78,1365771990324,56,95,16,-40
19,85,1365771990444,85,1365771990541,97,176,217,120
19,84,1365771990565,84,1365771990653,88,121,112,24
19,69,1365771990637,69,1365771990693,56,72,40,-16
19,190,1365771990693,190,1365771990789,96,56,96,0
19,72,1365771991325,72,1365771991412,87,632,623,536
19,69,1365771991413,69,1365771991476,63,88,64,1
19,32,1365771991477,32,1365771991540,63,64,64,1
19,83,1365771991604,83,1365771991684,80,127,144,64
19,73,1365771991748,73,1365771991828,80,144,144,64
19,71,1365771991860,71,1365771991948,88,112,120,32
19,78,1365771991964,78,1365771992028,64,104,80,16
19,65,1365771992084,65,1365771992156,72,120,128,56
19,76,1365771992293,76,1365771992340,47,209,184,137
19,83,1365771992740,83,1365771992820,80,447,480,400
19,32,1365771992820,32,1365771992886,66,80,66,0
19,69,1365771993037,69,1365771993132,95,217,246,151
19,88,1365771993244,88,1365771993292,48,207,160,112
19,65,1365771993348,65,1365771993420,72,104,128,56
19,77,1365771993444,77,1365771993556,112,96,136,24
19,32,1365771993556,32,1365771993644,88,112,88,0
19,87,1365771993708,87,1365771993756,48,152,112,64
19,8,1365771994324,8,1365771994380,56,616,624,568
19,8,1365771994452,8,1365771994524,72,128,144,72
19,69,1365771994596,69,1365771994652,56,144,128,72
19,78,1365771994692,78,1365771994765,73,96,113,40
19,84,1365771994765,84,1365771994837,72,73,72,0
19,32,1365771994837,32,1365771994901,64,72,64,0
19,75,1365771994965,75,1365771995021,56,128,120,64
19,73,1365771995141,73,1365771995237,96,176,216,120
19,78,1365771995222,78,1365771995293,71,81,56,-15
19,68,1365771995277,68,1365771995365,88,55,72,-16
19,32,1365771995341,32,1365771995421,80,64,56,-24
19,79,1365771995429,79,1365771995509,80,88,88,8
19,70,1365771995525,70,1365771995613,88,96,104,16
19,32,1365771995597,32,1365771995661,64,72,48,-16
19,66,1365771995797,66,1365771995885,88,200,224,136
19,65,1365771995957,65,1365771996053,96,160,168,72
19,68,1365771996069,68,1365771996173,104,112,120,16
19,32,1365771996493,32,1365771996557,64,424,384,320
19,72,1365771996821,72,1365771996933,112,328,376,264
19,79,1365771996925,79,1365771997005,80,104,72,-8
19,87,1365771997037,87,1365771997069,32,112,64,32
19,32,1365771997133,32,1365771997213,80,96,144,64
19,65,1365771997213,65,1365771997262,49,80,49,0
19,78,1365771997397,78,1365771997469,72,184,207,135
19,78,1365771997573,78,1365771997629,56,176,160,104
19,89,1365771997853,89,1365771997949,96,280,320,224
19,79,1365771997949,79,1365771998021,72,96,72,0
19,8,1365771998229,8,1365771998285,56,280,264,208
19,8,1365771998365,8,1365771998445,80,136,160,80
19,79,1365771998621,79,1365771998741,120,256,296,176
19,89,1365771998717,89,1365771998789,72,96,48,-24
19,73,1365771998893,73,1365771998989,96,176,200,104
19,78,1365771998965,78,1365771999053,88,72,64,-24
19,71,1365771999069,71,1365771999165,96,104,112,16
19,190,1365771999165,190,1365771999293,128,96,128,0
19,32,1365771999269,32,1365771999333,64,104,40,-24
19,72,1365771999829,72,1365771999925,96,560,592,496
19,32,1365771999917,32,1365772000005,88,88,80,-8
19,87,1365772000029,87,1365772000109,80,112,104,24
19,69,1365772000109,69,1365772000205,96,80,96,0
19,76,1365772000253,76,1365772000301,48,144,96,48
19,76,1365772000389,76,1365772000453,64,136,152,88
19,188,1365772000557,188,1365772000653,96,168,200,104
19,32,1365772000605,32,1365772000731,126,48,78,-48
19,78,1365772001581,78,1365772001685,104,976,954,850
19,79,1365772001685,79,1365772001789,104,104,104,0
19,84,1365772001821,84,1365772001909,88,136,120,32
19,72,1365772001909,72,1365772001997,88,88,88,0
19,73,1365772002061,73,1365772002165,104,152,168,64
19,78,1365772002125,78,1365772002253,128,64,88,-40
19,71,1365772002197,71,1365772002261,64,72,8,-56
19,32,1365772002253,32,1365772002333,80,56,72,-8
19,84,1365772002389,84,1365772002461,72,136,128,56
19,79,1365772002485,79,1365772002557,72,96,96,24
19,32,1365772002533,32,1365772002613,80,48,56,-24
19,68,1365772002709,68,1365772002781,72,176,168,96
19,65,1365772002949,65,1365772003053,104,240,272,168
19,66,1365772003101,66,1365772003181,80,152,128,48
19,79,1365772003197,79,1365772003309,112,96,128,16
19,85,1365772003285,85,1365772003373,88,88,64,-24
19,84,1365772003341,84,1365772003397,56,56,24,-32
19,8,1365772003597,8,1365772003677,80,256,280,200
19,8,1365772003757,8,1365772003829,72,160,152,80
19,8,1365772003909,8,1365772003973,64,152,144,80
19,8,1365772004061,8,1365772004109,48,152,136,88
19,8,1365772004197,8,1365772004269,72,136,160,88
19,8,1365772004349,8,1365772004389,40,152,120,80
19,8,1365772004477,8,1365772004525,48,128,136,88
19,79,1365772004893,79,1365772004957,64,416,432,368
19,32,1365772005029,32,1365772005149,120,136,192,72
19,65,1365772005213,65,1365772005301,88,184,152,64
19,66,1365772005301,66,1365772005373,72,88,72,0
19,79,1365772005397,79,1365772005501,104,96,128,24
19,85,1365772005477,85,1365772005581,104,80,80,-24
19,84,1365772005549,84,1365772005629,80,72,48,-32
19,32,1365772005581,32,1365772005677,96,32,48,-48
19,73,1365772005709,73,1365772005797,88,128,120,32
19,84,1365772005797,84,1365772005901,104,88,104,0
19,32,1365772005877,32,1365772005949,72,80,48,-24
19,78,1365772005973,78,1365772006077,104,96,128,24
19,79,1365772006021,79,1365772006132,111,48,55,-56
19,87,1365772006109,87,1365772006205,96,88,73,-23
19,32,1365772006237,32,1365772006292,55,128,87,32
19,71,1365772006997,71,1365772007084,87,760,792,705
19,85,1365772007100,85,1365772007196,96,103,112,16
19,69,1365772007197,69,1365772007276,79,97,80,1
19,83,1365772007389,83,1365772007437,48,192,161,113
19,83,1365772007524,83,1365772007613,89,135,176,87
19,190,1365772007613,190,1365772007660,47,89,47,0
19,32,1365772007661,32,1365772007756,95,48,96,1
19,32,1365772008198,32,1365772008268,70,537,512,442
19,79,1365772009101,79,1365772009212,111,903,944,833
19,8,1365772009421,8,1365772009500,79,320,288,209
19,87,1365772009540,87,1365772009620,80,119,120,40
19,79,1365772009692,79,1365772009796,104,152,176,72
19,69,1365772009965,69,1365772010077,112,273,281,169
19,82,1365772010013,82,1365772010108,95,48,31,-64
19,32,1365772010109,32,1365772010188,79,96,80,1
19,72,1365772010244,72,1365772010348,104,135,160,56
19,79,1365772010324,79,1365772010436,112,80,88,-24
19,87,1365772010404,87,1365772010476,72,80,40,-32
19,32,1365772010452,32,1365772010556,104,48,80,-24
19,84,1365772010573,84,1365772010660,87,121,104,17
19,72,1365772010644,72,1365772010740,96,71,80,-16
19,69,1365772010740,69,1365772010860,120,96,120,0
19,32,1365772010796,32,1365772010909,113,56,49,-64
19,70,1365772010932,70,1365772011021,89,136,112,23
19,73,1365772010996,73,1365772011084,88,64,63,-25
19,78,1365772011044,78,1365772011140,96,48,56,-40
19,65,1365772011140,65,1365772011244,104,96,104,0
19,76,1365772011230,76,1365772011340,110,90,96,-14
19,32,1365772011308,32,1365772011428,120,78,88,-32
19,87,1365772011501,87,1365772011588,87,193,160,73
19,73,1365772011612,73,1365772011668,56,111,80,24
19,76,1365772011804,76,1365772011860,56,192,192,136
19,76,1365772011924,76,1365772012020,96,120,160,64
19,32,1365772012116,32,1365772012196,80,192,176,96
19,66,1365772012285,66,1365772012365,80,169,169,89
19,69,1365772012469,69,1365772012565,96,184,200,104
19,188,1365772012565,188,1365772012677,112,96,112,0
19,32,1365772012621,32,1365772012717,96,56,40,-56
19,83,1365772013621,83,1365772013709,88,1000,992,904
19,72,1365772013709,72,1365772013805,96,88,96,0
19,79,1365772013829,79,1365772013917,88,120,112,24
19,85,1365772013917,85,1365772014045,128,88,128,0
19,76,1365772014045,76,1365772014133,88,128,88,0
19,68,1365772014093,68,1365772014230,137,48,97,-40
19,32,1365772014205,32,1365772014325,120,112,95,-25
19,68,1365772014373,68,1365772014445,72,168,120,48
19,69,1365772014533,69,1365772014629,96,160,184,88
19,70,1365772014629,70,1365772014733,104,96,104,0
19,73,1365772014765,73,1365772014853,88,136,120,32
19,78,1365772014813,78,1365772014933,120,48,80,-40
19,73,1365772014949,73,1365772015061,112,136,128,16
19,84,1365772015061,84,1365772015157,96,112,96,0
19,69,1365772015133,69,1365772015237,104,72,80,-24
19,76,1365772015213,76,1365772015437,224,80,200,-24
19,89,1365772015341,89,1365772015453,112,128,16,-96
19,32,1365772015429,32,1365772015517,88,88,64,-24
19,71,1365772015557,71,1365772015621,64,128,104,40
19,69,1365772015685,69,1365772015773,88,128,152,64
19,84,1365772015773,84,1365772015845,72,88,72,0
19,32,1365772015845,32,1365772015925,80,72,80,0
19,77,1365772015925,77,1365772016037,112,80,112,0
19,89,1365772016149,89,1365772016269,120,224,232,112
19,32,1365772016269,32,1365772016341,72,120,72,0
19,79,1365772016397,79,1365772016461,64,128,120,56
19,82,1365772016469,82,1365772016549,80,72,88,8
19,73,1365772016589,73,1365772016645,56,120,96,40
19,71,1365772016677,71,1365772016757,80,88,112,32
19,73,1365772016757,73,1365772016853,96,80,96,0
19,78,1365772016853,78,1365772016941,88,96,88,0
19,65,1365772016997,65,1365772017085,88,144,144,56
19,76,1365772017125,76,1365772017213,88,128,128,40
19,32,1365772017157,32,1365772017269,112,32,56,-56
19,83,1365772017973,83,1365772018037,64,816,768,704
19,72,1365772018029,72,1365772018125,96,56,88,-8
19,69,1365772018181,69,1365772018221,40,152,96,56
19,69,1365772018317,69,1365772018421,104,136,200,96
19,84,1365772018421,84,1365772018485,64,104,64,0
19,32,1365772018509,32,1365772018565,56,88,80,24
19,66,1365772018653,66,1365772018717,64,144,152,88
19,65,1365772018757,65,1365772018869,112,104,152,40
19,67,1365772018909,67,1365772018981,72,152,112,40
19,75,1365772018949,75,1365772019021,72,40,40,-32
19,32,1365772019109,32,1365772019173,64,160,152,88
19,8,1365772019701,8,1365772019781,80,592,608,528
19,188,1365772020109,188,1365772020229,120,408,448,328
19,32,1365772020245,32,1365772020317,72,136,88,16
19,67,1365772020381,67,1365772020461,80,136,144,64
19,79,1365772020437,79,1365772020517,80,56,56,-24
19,85,1365772020493,85,1365772020597,104,56,80,-24
19,76,1365772020637,76,1365772020741,104,144,144,40
19,68,1365772020701,68,1365772020805,104,64,64,-40
19,32,1365772020789,32,1365772020869,80,88,64,-16
19,72,1365772020869,72,1365772020957,88,80,88,0
19,65,1365772020957,65,1365772021053,96,88,96,0
19,86,1365772021021,86,1365772021101,80,64,48,-32
19,69,1365772021149,69,1365772021229,80,128,128,48
19,32,1365772021205,32,1365772021293,88,56,64,-24
19,85,1365772021269,85,1365772021349,80,64,56,-24
19,83,1365772021373,83,1365772021453,80,104,104,24
19,69,1365772021421,69,1365772021501,80,48,48,-32
19,68,1365772021573,68,1365772021653,80,152,152,72
19,32,1365772021677,32,1365772021741,64,104,88,24
19,84,1365772021805,84,1365772021909,104,128,168,64
19,72,1365772021893,72,1365772022005,112,88,96,-16
19,65,1365772022021,65,1365772022109,88,128,104,16
19,84,1365772022069,84,1365772022149,80,48,40,-40
19,32,1365772022149,32,1365772022213,64,80,64,0
19,68,1365772022293,68,1365772022365,72,144,152,80
19,79,1365772022405,79,1365772022477,72,112,112,40
19,8,1365772022853,8,1365772022917,64,448,440,376
19,8,1365772022997,8,1365772023069,72,144,152,80
19,84,1365772023093,84,1365772023165,72,96,96,24
19,79,1365772023213,79,1365772023309,96,120,144,48
19,68,1365772023309,68,1365772023405,96,96,96,0
19,65,1365772023405,65,1365772023524,119,96,119,0
19,89,1365772023484,89,1365772023557,73,79,33,-40
19,32,1365772023557,32,1365772023636,79,73,79,0
19,80,1365772023692,80,1365772023788,96,135,152,56
19,82,1365772023789,82,1365772023844,55,97,56,1
19,79,1365772023884,79,1365772023956,72,95,112,40
19,66,1365772023973,66,1365772024036,63,89,80,17
19,65,1365772024412,65,1365772024508,96,439,472,376
19,66,1365772024580,66,1365772024644,64,168,136,72
19,76,1365772024668,76,1365772024797,129,88,153,24
19,89,1365772024797,89,1365772024908,111,129,111,0
19,188,1365772025092,188,1365772025156,64,295,248,184
19,8,1365772025420,8,1365772025484,64,328,328,264
19,8,1365772025564,8,1365772025612,48,144,128,80
19,89,1365772026149,89,1365772026252,103,585,640,537
19,190,1365772026740,190,1365772026868,128,591,616,488
19,32,1365772026828,32,1365772026916,88,88,48,-40
19,16,1365772026948,16,1365772027188,240,120,272,32
19,72,1365772027108,72,1365772027189,81,160,1,-80
19,79,1365772027284,79,1365772027380,96,176,191,95
19,87,1365772027381,87,1365772027429,48,97,49,1
19,32,1365772027444,32,1365772027548,104,63,119,15
19,65,1365772027532,65,1365772027644,112,88,96,-16
19,82,1365772027668,82,1365772027828,160,136,184,24
19,69,1365772027788,69,1365772027868,80,120,40,-40
19,32,1365772027852,32,1365772027940,88,64,72,-16
19,89,1365772027988,89,1365772028076,88,136,136,48
19,79,1365772028148,79,1365772028252,104,160,176,72
19,85,1365772028220,85,1365772028308,88,72,56,-32
19,32,1365772028309,32,1365772028388,79,89,80,1
19,78,1365772028468,78,1365772028572,104,159,184,80
19,79,1365772028573,79,1365772028660,87,105,88,1
19,84,1365772028661,84,1365772028740,79,88,80,1
19,32,1365772028741,32,1365772028812,71,80,72,1
19,71,1365772028876,71,1365772028949,73,135,137,64
19,79,1365772028932,79,1365772029068,136,56,119,-17
19,73,1365772028980,73,1365772029116,136,48,48,-88
19,78,1365772029044,78,1365772029172,128,64,56,-72
19,71,1365772029140,71,1365772029228,88,96,56,-32
19,32,1365772029252,32,1365772029348,96,112,120,24
19,84,1365772029588,84,1365772029676,88,336,328,240
19,79,1365772029676,79,1365772029765,89,88,89,0
19,32,1365772029757,32,1365772029837,80,81,72,-8
19,72,1365772029877,72,1365772029989,112,120,152,40
19,65,1365772029949,65,1365772030045,96,72,56,-40
19,86,1365772030045,86,1365772030101,56,96,56,0
19,69,1365772030125,69,1365772030230,105,80,129,24
19,32,1365772030230,32,1365772030301,71,105,71,0
19,65,1365772030309,65,1365772030413,104,79,112,8
19,78,1365772030413,78,1365772030501,88,104,88,0
19,89,1365772030613,89,1365772030717,104,200,216,112
19,32,1365772030693,32,1365772030797,104,80,80,-24
19,90,1365772031077,90,1365772031165,88,384,368,280
19,189,1365772031261,189,1365772031373,112,184,208,96
19,84,1365772031421,84,1365772031501,80,160,128,48
19,82,1365772031589,82,1365772031669,80,168,168,88
19,65,1365772031637,65,1365772031733,96,48,64,-32
19,78,1365772031749,78,1365772031837,88,112,104,16
19,83,1365772031837,83,1365772031901,64,88,64,0
19,70,1365772031925,70,1365772032013,88,88,112,24
19,79,1365772032029,79,1365772032117,88,104,104,16
19,82,1365772032117,82,1365772032189,72,88,72,0
19,77,1365772032213,77,1365772032333,120,96,144,24
19,83,1365772032333,83,1365772032421,88,120,88,0
19,32,1365772032421,32,1365772032493,72,88,72,0
19,79,1365772032525,79,1365772032605,80,104,112,32
19,78,1365772032637,78,1365772032733,96,112,128,32
19,32,1365772032685,32,1365772032766,81,48,33,-48
19,84,1365772032813,84,1365772032885,72,128,119,47
19,72,1365772032885,72,1365772032997,112,72,112,0
19,69,1365772032965,69,1365772033053,88,80,56,-32
19,32,1365772033029,32,1365772033101,72,64,48,-24
19,69,1365772033141,69,1365772033229,88,112,128,40
19,88,1365772033309,88,1365772033397,88,168,168,80
19,65,1365772033381,65,1365772033485,104,72,88,-16
19,77,1365772033485,77,1365772033621,136,104,136,0
19,32,1365772033677,32,1365772033757,80,192,136,56
19,87,1365772033845,87,1365772033901,56,168,144,88
19,72,1365772034077,72,1365772034157,80,232,256,176
19,69,1365772034197,69,1365772034277,80,120,120,40
19,78,1365772034301,78,1365772034389,88,104,112,24
19,32,1365772034389,32,1365772034469,80,88,80,0
19,89,1365772034525,89,1365772034613,88,136,144,56
19,79,1365772034701,79,1365772034805,104,176,192,88
19,85,1365772034773,85,1365772034885,112,72,80,-32
19,32,1365772034885,32,1365772034981,96,112,96,0
19,71,1365772035013,71,1365772035101,88,128,120,32
19,73,1365772035101,73,1365772035189,88,88,88,0
19,86,1365772035213,86,1365772035269,56,112,80,24
19,69,1365772035309,69,1365772035413,104,96,144,40
19,79,1365772035429,79,1365772035549,120,120,136,16
19,32,1365772035469,32,1365772035629,160,40,80,-80
19,85,1365772035517,85,1365772035629,112,48,0,-112
19,84,1365772035717,84,1365772035837,120,200,208,88
19,32,1365772035837,32,1365772035949,112,120,112,0
19,84,1365772035957,84,1365772036037,80,120,88,8
19,8,1365772036277,8,1365772036357,80,320,320,240
19,8,1365772036453,8,1365772036509,56,176,152,96
19,8,1365772036589,8,1365772036653,64,136,144,80
19,8,1365772036733,8,1365772036789,56,144,136,80
19,8,1365772036877,8,1365772036933,56,144,144,88
19,8,1365772037013,8,1365772037093,80,136,160,80
19,32,1365772037197,32,1365772037270,73,184,177,104
19,79,1365772037270,79,1365772037397,127,73,127,0
19,85,1365772037365,85,1365772037493,128,95,96,-32
19,32,1365772037485,32,1365772037525,40,120,32,-8
19,8,1365772037813,8,1365772037901,88,328,376,288
19,84,1365772037981,84,1365772038061,80,168,160,80
19,32,1365772038061,32,1365772038117,56,80,56,0
19,84,1365772038149,84,1365772038237,88,88,120,32
19,72,1365772038213,72,1365772038317,104,64,80,-24
19,65,1365772038317,65,1365772038389,72,104,72,0
19,84,1365772038365,84,1365772038445,80,48,56,-24
19,32,1365772038445,32,1365772038509,64,80,64,0
19,70,1365772038589,70,1365772038653,64,144,144,80
19,79,1365772038653,79,1365772038741,88,64,88,0
19,82,1365772038741,82,1365772038829,88,88,88,0
19,77,1365772038829,77,1365772038909,80,88,80,0
19,85,1365772039037,85,1365772039149,112,208,240,128
19,76,1365772039117,76,1365772039229,112,80,80,-32
19,65,1365772039197,65,1365772039293,96,80,64,-32
19,32,1365772039333,32,1365772039397,64,136,104,40
19,83,1365772039525,83,1365772039597,72,192,200,128
19,72,1365772039629,72,1365772039701,72,104,104,32
19,69,1365772039797,69,1365772039845,48,168,144,96
19,69,1365772039933,69,1365772040037,104,136,192,88
19,84,1365772040029,84,1365772040133,104,96,96,-8
19,190,1365772040133,190,1365772040229,96,104,96,0
19,32,1365772040213,32,1365772040293,80,80,64,-16
19,16,1365772040317,16,1365772040597,280,104,304,24
19,87,1365772040541,87,1365772040597,56,224,0,-56
19,72,1365772040645,72,1365772040741,96,104,144,48
19,65,1365772040729,65,1365772040805,76,84,64,-12
19,84,1365772040805,84,1365772040861,56,76,56,0
19,32,1365772040861,32,1365772040933,72,56,72,0
19,84,1365772040949,84,1365772041037,88,88,104,16
19,72,1365772041053,72,1365772041149,96,104,112,16
19,69,1365772041149,69,1365772041237,88,96,88,0
19,32,1365772041277,32,1365772041365,88,128,128,40
19,72,1365772041389,72,1365772041493,104,112,128,24
19,69,1365772041493,69,1365772041558,65,104,65,0
19,67,1365772041605,67,1365772041692,87,112,134,47
19,75,1365772041693,75,1365772041773,80,88,81,1
19,190,1365772041869,190,1365772041980,111,176,207,96
19,32,1365772041932,32,1365772042020,88,63,40,-48
19,79,1365772044276,79,1365772044316,40,2344,2296,2256
19,8,1365772044548,8,1365772044612,64,272,296,232
19,8,1365772044693,8,1365772044773,80,145,161,81
19,87,1365772045309,87,1365772045382,73,616,609,536
19,72,1365772045374,72,1365772045477,103,65,95,-8
19,65,1365772045509,65,1365772045573,64,135,96,32
19,84,1365772045573,84,1365772045661,88,64,88,0
19,69,1365772045685,69,1365772045789,104,112,128,24
19,86,1365772045813,86,1365772045869,56,128,80,24
19,69,1365772045901,69,1365772046005,104,88,136,32
19,82,1365772046005,82,1365772046053,48,104,48,0
19,190,1365772046077,190,1365772046165,88,72,112,24
20,72,1363370914195,72,1363370914274,79,224,0,-79
20,73,1363370914402,73,1363370914474,72,207,200,128
20,188,1363370914818,188,1363370914938,120,416,464,344
20,32,1363370914898,32,1363370915018,120,80,80,-40
20,84,1363370915514,84,1363370915594,80,616,576,496
20,72,1363370915610,72,1363370915730,120,96,136,16
20,73,1363370915720,73,1363370915802,82,110,72,-10
20,83,1363370915882,83,1363370915978,96,162,176,80
20,32,1363370915978,32,1363370916083,105,96,105,0
20,73,1363370916042,73,1363370916146,104,64,63,-41
20,83,1363370916178,83,1363370916290,112,136,144,32
20,32,1363370916260,32,1363370916370,110,82,80,-30
20,84,1363370916394,84,1363370916506,112,134,136,24
20,72,1363370916498,72,1363370916578,80,104,72,-8
20,69,1363370916602,69,1363370916714,112,104,136,24
20,32,1363370916715,32,1363370916804,89,113,90,1
20,83,1363370916866,83,1363370916994,128,151,190,62
20,69,1363370916946,69,1363370917058,112,80,64,-48
20,67,1363370917210,67,1363370917298,88,264,240,152
20,79,1363370917370,79,1363370917466,96,160,168,72
20,78,1363370917578,78,1363370917682,104,208,216,112
20,68,1363370917730,68,1363370917826,96,152,144,48
20,32,1363370917930,32,1363370918056,126,200,230,104
20,84,1363370918458,84,1363370918546,88,528,490,402
20,89,1363370918562,89,1363370918700,138,104,154,16
20,80,1363370918738,80,1363370918834,96,176,134,38
20,73,1363370918946,73,1363370919042,96,208,208,112
20,78,1363370919154,78,1363370919258,104,208,216,112
20,71,1363370919306,71,1363370919402,96,152,144,48
20,32,1363370919394,32,1363370919509,115,88,107,-8
20,84,1363370919610,84,1363370919674,64,216,165,101
20,72,1363370919701,72,1363370919802,101,91,128,27
20,73,1363370919762,73,1363370919850,88,61,48,-40
20,78,1363370919954,78,1363370920050,96,192,200,104
20,71,1363370920155,71,1363370920226,71,201,176,105
20,32,1363370920330,32,1363370920410,80,175,184,104
20,89,1363370920898,89,1363370920986,88,568,576,488
20,79,1363370920986,79,1363370921147,161,88,161,0
20,85,1363370921074,85,1363370921202,128,88,55,-73
20,32,1363370921178,32,1363370921282,104,104,80,-24
20,65,1363370921306,65,1363370921378,72,128,96,24
20,83,1363370921422,83,1363370921562,140,116,184,44
20,75,1363370921610,75,1363370921707,97,188,145,48
20,69,1363370921707,69,1363370921818,111,97,111,0
20,68,1363370921781,68,1363370921890,109,74,72,-37
20,32,1363370921874,32,1363370922074,200,93,184,-16
20,77,1363370921994,77,1363370922106,112,120,32,-80
20,69,1363370922131,69,1363370922228,97,137,122,25
20,32,1363370922250,32,1363370922370,120,119,142,22
20,84,1363370922418,84,1363370922501,83,168,131,48
20,79,1363370922501,79,1363370922610,109,83,109,0
20,32,1363370922570,32,1363370922676,106,69,66,-40
20,68,1363370922795,68,1363370922907,112,225,231,119
20,79,1363370922907,79,1363370922967,60,112,60,0
20,190,1363370923309,190,1363370923475,166,402,508,342
20,32,1363370923451,32,1363370923523,72,142,48,-24
20,16,1363370923578,16,1363370923963,385,127,440,55
20,67,1363370923867,67,1363370923971,104,289,8,-96
20,85,1363370924068,85,1363370924139,71,201,168,97
20,82,1363370924203,82,1363370924323,120,135,184,64
20,82,1363370924403,82,1363370924571,168,200,248,80
20,69,1363370924507,69,1363370924635,128,104,64,-64
20,78,1363370924635,78,1363370924691,56,128,56,0
20,84,1363370924731,84,1363370924827,96,96,136,40
20,76,1363370924859,76,1363370924955,96,128,128,32
20,89,1363370924995,89,1363370925051,56,136,96,40
20,32,1363370925083,32,1363370925227,144,88,176,32
20,77,1363370925217,77,1363370925307,90,134,80,-10
20,89,1363370925363,89,1363370925443,80,146,136,56
20,32,1363370925915,32,1363370926099,184,552,656,472
20,77,1363370926131,77,1363370926275,144,216,176,32
20,79,1363370926331,79,1363370926459,128,200,184,56
20,77,1363370926459,77,1363370926574,115,128,115,0
20,32,1363370926539,32,1363370926715,176,80,141,-35
20,73,1363370926715,73,1363370926811,96,176,96,0
20,83,1363370926859,83,1363370926939,80,144,128,48
20,32,1363370927003,32,1363370927091,88,144,152,64
20,83,1363370927211,83,1363370927307,96,208,216,120
20,73,1363370927323,73,1363370927395,72,112,88,16
20,84,1363370927500,84,1363370927571,71,177,176,105
20,84,1363370927660,84,1363370927739,79,160,168,89
20,73,1363370927739,73,1363370927867,128,79,128,0
20,78,1363370927827,78,1363370927926,99,88,59,-40
20,71,1363370927979,71,1363370928051,72,152,125,53
20,32,1363370928083,32,1363370928179,96,104,128,32
20,72,1363370928451,72,1363370928539,88,368,360,272
20,69,1363370928667,69,1363370928787,120,216,248,128
20,82,1363370928787,82,1363370928922,135,120,135,0
20,69,1363370928899,69,1363370928995,96,112,73,-23
20,32,1363370929022,32,1363370929091,69,123,96,27
20,65,1363370929123,65,1363370929251,128,101,160,32
20,83,1363370929347,83,1363370929443,96,224,192,96
20,32,1363370929459,32,1363370929547,88,112,104,16
20,87,1363370929595,87,1363370929738,143,136,191,48
20,69,1363370929683,69,1363370929794,111,88,56,-55
20,76,1363370929853,76,1363370929930,77,170,136,59
20,76,1363370930018,76,1363370930131,113,165,201,88
20,32,1363370930083,32,1363370930194,111,65,63,-48
20,86,1363370930480,86,1363370930554,74,397,360,286
20,83,1363370930738,83,1363370930819,81,258,265,184
20,8,1363370931204,8,1363370931250,46,466,431,385
20,73,1363370931522,73,1363370931626,104,318,376,272
20,83,1363370931698,83,1363370931786,88,176,160,72
20,73,1363370931866,73,1363370931954,88,168,168,80
20,84,1363370932219,84,1363370932314,95,353,360,265
20,73,1363370932346,73,1363370932514,168,127,200,32
20,78,1363370932490,78,1363370932610,120,144,96,-24
20,71,1363370932718,71,1363370932810,92,228,200,108
20,32,1363370932811,32,1363370932922,111,93,112,1
20,65,1363370932970,65,1363370933138,168,159,216,48
20,78,1363370933114,78,1363370933170,56,144,32,-24
20,68,1363370933210,68,1363370933314,104,96,144,40
20,32,1363370933330,32,1363370933434,104,120,120,16
20,87,1363370933634,87,1363370933770,136,304,336,200
20,69,1363370933715,69,1363370933826,111,81,56,-55
20,32,1363370933826,32,1363370933922,96,111,96,0
20,65,1363370933986,65,1363370934106,120,160,184,64
20,82,1363370934346,82,1363370934450,104,360,344,240
20,69,1363370934474,69,1363370934610,136,128,160,24
20,32,1363370934626,32,1363370934722,96,152,112,16
20,71,1363370934818,71,1363370934884,66,192,162,96
20,79,1363370934922,79,1363370935058,136,104,174,38
20,73,1363370935002,73,1363370935138,136,80,80,-56
20,78,1363370935170,78,1363370935247,77,168,109,32
20,71,1363370935290,71,1363370935354,64,120,107,43
20,32,1363370935370,32,1363370935466,96,80,112,16
20,84,1363370935466,84,1363370935538,72,96,72,0
20,79,1363370935562,79,1363370935674,112,96,136,24
20,32,1363370935634,32,1363370935738,104,72,64,-40
20,89,1363370935786,89,1363370935878,92,152,140,48
20,79,1363370935879,79,1363370936026,147,93,148,1
20,85,1363370935970,85,1363370936066,96,91,40,-56
20,82,1363370936178,82,1363370936267,89,208,201,112
20,32,1363370936267,32,1363370936363,96,89,96,0
20,83,1363370936594,83,1363370936690,96,327,327,231
20,79,1363370936754,79,1363370936826,72,160,136,64
20,67,1363370936866,67,1363370936938,72,112,112,40
20,67,1363370937226,67,1363370937306,80,360,368,288
20,79,1363370937466,79,1363370937530,64,240,224,160
20,82,1363370937811,82,1363370937906,95,345,376,281
20,32,1363370937978,32,1363370938082,104,167,176,72
20,8,1363370938650,8,1363370938730,80,672,648,568
20,8,1363370938826,8,1363370938890,64,176,160,96
20,8,1363370939274,8,1363370939306,32,448,416,384
20,69,1363370940058,69,1363370940179,121,784,873,752
20,82,1363370940139,82,1363370940235,96,81,56,-40
20,32,1363370940355,32,1363370940435,80,216,200,120
20,67,1363370940751,67,1363370940859,108,396,424,316
20,71,1363370941195,71,1363370941294,99,444,435,336
20,8,1363370941733,8,1363370941835,102,538,541,439
20,8,1363370941939,8,1363370942012,73,206,177,104
20,71,1363370942091,71,1363370942171,80,152,159,79
20,65,1363370942195,65,1363370942323,128,104,152,24
20,77,1363370942603,77,1363370942699,96,408,376,280
20,69,1363370942755,69,1363370942851,96,152,152,56
20,32,1363370942851,32,1363370943011,160,96,160,0
20,65,1363370943043,65,1363370943171,128,192,160,32
20,76,1363370943077,76,1363370943203,126,34,32,-94
20,84,1363370943499,84,1363370943587,88,422,384,296
20,8,1363370943955,8,1363370944027,72,456,440,368
20,8,1363370944147,8,1363370944211,64,192,184,120
20,8,1363370944307,8,1363370944363,56,160,152,96
20,76,1363370944964,76,1363370945043,79,657,680,601
20,65,1363370945107,65,1363370945259,152,143,216,64
20,84,1363370945371,84,1363370945459,88,264,200,112
20,69,1363370945523,69,1363370945659,136,152,200,64
20,82,1363370945619,82,1363370945691,72,96,32,-40
20,32,1363370945707,32,1363370945811,104,88,120,16
20,84,1363370945843,84,1363370945931,88,136,120,32
20,79,1363370945987,79,1363370946099,112,144,168,56
20,68,1363370946195,68,1363370946325,130,208,226,96
20,65,1363370946547,65,1363370946680,133,352,355,222
20,89,1363370946739,89,1363370946811,72,192,131,59
20,32,1363370946931,32,1363370947019,88,192,208,120
20,65,1363370947091,65,1363370947214,123,160,195,72
20,78,1363370947215,78,1363370947290,75,124,76,1
20,68,1363370947363,68,1363370947426,63,148,136,73
20,32,1363370947484,32,1363370947554,70,121,128,58
20,84,1363370947619,84,1363370947731,112,135,177,65
20,72,1363370947731,72,1363370947794,63,112,63,0
20,69,1363370947859,69,1363370947938,79,128,144,65
20,78,1363370947972,78,1363370948075,103,113,137,34
20,32,1363370948043,32,1363370948139,96,71,64,-32
20,67,1363370948227,67,1363370948298,71,184,159,88
20,79,1363370948395,79,1363370948498,103,168,200,97
20,77,1363370948643,77,1363370948722,79,248,224,145
20,66,1363370948810,66,1363370948882,72,167,160,88
20,79,1363370948938,79,1363370949074,136,128,192,56
20,32,1363370949026,32,1363370949130,104,88,56,-48
20,78,1363370949290,78,1363370949402,112,264,272,160
20,73,1363370949450,73,1363370949539,89,160,137,48
20,71,1363370949586,71,1363370949675,89,136,136,47
20,72,1363370949676,72,1363370949754,78,90,79,1
20,84,1363370949786,84,1363370949866,80,110,112,32
20,32,1363370949882,32,1363370949980,98,96,114,16
20,65,1363370950042,65,1363370950226,184,160,246,62
20,83,1363370950250,83,1363370950395,145,208,169,24
20,32,1363370950386,32,1363370950506,120,136,111,-9
20,87,1363370950578,87,1363370950714,136,192,208,72
20,69,1363370950666,69,1363370950778,112,88,64,-48
20,76,1363370950778,76,1363370950834,56,112,56,0
20,76,1363370950930,76,1363370951010,80,152,176,96
20,190,1363370951258,190,1363370951378,120,328,368,248
20,32,1363370951331,32,1363370951476,145,73,98,-47
20,16,1363370951514,16,1363370951802,288,183,326,38
20,73,1363370951770,73,1363370951882,112,256,80,-32
20,32,1363370951850,32,1363370951954,104,80,72,-32
20,66,1363370952242,66,1363370952314,72,392,360,288
20,82,1363370952469,82,1363370952560,91,227,246,155
20,79,1363370952602,79,1363370952738,136,133,178,42
20,85,1363370952722,85,1363370952818,96,120,80,-16
20,71,1363370952883,71,1363370952978,95,161,160,65
20,72,1363370952978,72,1363370953058,80,95,80,0
20,84,1363370953111,84,1363370953178,67,133,120,53
20,32,1363370953178,32,1363370953298,120,67,120,0
20,89,1363370953354,89,1363370953434,80,176,136,56
20,79,1363370953434,79,1363370953573,139,80,139,0
20,85,1363370953514,85,1363370953610,96,80,37,-59
20,32,1363370953594,32,1363370953682,88,80,72,-16
20,70,1363370953802,70,1363370953882,80,208,200,120
20,79,1363370953915,79,1363370954002,87,113,120,33
20,79,1363370954074,79,1363370954154,80,159,152,72
20,68,1363370954202,68,1363370954290,88,128,136,48
20,32,1363370954314,32,1363370954442,128,112,152,24
20,66,1363370954682,66,1363370954754,72,368,312,240
20,85,1363370954802,85,1363370954882,80,120,128,48
20,84,1363370954930,84,1363370955034,104,128,152,48
20,32,1363370955034,32,1363370955139,105,104,105,0
20,89,1363370955266,89,1363370955354,88,232,215,127
20,79,1363370955354,79,1363370955514,160,88,160,0
20,85,1363370955466,85,1363370955538,72,112,24,-48
20,32,1363370955514,32,1363370955643,129,48,105,-24
20,65,1363370955643,65,1363370955754,111,129,111,0
20,84,1363370955978,84,1363370956066,88,335,312,224
20,69,1363370956210,69,1363370956290,80,232,224,144
20,188,1363370956610,188,1363370956738,128,400,448,320
20,32,1363370956666,32,1363370956818,152,56,80,-72
20,84,1363370956842,84,1363370956922,80,176,104,24
20,72,1363370956922,72,1363370957010,88,80,88,0
20,69,1363370957058,69,1363370957138,80,136,128,48
20,32,1363370957138,32,1363370957275,137,80,137,0
20,79,1363370957275,79,1363370957466,191,137,191,0
20,69,1363370957636,69,1363370957771,135,361,305,170
20,8,1363370958051,8,1363370958171,120,415,400,280
20,78,1363370958448,78,1363370958523,75,397,352,277
20,69,1363370958707,69,1363370958787,80,259,264,184
20,32,1363370958835,32,1363370958955,120,128,168,48
20,68,1363370959368,68,1363370959467,99,533,512,413
20,65,1363370959427,65,1363370959555,128,59,88,-40
20,89,1363370959555,89,1363370959683,128,128,128,0
20,32,1363370959659,32,1363370959779,120,104,96,-24
20,73,1363370960035,73,1363370960163,128,376,384,256
20,32,1363370960163,32,1363370960269,106,128,106,0
20,66,1363370960779,66,1363370960859,80,616,590,510
20,82,1363370960988,82,1363370961083,95,209,224,129
20,73,1363370961131,73,1363370961267,136,143,184,48
20,78,1363370961203,78,1363370961323,120,72,56,-64
20,71,1363370961403,71,1363370961475,72,200,152,80
20,32,1363370961434,32,1363370961571,137,31,96,-41
20,73,1363370961539,73,1363370961635,96,105,64,-32
20,84,1363370961675,84,1363370961739,64,136,104,40
20,32,1363370961763,32,1363370961859,96,88,120,24
20,65,1363370961889,65,1363370962027,138,126,168,30
20,78,1363370962003,78,1363370962099,96,114,72,-24
20,68,1363370962163,68,1363370962262,99,160,163,64
20,32,1363370962262,32,1363370962349,87,99,87,0
20,89,1363370962435,89,1363370962523,88,173,174,86
20,79,1363370962523,79,1363370962659,136,88,136,0
20,85,1363370962595,85,1363370962683,88,72,24,-64
20,86,1363370962755,86,1363370962882,127,160,199,72
20,69,1363370962851,69,1363370962979,128,96,97,-31
20,32,1363370962955,32,1363370963067,112,104,88,-24
20,69,1363370963155,69,1363370963267,112,200,200,88
20,65,1363370963267,65,1363370963403,136,112,136,0
20,84,1363370963524,84,1363370963606,82,257,203,121
20,69,1363370963691,69,1363370963835,144,167,229,85
20,82,1363370963779,82,1363370963878,99,88,43,-56
20,78,1363370963907,78,1363370963955,48,128,77,29
20,8,1363370964291,8,1363370964363,72,384,408,336
20,8,1363370964691,8,1363370964779,88,400,416,328
20,78,1363370965162,78,1363370965298,136,471,519,383
20,190,1363370965946,190,1363370966098,152,784,800,648
20,32,1363370966050,32,1363370966170,120,104,72,-48
20,32,1363370966684,32,1363370966802,118,634,632,514
20,65,1363370967026,65,1363370967114,88,342,312,224
20,77,1363370967138,77,1363370967298,160,112,184,24
20,32,1363370967266,32,1363370967400,134,128,102,-32
20,82,1363370967507,82,1363370967594,87,241,194,107
20,85,1363370967658,85,1363370967768,110,151,174,64
20,78,1363370967842,78,1363370967930,88,184,162,74
20,78,1363370968018,78,1363370968090,72,176,160,88
20,73,1363370968222,73,1363370968299,77,204,209,132
20,78,1363370968258,78,1363370968394,136,36,95,-41
20,71,1363370968434,71,1363370968507,73,176,113,40
20,32,1363370968531,32,1363370968690,159,97,183,24
20,79,1363370968691,79,1363370968855,164,160,165,1
20,85,1363370968818,85,1363370968898,80,127,43,-37
20,84,1363370968947,84,1363370969036,89,129,138,49
20,32,1363370969036,32,1363370969226,190,89,190,0
20,79,1363370969162,79,1363370969274,112,126,48,-64
20,70,1363370969434,70,1363370969514,80,272,240,160
20,32,1363370969530,32,1363370969650,120,96,136,16
20,73,1363370969650,73,1363370969770,120,120,120,0
20,68,1363370969818,68,1363370969978,160,168,208,48
20,69,1363370969954,69,1363370970090,136,136,112,-24
20,65,1363370970074,65,1363370970250,176,120,160,-16
20,83,1363370970250,83,1363370970386,136,176,136,0
20,32,1363370970386,32,1363370970490,104,136,104,0
20,83,1363370970578,83,1363370970658,80,192,168,88
20,79,1363370970919,79,1363370971018,99,341,360,261
20,32,1363370971200,32,1363370971295,95,281,277,182
20,89,1363370971666,89,1363370971746,80,466,451,371
20,69,1363370971802,69,1363370972000,198,136,254,56
20,65,1363370971858,65,1363370972010,152,56,10,-142
20,72,1363370972218,72,1363370972298,80,360,288,208
20,32,1363370972722,32,1363370972858,136,504,560,424
20,66,1363370973568,66,1363370973691,123,846,833,710
20,89,1363370973806,89,1363370973899,93,238,208,115
20,69,1363370974070,69,1363370974195,125,264,296,171
20,85,1363874857057,85,1363874857177,120,88,64,-56
20,32,1363874857393,32,1363874857489,96,336,312,216
20,65,1363874857761,65,1363874857864,103,368,375,272
20,82,1363874858296,82,1363874858409,113,535,545,432
20,69,1363874858401,69,1363874858504,103,105,95,-8
20,78,1363874858569,78,1363874858672,103,168,168,65
20,84,1363874858736,84,1363874858833,97,167,161,64
20,32,1363874858848,32,1363874858984,136,112,151,15
20,72,1363874859169,72,1363874859288,119,321,304,185
20,69,1363874859488,69,1363874859585,97,319,297,200
20,82,1363874859729,82,1363874859848,119,241,263,144
20,69,1363874859808,69,1363874859920,112,79,72,-40
20,32,1363874860096,32,1363874860232,136,288,312,176
20,84,1363874860416,84,1363874860496,80,320,264,184
20,79,1363874860560,79,1363874860672,112,144,176,64
20,68,1363874860745,68,1363874860880,135,185,208,73
20,65,1363874860840,65,1363874860960,120,95,80,-40
20,89,1363874861040,89,1363874861176,136,200,216,80
20,32,1363874861152,32,1363874861264,112,112,88,-24
20,65,1363874861320,65,1363874861441,121,168,177,56
20,78,1363874861424,78,1363874861504,80,104,63,-17
20,68,1363874861569,68,1363874861664,95,145,160,65
20,32,1363874861665,32,1363874861776,111,96,112,1
20,32,1363874862233,32,1363874862400,167,568,624,457
20,77,1363874862456,77,1363874862560,104,223,160,56
20,73,1363874862632,73,1363874862728,96,176,168,72
20,83,1363874862744,83,1363874862808,64,112,80,16
20,83,1363874862904,83,1363874863000,96,160,192,96
20,32,1363874863040,32,1363874863137,97,136,137,40
20,89,1363874863328,89,1363874863416,88,288,279,191
20,79,1363874863432,79,1363874863552,120,104,136,16
20,85,1363874863520,85,1363874863600,80,88,48,-32
20,188,1363874863952,188,1363874864128,176,432,528,352
20,32,1363874864200,32,1363874864360,160,248,232,72
20,32,1363874864952,32,1363874865048,96,752,688,592
20,68,1363874865096,68,1363874865176,80,144,128,48
20,73,1363874865200,73,1363874865280,80,104,104,24
20,68,1363874865280,68,1363874865376,96,80,96,0
20,78,1363874865432,78,1363874865544,112,152,168,56
20,84,1363874865576,84,1363874865688,112,144,144,32
20,32,1363874865688,32,1363874865816,128,112,128,0
20,71,1363874865832,71,1363874865928,96,144,112,16
20,69,1363874865928,69,1363874866064,136,96,136,0
20,84,1363874866032,84,1363874866128,96,104,64,-32
20,32,1363874866128,32,1363874866216,88,96,88,0
20,84,1363874866256,84,1363874866361,105,128,145,40
20,79,1363874866361,79,1363874866480,119,105,119,0
20,32,1363874866432,32,1363874866520,88,71,40,-48
20,66,1363874866840,66,1363874866960,120,408,440,320
20,82,1363874867040,82,1363874867168,128,200,208,80
20,73,1363874867168,73,1363874867296,128,128,128,0
20,78,1363874867232,78,1363874867352,120,64,56,-64
20,71,1363874867400,71,1363874867472,72,168,120,48
20,32,1363874867472,32,1363874867585,113,72,113,0
20,89,1363874867642,89,1363874867713,71,170,128,57
20,79,1363874867745,79,1363874867913,168,103,200,32
20,85,1363874867849,85,1363874867953,104,104,40,-64
20,32,1363874867929,32,1363874868041,112,80,88,-24
20,66,1363874868145,66,1363874868249,104,216,208,104
20,82,1363874868401,82,1363874868561,160,256,312,152
20,69,1363874868529,69,1363874868665,136,128,104,-32
20,65,1363874868665,65,1363874868793,128,136,128,0
20,75,1363874868865,75,1363874869017,152,200,224,72
20,70,1363874869129,70,1363874869233,104,264,216,112
20,65,1363874869265,65,1363874869345,80,136,112,32
20,83,1363874869369,83,1363874869481,112,104,136,24
20,84,1363874869705,84,1363874869809,104,336,328,224
20,32,1363874869849,32,1363874869953,104,144,144,40
20,65,1363874869985,65,1363874870137,152,136,184,32
20,78,1363874870097,78,1363874870169,72,112,32,-40
20,68,1363874870217,68,1363874870321,104,120,152,48
20,32,1363874870353,32,1363874870441,88,136,120,32
20,16,1363874870473,16,1363874870673,200,120,232,32
20,73,1363874870577,73,1363874870673,96,104,0,-96
20,32,1363874870633,32,1363874870721,88,56,48,-40
20,65,1363874870793,65,1363874870889,96,160,168,72
20,77,1363874870889,77,1363874871017,128,96,128,0
20,32,1363874870985,32,1363874871081,96,96,64,-32
20,65,1363874871201,65,1363874871281,80,216,200,120
20,76,1363874871657,76,1363874871737,80,456,456,376
20,32,1363874871937,32,1363874872065,128,280,328,200
20,65,1363874872129,65,1363874872209,80,192,144,64
20,76,1363874872233,76,1363874872329,96,104,120,24
20,79,1363874872457,79,1363874872609,152,224,280,128
20,78,1363874873257,78,1363874873393,136,800,784,648
20,69,1363874873481,69,1363874873577,96,224,184,88
20,32,1363874873609,32,1363874873777,168,128,200,32
20,73,1363874873753,73,1363874873881,128,144,104,-24
20,78,1363874873905,78,1363874874017,112,152,136,24
20,32,1363874873993,32,1363874874113,120,88,96,-24
20,84,1363874874089,84,1363874874209,120,96,96,-24
20,72,1363874874209,72,1363874874361,152,120,152,0
20,73,1363874874329,73,1363874874433,104,120,72,-32
20,83,1363874874433,83,1363874874537,104,104,104,0
20,32,1363874874553,32,1363874874665,112,120,128,16
20,82,1363874874896,82,1363874874976,80,343,311,231
20,79,1363874875064,79,1363874875145,81,168,169,88
20,79,1363874875225,79,1363874875337,112,161,192,80
20,77,1363874875393,77,1363874875472,79,168,135,56
20,190,1363874875713,190,1363874875889,176,320,417,241
20,32,1363874875800,32,1363874875936,136,87,47,-89
20,16,1363874876073,16,1363874876544,471,273,608,137
20,70,1363874876489,70,1363874876576,87,416,32,-55
20,69,1363874876640,69,1363874876728,88,151,152,64
20,69,1363874876824,69,1363874876905,81,184,177,96
20,76,1363874876905,76,1363874877016,111,81,111,0
20,83,1363874877072,83,1363874877169,97,167,153,56
20,32,1363874877169,32,1363874877312,143,97,143,0
20,87,1363874877448,87,1363874877536,88,279,224,136
20,69,1363874878048,69,1363874878136,88,600,600,512
20,73,1363874878232,73,1363874878304,72,184,168,96
20,82,1363874878353,82,1363874878424,71,121,120,49
20,68,1363874878560,68,1363874878648,88,207,224,136
20,32,1363874878696,32,1363874878824,128,136,176,48
20,87,1363874878920,87,1363874879008,88,224,184,96
20,73,1363874879056,73,1363874879144,88,136,136,48
20,84,1363874879232,84,1363874879328,96,176,184,88
20,72,1363874879384,72,1363874879472,88,152,144,56
20,79,1363874879520,79,1363874879704,184,136,232,48
20,85,1363874879632,85,1363874879736,104,112,32,-72
20,84,1363874880120,84,1363874880192,72,488,456,384
20,32,1363874880264,32,1363874880384,120,144,192,72
20,89,1363874880512,89,1363874880608,96,248,224,128
20,79,1363874880608,79,1363874880745,137,96,137,0
20,85,1363874880712,85,1363874880824,112,104,79,-33
20,32,1363874880800,32,1363874880896,96,88,72,-24
20,72,1363874881024,72,1363874881104,80,224,208,128
20,69,1363874881240,69,1363874881312,72,216,208,136
20,82,1363874881313,82,1363874881456,143,73,144,1
20,69,1363874881520,69,1363874881608,88,207,152,64
20,190,1363874881856,190,1363874881992,136,336,384,248
20,32,1363874882032,32,1363874882120,88,176,128,40
20,32,1363874882408,32,1363874882496,88,376,376,288
20,72,1363874882624,72,1363874882744,120,216,248,128
20,79,1363874883048,79,1363874883144,96,424,400,304
20,80,1363874883233,80,1363874883328,95,185,184,89
20,69,1363874883488,69,1363874883592,104,255,264,160
20,32,1363874883712,32,1363874883824,112,224,232,120
20,89,1363874883960,89,1363874884048,88,248,224,136
20,79,1363874884049,79,1363874884176,127,89,128,1
20,85,1363874884120,85,1363874884208,88,71,32,-56
20,82,1363874884304,82,1363874884392,88,184,184,96
20,32,1363874884416,32,1363874884504,88,112,112,24
20,67,1363874884608,67,1363874884712,104,192,208,104
20,65,1363874884712,65,1363874884872,160,104,160,0
20,82,1363874884872,82,1363874884944,72,160,72,0
20,32,1363874885241,32,1363874885345,104,369,401,297
20,71,1363874885689,71,1363874885801,112,448,456,344
20,69,1363874885849,69,1363874885921,72,160,120,48
20,84,1363874885905,84,1363874886097,192,56,176,-16
20,83,1363874886097,83,1363874886217,120,192,120,0
20,32,1363874886249,32,1363874886369,120,152,152,32
20,70,1363874886465,70,1363874886529,64,216,160,96
20,73,1363874886593,73,1363874886673,80,128,144,64
20,88,1363874886857,88,1363874886961,104,264,288,184
20,69,1363874887113,69,1363874887217,104,256,256,152
20,68,1363874887337,68,1363874887441,104,224,224,120
20,32,1363874887441,32,1363874887545,104,104,104,0
20,84,1363874887617,84,1363874887689,72,176,144,72
20,80,1363874888025,80,1363874888161,136,408,472,336
20,68,1363874888225,68,1363874888329,104,200,168,64
20,65,1363874888297,65,1363874888425,128,72,96,-32
20,89,1363874888577,89,1363874888673,96,280,248,152
20,32,1363874888993,32,1363874889129,136,416,456,320
20,65,1363874889673,65,1363874889817,144,680,688,544
20,78,1363874889873,78,1363874889985,112,200,168,56
20,68,1363874890065,68,1363874890177,112,192,192,80
20,32,1363874890625,32,1363874890729,104,560,552,448
20,89,1363874891209,89,1363874891281,72,584,552,480
20,79,1363874891313,79,1363874891465,152,104,184,32
20,85,1363874891425,85,1363874891521,96,112,56,-40
20,32,1363874891665,32,1363874891777,112,240,256,144
20,65,1363874891833,65,1363874891977,144,168,200,56
20,82,1363874892081,82,1363874892257,176,248,280,104
20,69,1363874892217,69,1363874892353,136,136,96,-40
20,32,1363874892529,32,1363874892641,112,312,288,176
20,65,1363874892657,65,1363874892777,120,128,136,16
20,66,1363874892881,66,1363874892993,112,224,216,104
20,76,1363874893017,76,1363874893129,112,136,136,24
20,69,1363874893321,69,1363874893496,175,304,367,192
20,32,1363874893577,32,1363874893706,129,256,210,81
20,84,1363874893776,84,1363874893856,80,199,150,70
20,79,1363874893857,79,1363874893994,137,81,138,1
20,32,1363874893961,32,1363874894080,119,104,86,-33
20,71,1363874894081,71,1363874894152,71,120,72,1
20,69,1363874894176,69,1363874894320,144,95,168,24
20,84,1363874894321,84,1363874894369,48,145,49,1
20,32,1363874894425,32,1363874894585,160,104,216,56
20,87,1363874894865,87,1363874894976,111,440,391,280
20,79,1363874894992,79,1363874895088,96,127,112,16
20,82,1363874895161,82,1363874895240,79,169,152,73
20,75,1363874895328,75,1363874895480,152,167,240,88
20,32,1363874895456,32,1363874895553,97,128,73,-24
20,68,1363874895912,68,1363874896032,120,456,479,359
20,79,1363874896016,79,1363874896120,104,104,88,-16
20,78,1363874896240,78,1363874896336,96,224,216,120
20,69,1363874896464,69,1363874896560,96,224,224,128
20,190,1363874896816,190,1363874896928,112,352,368,256
20,32,1363874897032,32,1363874897168,136,216,240,104
20,79,1363874897912,79,1363874898104,192,880,936,744
20,85,1363874898048,85,1363874898185,137,136,81,-56
20,32,1363874898185,32,1363874898304,119,137,119,0
20,87,1363874898704,87,1363874898800,96,519,496,400
20,79,1363874898888,79,1363874899000,112,184,200,88
20,82,1363874899088,82,1363874899176,88,200,176,88
20,75,1363874899256,75,1363874899384,128,168,208,80
20,32,1363874899384,32,1363874899472,88,128,88,0
20,86,1363874899704,86,1363874899808,104,320,336,232
20,69,1363874899856,69,1363874899992,136,152,184,48
20,82,1363874899928,82,1363874900040,112,72,48,-64
20,89,1363874900232,89,1363874900328,96,304,288,192
20,32,1363874900344,32,1363874900496,152,112,168,16
20,72,1363874900480,72,1363874900608,128,136,112,-16
20,65,1363874900632,65,1363874900800,168,152,192,24
20,82,1363874900752,82,1363874900848,96,120,48,-48
20,68,1363874901000,68,1363874901128,128,248,280,152
20,32,1363874901144,32,1363874901272,128,144,144,16
20,65,1363874901288,65,1363874901424,136,144,152,16
20,78,1363874901424,78,1363874901512,88,136,88,0
20,68,1363874901528,68,1363874901648,120,104,136,16
20,32,1363874901648,32,1363874901752,104,120,104,0
20,16,1363874901776,16,1363874902008,232,128,256,24
20,73,1363874901888,73,1363874902008,120,112,0,-120
20,32,1363874901960,32,1363874902072,112,72,64,-48
20,76,1363874902200,76,1363874902272,72,240,200,128
20,79,1363874902440,79,1363874902577,137,240,305,168
20,86,1363874902777,86,1363874902889,112,337,312,200
20,69,1363874902889,69,1363874903010,121,112,121,0
20,32,1363874903057,32,1363874903161,104,168,151,47
20,84,1363874903193,84,1363874903297,104,136,136,32
20,72,1363874903337,72,1363874903393,56,144,96,40
20,65,1363874903433,65,1363874903561,128,96,168,40
20,84,1363874903505,84,1363874903617,112,72,56,-56
20,32,1363874903633,32,1363874903753,120,128,136,16
20,65,1363874903753,65,1363874903865,112,120,112,0
20,66,1363874903969,66,1363874904089,120,216,224,104
20,79,1363874904105,79,1363874904233,128,136,144,16
20,85,1363874904185,85,1363874904305,120,80,72,-48
20,84,1363874904377,84,1363874904465,88,192,160,72
20,32,1363874904497,32,1363874904601,104,120,136,32
20,89,1363874904713,89,1363874904809,96,216,208,112
20,79,1363874904809,79,1363874904929,120,96,120,0
20,85,1363874904889,85,1363874904977,88,80,48,-40
20,188,1363874905809,188,1363874905985,176,920,1008,832
20,32,1363874905937,32,1363874906081,144,128,96,-48
20,69,1363874906081,69,1363874906185,104,144,104,0
20,86,1363874906281,86,1363874906401,120,200,216,96
20,69,1363874906361,69,1363874906481,120,80,80,-40
20,78,1363874906497,78,1363874906601,104,136,120,16
20,32,1363874906569,32,1363874906729,160,72,128,-32
20,73,1363874906753,73,1363874906873,120,184,144,24
20,70,1363874906921,70,1363874907025,104,168,152,48
20,32,1363874907001,32,1363874907161,160,80,136,-24
20,73,1363874907113,73,1363874907233,120,112,72,-48
20,84,1363874907257,84,1363874907377,120,144,144,24
20,32,1363874907377,32,1363874907489,112,120,112,0
20,77,1363874907609,77,1363874907713,104,232,224,120
20,69,1363874907737,69,1363874907889,152,128,176,24
20,65,1363874907817,65,1363874907945,128,80,56,-72
20,78,1363874907945,78,1363874908073,128,128,128,0
20,83,1363874908169,83,1363874908281,112,224,208,96
20,32,1363874908313,32,1363874908449,136,144,168,32
20,16,1363874908577,16,1363874908809,232,264,360,128
20,73,1363874908681,73,1363874908809,128,104,0,-128
20,32,1363874908809,32,1363874908857,48,128,48,0
20,68,1363874909041,68,1363874909137,96,232,280,184
20,79,1363874909137,79,1363874909233,96,96,96,0
20,78,1363874909345,78,1363874909441,96,208,208,112
20,84,1363874909497,84,1363874909585,88,152,144,56
20,32,1363874909609,32,1363874909753,144,112,168,24
20,71,1363874909775,71,1363874909897,122,166,144,22
20,69,1363874909920,69,1363874910032,112,145,135,23
20,84,1363874910049,84,1363874910105,56,129,73,17
20,84,1363874910345,84,1363874910441,96,296,336,240
20,32,1363874910689,32,1363874910800,111,344,359,248
20,84,1363874911113,84,1363874911193,80,424,393,313
20,79,1363874911272,79,1363874911401,129,159,208,79
20,32,1363874911376,32,1363874911488,112,104,87,-25
20,83,1363874911624,83,1363874911872,248,248,384,136
20,69,1363874911928,69,1363874912032,104,304,160,56
20,69,1363874912136,69,1363874912216,80,208,184,104
20,32,1363874912256,32,1363874912377,121,120,161,40
20,89,1363874912464,89,1363874912537,73,208,160,87
20,84,1363874912466,84,1363874912537,71,2,0,-71
20,79,1363874912600,79,1363874912752,152,134,215,63
20,8,1363874913080,8,1363874913145,65,480,393,328
20,8,1363874913248,8,1363874913288,40,168,143,103
20,79,1363874913568,79,1363874913736,168,320,448,280
20,85,1363874913688,85,1363874913773,85,120,37,-48
20,32,1363874913856,32,1363874913944,88,168,171,83
20,65,1363874913992,65,1363874914168,176,136,224,48
20,83,1363874914216,83,1363874914345,129,224,177,48
20,32,1363874914345,32,1363874914496,151,129,151,0
20,79,1363874914497,79,1363874914624,127,152,128,1
20,70,1363874914792,70,1363874914848,56,295,224,168
20,84,1363874914968,84,1363874915112,144,176,264,120
20,69,1363874915096,69,1363874915192,96,128,80,-16
20,78,1363874915240,78,1363874915352,112,144,160,48
20,32,1363874915328,32,1363874915432,104,88,80,-24
20,65,1363874915456,65,1363874915576,120,128,144,24
20,83,1363874915576,83,1363874915680,104,120,104,0
20,32,1363874915760,32,1363874915872,112,184,192,80
20,222,1363874916632,222,1363874916736,104,872,864,760
20,68,1363874916848,68,1363874916944,96,216,208,112
20,32,1363874916928,32,1363874917136,208,80,192,-16
20,76,1363874917072,76,1363874917224,152,144,88,-64
20,73,1363874917256,73,1363874917336,80,184,112,32
20,75,1363874917488,75,1363874917536,48,232,200,152
20,69,1363874917648,69,1363874917760,112,160,224,112
20,190,1363874917872,190,1363874917992,120,224,232,112
20,32,1363874917976,32,1363874918096,120,104,104,-16
20,79,1363874918640,79,1363874918720,80,664,624,544
20,86,1363874918776,86,1363874918888,112,136,168,56
20,69,1363874918864,69,1363874918976,112,88,88,-24
20,32,1363874919000,32,1363874919144,144,136,168,24
20,89,1363874919145,89,1363874919248,103,145,104,1
20,79,1363874919248,79,1363874919360,112,103,112,0
20,85,1363874919312,85,1363874919408,96,64,48,-48
20,72,1363989559150,72,1363989559254,104,312,8,-96
20,73,1363989559374,73,1363989559455,81,224,201,120
20,188,1363989559807,188,1363989559967,160,433,512,352
20,32,1363989559903,32,1363989560055,152,96,88,-64
20,222,1363989560655,222,1363989560815,160,752,760,600
20,77,1363989561015,77,1363989561127,112,360,312,200
20,32,1363989561303,32,1363989561391,88,288,264,176
20,72,1363989562007,72,1363989562142,135,704,751,616
20,85,1363989562130,85,1363989562238,108,123,96,-12
20,78,1363989562350,78,1363989562446,96,220,208,112
20,71,1363989562494,71,1363989562631,137,144,185,48
20,82,1363989562934,82,1363989563078,144,440,447,303
20,89,1363989563142,89,1363989563239,97,208,161,64
20,188,1363989563406,188,1363989563550,144,264,311,167
20,32,1363989563518,32,1363989563622,104,112,72,-32
20,83,1363989563774,83,1363989563878,104,256,256,152
20,79,1363989563910,79,1363989564046,136,136,168,32
20,32,1363989563958,32,1363989564078,120,48,32,-88
20,84,1363989564158,84,1363989564262,104,200,184,80
20,72,1363989564238,72,1363989564358,120,80,96,-24
20,69,1363989564406,69,1363989564502,96,168,144,48
20,82,1363989564502,82,1363989564655,153,96,153,0
20,69,1363989564655,69,1363989564727,72,153,72,0
20,70,1363989564839,70,1363989564926,87,184,199,112
20,79,1363989564990,79,1363989565094,104,151,168,64
20,82,1363989565422,82,1363989565566,144,432,472,328
20,69,1363989565542,69,1363989565647,105,120,81,-24
20,32,1363989565735,32,1363989565830,95,193,183,88
20,77,1363989565990,77,1363989566094,104,255,264,160
20,89,1363989566166,89,1363989566270,104,176,176,72
20,32,1363989566318,32,1363989566430,112,152,160,48
20,84,1363989566463,84,1363989566566,103,145,136,33
20,89,1363989566710,89,1363989566791,81,247,225,144
20,80,1363989566838,80,1363989566974,136,128,183,47
20,73,1363989567094,73,1363989567222,128,256,248,120
20,78,1363989567286,78,1363989567398,112,192,176,64
20,32,1363989567526,32,1363989567646,120,240,248,128
20,71,1363989567646,71,1363989567742,96,120,96,0
20,8,1363989568342,8,1363989568406,64,696,664,600
20,8,1363989568462,8,1363989568558,96,120,152,56
20,71,1363989568606,71,1363989568710,104,144,152,48
20,32,1363989568862,32,1363989568974,112,256,264,152
20,87,1363989569006,87,1363989569078,72,144,104,32
20,73,1363989569430,73,1363989569526,96,424,448,352
20,76,1363989569678,76,1363989569798,120,248,272,152
20,76,1363989569822,76,1363989569958,136,144,160,24
20,32,1363989569942,32,1363989570030,88,120,72,-16
20,80,1363989570462,80,1363989570558,96,520,528,432
20,82,1363989570838,82,1363989570934,96,376,376,280
20,79,1363989570958,79,1363989571070,112,120,136,24
20,66,1363989571318,66,1363989571406,88,360,336,248
20,65,1363989571494,65,1363989571638,144,176,232,88
20,66,1363989571678,66,1363989571790,112,184,152,40
20,76,1363989571822,76,1363989571926,104,144,136,32
20,89,1363989572006,89,1363989572086,80,184,160,80
20,32,1363989572118,32,1363989572222,104,112,136,32
20,66,1363989572366,66,1363989572462,96,248,240,144
20,69,1363989572502,69,1363989572598,96,136,136,40
20,32,1363989572630,32,1363989572718,88,128,120,32
20,86,1363989572950,86,1363989573054,104,320,336,232
20,69,1363989573110,69,1363989573230,120,160,176,56
20,82,1363989573174,82,1363989573295,121,64,65,-56
20,89,1363989573438,89,1363989573526,88,264,231,143
20,32,1363989573566,32,1363989573670,104,128,144,40
20,83,1363989573710,83,1363989573830,120,144,160,40
20,76,1363989573830,76,1363989573926,96,120,96,0
20,79,1363989574350,79,1363989574446,96,520,520,424
20,87,1363989574542,87,1363989574622,80,192,176,96
20,190,1363989574838,190,1363989574982,144,296,360,216
20,32,1363989575118,32,1363989575254,136,280,272,136
20,16,1363989575310,16,1363989575526,216,192,272,56
20,73,1363989575454,73,1363989575574,120,144,48,-72
20,32,1363989575542,32,1363989575630,88,88,56,-32
20,68,1363989576030,68,1363989576118,88,488,488,400
20,79,1363989576206,79,1363989576310,104,176,192,88
20,78,1363989576422,78,1363989576510,88,216,200,112
20,84,1363989576542,84,1363989576622,80,120,112,32
20,32,1363989576622,32,1363989576742,120,80,120,0
20,75,1363989576702,75,1363989576854,152,80,112,-40
20,78,1363989576822,78,1363989576951,129,120,97,-32
20,79,1363989577015,79,1363989577103,88,193,152,64
20,87,1363989577127,87,1363989577223,96,112,120,24
20,32,1363989577255,32,1363989577335,80,128,112,32
20,87,1363989577367,87,1363989577471,104,112,136,32
20,72,1363989577471,72,1363989577567,96,104,96,0
20,65,1363989577567,65,1363989577703,136,96,136,0
20,84,1363989577719,84,1363989577807,88,152,104,16
20,32,1363989577807,32,1363989577863,56,88,56,0
20,84,1363989577935,84,1363989578007,72,128,144,72
20,79,1363989577983,79,1363989578111,128,48,104,-24
20,32,1363989578055,32,1363989578151,96,72,40,-56
20,84,1363989578151,84,1363989578263,112,96,112,0
20,89,1363989578399,89,1363989578487,88,248,224,136
20,80,1363989578543,80,1363989578631,88,144,144,56
20,69,1363989578727,69,1363989578808,81,184,177,96
20,32,1363989578872,32,1363989578958,86,145,150,64
20,84,1363989579031,84,1363989579143,112,159,185,73
20,79,1363989579143,79,1363989579231,88,112,88,0
20,68,1363989579343,68,1363989579479,136,200,248,112
20,65,1363989579454,65,1363989579591,137,111,112,-25
20,89,1363989579591,89,1363989579671,80,137,80,0
20,188,1363989580015,188,1363989580150,135,424,479,344
20,32,1363989580118,32,1363989580230,112,103,80,-32
20,66,1363989580598,66,1363989580670,72,480,440,368
20,85,1363989580823,85,1363989580918,95,225,248,153
20,84,1363989580982,84,1363989581078,96,159,160,64
20,32,1363989581079,32,1363989581174,95,97,96,1
20,73,1363989581238,73,1363989581366,128,159,192,64
20,32,1363989581342,32,1363989581470,128,104,104,-24
20,76,1363989581534,76,1363989581646,112,192,176,64
20,79,1363989581750,79,1363989581846,96,216,200,104
20,86,1363989581870,86,1363989581982,112,120,136,24
20,69,1363989581958,69,1363989582110,152,88,128,-24
20,32,1363989582102,32,1363989582190,88,144,80,-8
20,89,1363989582294,89,1363989582390,96,192,200,104
20,79,1363989582438,79,1363989582550,112,144,160,48
20,85,1363989582550,85,1363989582638,88,112,88,0
20,32,1363989582654,32,1363989582783,129,104,145,16
20,86,1363989582839,86,1363989582958,119,185,175,56
20,69,1363989582958,69,1363989583110,152,119,152,0
20,82,1363989583046,82,1363989583166,120,88,56,-64
20,89,1363989583342,89,1363989583430,88,296,264,176
20,32,1363989583462,32,1363989583679,217,120,249,32
20,77,1363989583655,77,1363989583750,95,193,71,-24
20,85,1363989583886,85,1363989584006,120,231,256,136
20,67,1363989584086,67,1363989584190,104,200,184,80
20,72,1363989584254,72,1363989584342,88,168,152,64
20,32,1363989584438,32,1363989584542,104,184,200,96
20,65,1363989584567,65,1363989584654,87,129,112,25
20,78,1363989584670,78,1363989584758,88,103,104,16
20,68,1363989584814,68,1363989584942,128,144,184,56
20,32,1363989584958,32,1363989585046,88,144,104,16
20,32,1363989585494,32,1363989585590,96,536,544,448
20,65,1363989585702,65,1363989585830,128,208,240,112
20,77,1363989585830,77,1363989585942,112,128,112,0
20,32,1363989585902,32,1363989585998,96,72,56,-40
20,80,1363989586502,80,1363989586606,104,600,608,504
20,82,1363989586662,82,1363989586758,96,160,152,56
20,79,1363989586790,79,1363989586894,104,128,136,32
20,85,1363989587022,85,1363989587118,96,232,224,128
20,68,1363989587222,68,1363989587334,112,200,216,104
20,32,1363989587334,32,1363989587462,128,112,128,0
20,79,1363989587462,79,1363989587558,96,128,96,0
20,70,1363989587598,70,1363989587678,80,136,120,40
20,32,1363989587678,32,1363989587790,112,80,112,0
20,65,1363989587846,65,1363989587958,112,168,168,56
20,76,1363989588158,76,1363989588286,128,312,328,200
20,32,1363989588230,32,1363989588326,96,72,40,-56
20,84,1363989588374,84,1363989588470,96,144,144,48
20,72,1363989588470,72,1363989588550,80,96,80,0
20,69,1363989588574,69,1363989588678,104,104,128,24
20,32,1363989588678,32,1363989588782,104,104,104,0
20,72,1363989588942,72,1363989589030,88,264,248,160
20,65,1363989589030,65,1363989589182,152,88,152,0
20,82,1363989589134,82,1363989589262,128,104,80,-48
20,68,1363989589382,68,1363989589486,104,248,224,120
20,32,1363989589526,32,1363989589614,88,144,128,40
20,87,1363989589638,87,1363989589742,104,112,128,24
20,79,1363989589766,79,1363989589854,88,128,112,24
20,82,1363989589894,82,1363989590022,128,128,168,40
20,75,1363989590022,75,1363989590158,136,128,136,0
20,32,1363989590110,32,1363989590238,128,88,80,-48
20,89,1363989590318,89,1363989590414,96,208,176,80
20,79,1363989590430,79,1363989590662,232,112,248,16
20,85,1363989590534,85,1363989590662,128,104,0,-128
20,32,1363989590614,32,1363989590726,112,80,64,-48
20,68,1363989590798,68,1363989590910,112,184,184,72
20,79,1363989590910,79,1363989591006,96,112,96,0
20,190,1363989591286,190,1363989591422,136,376,416,280
20,32,1363989591382,32,1363989591518,136,96,96,-40
20,16,1363989591646,16,1363989593566,1920,264,2048,128
20,84,1363989593566,84,1363989593678,112,1920,112,0
20,72,1363989593726,72,1363989593806,80,160,128,48
20,65,1363989593918,65,1363989594046,128,192,240,112
20,84,1363989594046,84,1363989594198,152,128,152,0
20,83,1363989594198,83,1363989594310,112,152,112,0
20,32,1363989594326,32,1363989594415,89,128,105,16
20,65,1363989594455,65,1363989594575,120,129,160,40
20,76,1363989594591,76,1363989594639,48,136,64,16
20,76,1363989594751,76,1363989594879,128,160,240,112
20,32,1363989594847,32,1363989594975,128,96,96,-32
20,16,1363989595015,16,1363989595231,216,168,256,40
20,73,1363989595127,73,1363989595247,120,112,16,-104
20,32,1363989595247,32,1363989595351,104,120,104,0
20,72,1363989595632,72,1363989595727,95,385,376,281
20,65,1363989595767,65,1363989595911,144,135,184,40
20,86,1363989596047,86,1363989596183,136,280,272,136
20,69,1363989596183,69,1363989596302,119,136,119,0
20,188,1363989596439,188,1363989596598,159,256,296,137
20,32,1363989596542,32,1363989596678,136,103,80,-56
20,85,1363989597311,85,1363989597414,103,769,736,633
20,77,1363989597590,77,1363989597662,72,279,248,176
20,188,1363989597910,188,1363989598022,112,320,360,248
20,32,1363989597999,32,1363989598118,119,89,96,-23
20,89,1363989598518,89,1363989598622,104,519,504,400
20,79,1363989598662,79,1363989598870,208,144,248,40
20,85,1363989598782,85,1363989598926,144,120,56,-88
20,32,1363989598854,32,1363989598982,128,72,56,-72
20,87,1363989599231,87,1363989599302,71,377,320,249
20,65,1363989599270,65,1363989599406,136,39,104,-32
20,78,1363989599566,78,1363989599686,120,296,280,160
20,84,1363989599838,84,1363989599935,97,272,249,152
20,32,1363989600038,32,1363989600142,104,200,207,103
20,65,1363989600230,65,1363989600358,128,192,216,88
20,32,1363989600358,32,1363989600494,136,128,136,0
20,75,1363989600550,75,1363989600662,112,192,168,56
20,73,1363989600798,73,1363989600862,64,248,200,136
20,83,1363989601078,83,1363989601190,112,280,328,216
20,83,1363989601286,83,1363989601398,112,208,208,96
20,32,1363989601438,32,1363989601542,104,152,144,40
20,65,1363989601606,65,1363989601774,168,168,232,64
20,78,1363989601734,78,1363989601830,96,128,56,-40
20,68,1363989601878,68,1363989602006,128,144,176,48
20,32,1363989602702,32,1363989602870,168,824,864,696
20,16,1363989603318,16,1363989603558,240,616,688,448
20,73,1363989603454,73,1363989603558,104,136,0,-104
20,32,1363989603710,32,1363989603822,112,256,264,152
20,67,1363989603902,67,1363989604030,128,192,208,80
20,65,1363989603990,65,1363989604126,136,88,96,-40
20,78,1363989604126,78,1363989604246,120,136,120,0
20,32,1363989604190,32,1363989604318,128,64,72,-56
20,84,1363989604454,84,1363989604606,152,264,288,136
20,69,1363989604606,69,1363989604726,120,152,120,0
20,76,1363989604782,76,1363989604862,80,176,136,56
20,76,1363989604966,76,1363989605046,80,184,184,104
20,32,1363989605014,32,1363989605166,152,48,120,-32
20,66,1363989605166,66,1363989605279,113,152,113,0
20,85,1363989605279,85,1363989605390,111,113,111,0
20,84,1363989605414,84,1363989605510,96,135,120,24
20,32,1363989605510,32,1363989605606,96,96,96,0
20,16,1363989605678,16,1363989605822,144,168,216,72
20,73,1363989605782,73,1363989605870,88,104,48,-40
20,32,1363989605822,32,1363989605910,88,40,40,-48
20,65,1363989606062,65,1363989606166,104,240,256,152
20,77,1363989606206,77,1363989606326,120,144,160,40
20,32,1363989606278,32,1363989606382,104,72,56,-48
20,84,1363989606486,84,1363989606558,72,208,176,104
20,89,1363989606710,89,1363989606790,80,224,232,152
20,80,1363989606862,80,1363989606958,96,152,168,72
20,73,1363989607102,73,1363989607206,104,240,248,144
20,78,1363989607286,78,1363989607398,112,184,192,80
20,71,1363989607430,71,1363989607518,88,144,120,32
20,32,1363989607518,32,1363989607632,114,88,114,0
20,83,1363989607838,83,1363989607990,152,320,358,206
20,79,1363989607990,79,1363989608102,112,152,112,0
20,32,1363989608062,32,1363989608166,104,72,64,-40
20,16,1363989608222,16,1363989608430,208,160,264,56
20,73,1363989608366,73,1363989608462,96,144,32,-64
20,32,1363989608430,32,1363989608510,80,64,48,-32
20,67,1363989608574,67,1363989608726,152,144,216,64
20,65,1363989608702,65,1363989608862,160,128,136,-24
20,78,1363989608830,78,1363989608902,72,128,40,-32
20,84,1363989609094,84,1363989609254,160,264,352,192
20,190,1363989609510,190,1363989609614,104,416,360,256
20,32,1363989609590,32,1363989609702,112,80,88,-24
20,16,1363989609766,16,1363989610014,248,176,312,64
20,84,1363989609942,84,1363989610086,144,176,72,-72
20,72,1363989610118,72,1363989610214,96,176,128,32
20,69,1363989610406,69,1363989610518,112,288,304,192
20,82,1363989610550,82,1363989610694,144,144,176,32
20,69,1363989610670,69,1363989610774,104,120,80,-24
20,32,1363989610974,32,1363989611110,136,304,336,200
20,87,1363989611334,87,1363989611430,96,360,320,224
20,65,1363989611446,65,1363989611574,128,112,144,16
20,83,1363989611606,83,1363989611774,168,160,200,32
20,32,1363989611814,32,1363989611887,73,208,113,40
20,65,1363989611943,65,1363989612071,128,129,184,56
20,32,1363989612407,32,1363989612503,96,464,432,336
20,85,1363989612703,85,1363989612815,112,296,312,200
20,78,1363989613215,78,1363989613343,128,512,528,400
20,73,1363989613575,73,1363989613695,120,360,352,232
20,67,1363989613831,67,1363989613927,96,256,232,136
20,79,1363989614063,79,1363989614159,96,232,232,136
20,82,1363989614551,82,1363989614639,88,488,480,392
20,78,1363989614718,78,1363989614823,105,167,184,79
20,32,1363989614911,32,1363989615030,119,193,207,88
20,78,1363989615118,78,1363989615230,112,207,200,88
20,65,1363989615286,65,1363989615430,144,168,200,56
20,77,1363989615478,77,1363989615590,112,192,160,48
20,69,1363989615591,69,1363989615726,135,113,136,1
20,68,1363989615806,68,1363989615926,120,215,200,80
20,32,1363989615918,32,1363989616054,136,112,128,-8
20,66,1363989616270,66,1363989616390,120,352,336,216
20,73,1363989616430,73,1363989616502,72,160,112,40
20,76,1363989616670,76,1363989616734,64,240,232,168
20,76,1363989616838,76,1363989616926,88,168,192,104
20,190,1363989617142,190,1363989617278,136,304,352,216
20,32,1363989617279,32,1363989617414,135,137,136,1
20,84,1363989617550,84,1363989617662,112,271,248,136
20,72,1363989617686,72,1363989617790,104,136,128,24
20,65,1363989617806,65,1363989617926,120,120,136,16
20,84,1363989617927,84,1363989618039,112,121,113,1
20,32,1363989618023,32,1363989618181,158,96,142,-16
20,73,1363989618157,73,1363989618277,120,134,96,-24
20,83,1363989618341,83,1363989618414,73,184,137,64
20,32,1363989618438,32,1363989618533,95,97,119,24
20,65,1363989618774,65,1363989618893,119,336,360,241
20,76,1363989618998,76,1363989619037,39,224,144,105
20,76,1363989619181,76,1363989619285,104,183,248,144
20,72,1364480619097,72,1364480619201,104,200,200,96
20,65,1364480619201,65,1364480619337,136,104,136,0
20,68,1364480619321,68,1364480619449,128,120,112,-16
20,32,1364480619425,32,1364480619505,80,104,56,-24
20,65,1364480619537,65,1364480619657,120,112,152,32
20,32,1364480619657,32,1364480619737,80,120,80,0
20,81,1364480619873,81,1364480619977,104,216,240,136
20,85,1364480619977,85,1364480620049,72,104,72,0
20,73,1364480620153,73,1364480620249,96,176,200,104
20,90,1364480620577,90,1364480620689,112,424,440,328
20,32,1364480620737,32,1364480620832,95,160,143,48
20,84,1364480620969,84,1364480621057,88,232,225,137
20,79,1364480621072,79,1364480621152,80,103,95,15
20,68,1364480621313,68,1364480621416,103,241,264,161
20,65,1364480621401,65,1364480621489,88,88,73,-15
20,89,1364480621616,89,1364480621785,169,215,296,127
20,32,1364480621744,32,1364480621872,128,128,87,-41
20,73,1364480621992,73,1364480622144,152,248,272,120
20,78,1364480622089,78,1364480622232,143,97,88,-55
20,32,1364480622193,32,1364480622313,120,104,81,-39
20,66,1364480622865,66,1364480622944,79,672,631,552
20,73,1364480623025,73,1364480623145,120,160,201,81
20,79,1364480623121,79,1364480623224,103,96,79,-24
20,190,1364480623504,190,1364480623640,136,383,416,280
20,32,1364480623584,32,1364480623680,96,80,40,-56
20,16,1364480623704,16,1364480624080,376,120,400,24
20,73,1364480623984,73,1364480624081,97,280,1,-96
20,84,1364480624264,84,1364480624328,64,280,247,183
20,32,1364480624424,32,1364480624512,88,160,184,96
20,87,1364480624592,87,1364480624696,104,168,184,80
20,69,1364480624656,69,1364480624792,136,64,96,-40
20,78,1364480624824,78,1364480624888,64,168,96,32
20,84,1364480624960,84,1364480625032,72,136,144,72
20,32,1364480625080,32,1364480625160,80,120,128,48
20,82,1364480625208,82,1364480625360,152,128,200,48
20,69,1364480625305,69,1364480625464,159,97,104,-55
20,65,1364480625416,65,1364480625545,129,111,81,-48
20,76,1364480625545,76,1364480625624,79,129,79,0
20,76,1364480625696,76,1364480625768,72,151,144,72
20,89,1364480625816,89,1364480625888,72,120,120,48
20,32,1364480625936,32,1364480626040,104,120,152,48
20,87,1364480626112,87,1364480626264,152,176,224,72
20,69,1364480626264,69,1364480626368,104,152,104,0
20,76,1364480626432,76,1364480626488,56,168,120,64
20,76,1364480626560,76,1364480626640,80,128,152,72
20,188,1364480626816,188,1364480626944,128,256,304,176
20,32,1364480626880,32,1364480627024,144,64,80,-64
20,66,1364480627120,66,1364480627200,80,240,176,96
20,85,1364480627216,85,1364480627304,88,96,104,16
20,84,1364480627360,84,1364480627432,72,144,128,56
20,32,1364480627456,32,1364480627560,104,96,128,24
20,16,1364480627608,16,1364480627768,160,152,208,48
20,73,1364480627688,73,1364480627800,112,80,32,-80
20,32,1364480627728,32,1364480627832,104,40,32,-72
20,72,1364480627896,72,1364480627976,80,168,144,64
20,65,1364480628016,65,1364480628113,97,120,137,40
20,84,1364480628161,84,1364480628249,88,145,136,48
20,69,1364480628329,69,1364480628409,80,168,160,80
20,32,1364480628425,32,1364480628585,160,96,176,16
20,72,1364480628586,72,1364480628713,127,161,128,1
20,79,1364480628705,79,1364480628849,144,119,136,-8
20,87,1364480628873,87,1364480628962,89,168,113,24
20,32,1364480628962,32,1364480629105,143,89,143,0
20,76,1364480629041,76,1364480629153,112,79,48,-64
20,79,1364480629265,79,1364480629369,104,224,216,112
20,78,1364480629441,78,1364480629521,80,176,152,72
20,71,1364480629577,71,1364480629665,88,136,144,56
20,32,1364480629665,32,1364480629769,104,88,104,0
20,84,1364480629769,84,1364480629865,96,104,96,0
20,72,1364480629841,72,1364480629929,88,72,64,-24
20,69,1364480629977,69,1364480630065,88,136,136,48
20,89,1364480630097,89,1364480630193,96,120,128,32
20,32,1364480630161,32,1364480630257,96,64,64,-32
20,77,1364480630401,77,1364480630497,96,240,240,144
20,65,1364480630537,65,1364480630633,96,136,136,40
20,75,1364480630673,75,1364480630761,88,136,128,40
20,69,1364480630793,69,1364480630881,88,120,120,32
20,32,1364480630881,32,1364480630985,104,88,104,0
20,84,1364480631049,84,1364480631145,96,168,160,64
20,72,1364480631145,72,1364480631233,88,96,88,0
20,69,1364480631265,69,1364480631345,80,120,112,32
20,32,1364480631345,32,1364480631449,104,80,104,0
20,81,1364480631721,81,1364480631809,88,376,360,272
20,85,1364480631945,85,1364480632025,80,224,216,136
20,73,1364480632145,73,1364480632233,88,200,208,120
20,90,1364480632361,90,1364480632457,96,216,224,128
20,90,1364480632569,90,1364480632657,88,208,200,112
20,69,1364480632913,69,1364480633065,152,344,408,256
20,83,1364480633041,83,1364480633153,112,128,88,-24
20,190,1364480633649,190,1364480633793,144,608,640,496
20,32,1364480633769,32,1364480633873,104,120,80,-24
20,16,1364480633945,16,1364480634297,352,176,424,72
20,84,1364480634233,84,1364480634297,64,288,0,-64
20,72,1364480634465,72,1364480634553,88,232,256,168
20,69,1364480634588,69,1364480634673,85,123,120,35
20,89,1364480634737,89,1364480634905,168,149,232,64
20,32,1364480634761,32,1364480634929,168,24,24,-144
20,82,1364480635545,82,1364480635665,120,784,736,616
20,69,1364480635665,69,1364480635769,104,120,104,0
20,81,1364480636185,81,1364480636265,80,520,496,416
20,85,1364480636329,85,1364480636409,80,144,144,64
20,73,1364480636521,73,1364480636601,80,192,192,112
20,82,1364480636641,82,1364480636769,128,120,168,40
20,69,1364480636737,69,1364480636833,96,96,64,-32
20,32,1364480636961,32,1364480637065,104,224,232,128
20,69,1364480637369,69,1364480637465,96,408,400,304
20,78,1364480637505,78,1364480637601,96,136,136,40
20,79,1364480637769,79,1364480637969,200,264,368,168
20,85,1364480637969,85,1364480638057,88,200,88,0
20,71,1364480638169,71,1364480638241,72,200,184,112
20,72,1364480638273,72,1364480638336,63,104,95,32
20,32,1364480638449,32,1364480638577,128,176,241,113
20,87,1364480638737,87,1364480638833,96,288,256,160
20,79,1364480638873,79,1364480638977,104,136,144,40
20,82,1364480639041,82,1364480639120,79,168,143,64
20,75,1364480639176,75,1364480639329,153,135,209,56
20,32,1364480639296,32,1364480639400,104,120,71,-33
20,70,1364480639424,70,1364480639528,104,128,128,24
20,79,1364480639504,79,1364480639600,96,80,72,-24
20,82,1364480639624,82,1364480639705,81,120,105,24
20,32,1364480639705,32,1364480639808,103,81,103,0
20,73,1364480639872,73,1364480639976,104,167,168,64
20,84,1364480640032,84,1364480640113,81,160,137,56
20,32,1364480640152,32,1364480640256,104,120,143,39
20,84,1364480640312,84,1364480640416,104,160,160,56
20,79,1364480640352,79,1364480640472,120,40,56,-64
20,32,1364480640448,32,1364480640504,56,96,32,-24
20,66,1364480640985,66,1364480641081,96,537,577,481
20,69,1364480641105,69,1364480641216,111,120,135,24
20,32,1364480641208,32,1364480641312,104,103,96,-8
20,65,1364480641344,65,1364480641465,121,136,153,32
20,78,1364480641441,78,1364480641584,143,97,119,-24
20,32,1364480641536,32,1364480641680,144,95,96,-48
20,69,1364480641681,69,1364480641784,103,145,104,1
20,88,1364480641960,88,1364480642104,144,279,320,176
20,65,1364480642128,65,1364480642256,128,168,152,24
20,77,1364480642280,77,1364480642344,64,152,88,24
20,188,1364480642488,188,1364480642592,104,208,248,144
20,32,1364480642528,32,1364480642656,128,40,64,-64
20,89,1364480642808,89,1364480642888,80,280,232,152
20,69,1364480642944,69,1364480643056,112,136,168,56
20,84,1364480643032,84,1364480643096,64,88,40,-24
20,32,1364480643120,32,1364480643256,136,88,160,24
20,73,1364480643232,73,1364480643344,112,112,88,-24
20,84,1364480643384,84,1364480643496,112,152,152,40
20,32,1364480643496,32,1364480643616,120,112,120,0
20,73,1364480643592,73,1364480643696,104,96,80,-24
20,83,1364480643712,83,1364480643824,112,120,128,16
20,32,1364480643848,32,1364480643960,112,136,136,24
20,65,1364480644008,65,1364480644136,128,160,176,48
20,32,1364480644137,32,1364480644248,111,129,112,1
20,81,1364480644872,81,1364480644968,96,735,720,624
20,85,1364480645040,85,1364480645104,64,168,136,72
20,73,1364480645216,73,1364480645264,48,176,160,112
20,88,1364480645889,88,1364480645953,64,673,689,625
20,8,1364480646257,8,1364480646329,72,368,376,304
20,90,1364480646393,90,1364480646425,32,136,96,64
20,190,1364480646897,190,1364480647033,136,504,608,472
20,32,1364480646969,32,1364480647129,160,72,96,-64
20,16,1364480647177,16,1364480647441,264,208,312,48
20,73,1364480647361,73,1364480647441,80,184,0,-80
20,84,1364480647577,84,1364480647681,104,216,240,136
20,32,1364480647681,32,1364480647785,104,104,104,0
20,68,1364480647929,68,1364480648017,88,248,232,144
20,79,1364480648017,79,1364480648105,88,88,88,0
20,69,1364480648129,69,1364480648305,176,112,200,24
20,83,1364480648305,83,1364480648473,168,176,168,0
20,78,1364480648497,78,1364480648577,80,192,104,24
20,84,1364480648617,84,1364480648729,112,120,152,40
20,32,1364480648729,32,1364480648881,152,112,152,0
20,77,1364480648833,77,1364480648953,120,104,72,-48
20,65,1364480648937,65,1364480649057,120,104,104,-16
20,75,1364480649570,75,1364480649649,79,633,592,513
20,69,1364480649705,69,1364480649801,96,135,152,56
20,32,1364480649833,32,1364480649937,104,128,136,32
20,65,1364480650065,65,1364480650177,112,232,240,128
20,78,1364480650169,78,1364480650249,80,104,72,-8
20,89,1364480650369,89,1364480650513,144,200,264,120
20,32,1364480650609,32,1364480650697,88,240,184,96
20,83,1364480650761,83,1364480650905,144,152,208,64
20,69,1364480650849,69,1364480650953,104,88,48,-56
20,78,1364480651018,78,1364480651121,103,169,168,65
20,83,1364480651193,83,1364480651329,136,175,208,72
20,69,1364480651289,69,1364480651409,120,96,80,-40
20,190,1364480651625,190,1364480651753,128,336,344,216
20,32,1364480651697,32,1364480651785,88,72,32,-56
20,65,1364480651849,65,1364480651985,136,152,200,64
20,78,1364480651945,78,1364480652033,88,96,48,-40
20,68,1364480652073,68,1364480652145,72,128,112,40
20,32,1364480652170,32,1364480652257,87,97,112,25
20,84,1364480652337,84,1364480652449,112,167,192,80
20,72,1364480652465,72,1364480652537,72,128,88,16
20,69,1364480652585,69,1364480652690,105,120,153,48
20,89,1364480652690,89,1364480652785,95,105,95,0
20,32,1364480652753,32,1364480652865,112,63,80,-32
20,78,1364480652913,78,1364480653017,104,160,152,48
20,69,1364480653033,69,1364480653145,112,120,128,16
20,86,1364480653217,86,1364480653345,128,184,200,72
20,69,1364480653377,69,1364480653409,32,160,64,32
20,82,1364480653378,82,1364480653521,143,1,112,-31
20,32,1364480653561,32,1364480653641,80,183,120,40
20,71,1364480653681,71,1364480653745,64,120,104,40
20,73,1364480653809,73,1364480653905,96,128,160,64
20,86,1364480653969,86,1364480654097,128,160,192,64
20,69,1364480654065,69,1364480654177,112,96,80,-32
20,32,1364480654177,32,1364480654289,112,112,112,0
20,69,1364480654369,69,1364480654465,96,192,176,80
20,78,1364480654481,78,1364480654601,120,112,136,16
20,79,1364480654601,79,1364480654793,192,120,192,0
20,85,1364480654753,85,1364480654865,112,152,72,-40
20,71,1364480654913,71,1364480655009,96,160,144,48
20,72,1364480655009,72,1364480655097,88,96,88,0
20,32,1364480655065,32,1364480655193,128,56,96,-32
20,84,1364480655193,84,1364480655273,80,128,80,0
20,73,1364480655313,73,1364480655489,176,120,216,40
20,77,1364480655553,77,1364480655649,96,240,160,64
20,69,1364480655729,69,1364480655801,72,176,152,80
20,190,1364480655977,190,1364480656104,127,248,303,176
20,32,1364480656049,32,1364480656152,103,72,48,-55
20,16,1364480656729,16,1364480656929,200,680,777,577
20,67,1364480656873,67,1364480656976,103,144,47,-56
20,76,1364480657040,76,1364480657152,112,167,176,64
20,65,1364480657200,65,1364480657280,80,160,128,48
20,83,1364480657520,83,1364480657609,89,320,329,240
20,83,1364480657697,83,1364480657784,87,177,175,88
20,32,1364480657800,32,1364480657904,104,103,120,16
20,69,1364480657905,69,1364480658009,104,105,105,1
20,78,1364480658009,78,1364480658096,87,104,87,0
20,68,1364480658128,68,1364480658264,136,119,168,32
20,83,1364480658440,83,1364480658537,97,312,273,176
20,32,1364480659464,32,1364480659592,128,1024,1055,927
20,65,1364480659680,65,1364480659816,136,216,224,88
20,84,1364480659832,84,1364480659928,96,152,112,16
20,32,1364480659992,32,1364480660104,112,160,176,64
20,57,1364480661608,57,1364480661704,96,1616,1600,1504
20,53,1364480662984,53,1364480663072,88,1376,1368,1280
20,48,1364480663161,48,1364480663265,104,177,193,89
20,32,1364480663441,32,1364480663553,112,280,288,176
20,66,1364480663745,66,1364480663817,72,304,264,192
20,85,1364480663849,85,1364480663945,96,104,128,32
20,84,1364480664033,84,1364480664105,72,184,160,88
20,32,1364480664761,32,1364480664865,104,728,760,656
20,84,1364480665049,84,1364480665121,72,288,256,184
20,79,1364480665201,79,1364480665313,112,152,192,80
20,68,1364480665473,68,1364480665577,104,272,264,160
20,65,1364480665553,65,1364480665665,112,80,88,-24
20,89,1364480665738,89,1364480665841,103,185,176,73
20,32,1364480665817,32,1364480665913,96,79,72,-24
20,77,1364480666121,77,1364480666201,80,304,288,208
20,79,1364480666281,79,1364480666385,104,160,184,80
20,83,1364480666409,83,1364480666521,112,128,136,24
20,84,1364480666522,84,1364480666633,111,113,112,1
20,32,1364480666633,32,1364480666745,112,111,112,0
20,79,1364480666689,79,1364480666809,120,56,64,-56
20,70,1364480666857,70,1364480666937,80,168,128,48
20,32,1364480666937,32,1364480667049,112,80,112,0
20,85,1364480667417,85,1364480667521,104,480,472,368
20,83,1364480667561,83,1364480667681,120,144,160,40
20,32,1364480667657,32,1364480667769,112,96,88,-24
20,87,1364480667897,87,1364480668025,128,240,256,128
20,69,1364480668001,69,1364480668113,112,104,88,-24
20,82,1364480668233,82,1364480668353,120,232,240,120
20,69,1364480668353,69,1364480668465,112,120,112,0
20,32,1364480668545,32,1364480668665,120,192,200,80
20,83,1364480668721,83,1364480668865,144,176,200,56
20,84,1364480668833,84,1364480668945,112,112,80,-32
20,73,1364480668945,73,1364480669017,72,112,72,0
20,76,1364480669137,76,1364480669225,88,192,208,120
20,76,1364480669305,76,1364480669425,120,168,200,80
20,32,1364480669353,32,1364480669457,104,48,32,-72
20,87,1364480669497,87,1364480669577,80,144,120,40
20,79,1364480669553,79,1364480669641,88,56,64,-24
20,82,1364480669729,82,1364480669809,80,176,168,88
20,75,1364480669785,75,1364480669849,64,56,40,-24
20,73,1364480669977,73,1364480670113,136,192,264,128
20,78,1364480670057,78,1364480670193,136,80,80,-56
20,71,1364480670233,71,1364480670337,104,176,144,40
20,32,1364480670305,32,1364480670401,96,72,64,-32
20,65,1364480670449,65,1364480670569,120,144,168,48
20,84,1364480670569,84,1364480670673,104,120,104,0
20,32,1364480670673,32,1364480670769,96,104,96,0
20,49,1364480671089,49,1364480671201,112,416,432,320
20,48,1364480671241,48,1364480671329,88,152,128,40
20,65,1364480671505,65,1364480671601,96,264,272,176
20,77,1364480671649,77,1364480671745,96,144,144,48
20,32,1364480671881,32,1364480671977,96,232,232,136
20,87,1364480672865,87,1364480672977,112,984,1000,888
20,72,1364480672977,72,1364480673057,80,112,80,0
20,69,1364480673105,69,1364480673201,96,128,144,48
20,78,1364480673201,78,1364480673289,88,96,88,0
20,32,1364480673249,32,1364480673361,112,48,72,-40
20,73,1364480673457,73,1364480673561,104,208,200,96
20,32,1364480673529,32,1364480673633,104,72,72,-32
20,70,1364480673745,70,1364480673841,96,216,208,112
20,73,1364480673857,73,1364480674001,144,112,160,16
20,78,1364480673985,78,1364480674097,112,128,96,-16
20,73,1364480674144,73,1364480674257,113,159,160,47
20,83,1364480674257,83,1364480674328,71,113,71,0
20,72,1364480674377,72,1364480674448,71,120,120,49
20,69,1364480674497,69,1364480674672,175,120,224,49
20,68,1364480674624,68,1364480674761,137,127,89,-48
20,32,1364480674761,32,1364480674856,95,137,95,0
20,65,1364480674880,65,1364480675024,144,119,168,24
20,78,1364480674984,78,1364480675072,88,104,48,-40
20,68,1364480675329,68,1364480675432,103,345,360,257
20,32,1364480675416,32,1364480675585,169,87,153,-16
20,76,1364480675536,76,1364480675656,120,120,71,-49
20,69,1364480675680,69,1364480675809,129,144,153,24
20,70,1364480675809,70,1364480675896,87,129,87,0
20,84,1364480676048,84,1364480676200,152,239,304,152
20,190,1364480676352,190,1364480676464,112,304,264,152
20,32,1364480676400,32,1364480676537,137,48,73,-64
20,16,1364480676600,16,1364480676809,209,200,272,63
20,65,1364480676792,65,1364480676905,113,192,96,-17
20,78,1364480676905,78,1364480676992,87,113,87,0
20,68,1364480677064,68,1364480677144,80,159,152,72
20,32,1364480677160,32,1364480677264,104,96,120,16
20,84,1364480677368,84,1364480677472,104,208,208,104
20,72,1364480677504,72,1364480677576,72,136,104,32
20,69,1364480677713,69,1364480677793,80,209,217,137
20,89,1364480677873,89,1364480678016,143,160,223,80
20,32,1364480678016,32,1364480678152,136,143,136,0
20,72,1364480678208,72,1364480678312,104,192,160,56
20,65,1364480678312,65,1364480678456,144,104,144,0
20,68,1364480678512,68,1364480678624,112,200,168,56
20,32,1364480678624,32,1364480678696,72,112,72,0
20,85,1364480678800,85,1364480678888,88,176,192,104
20,83,1364480678944,83,1364480679064,120,144,176,56
20,32,1364480679056,32,1364480679200,144,112,136,-8
20,76,1364480679176,76,1364480679296,120,120,96,-24
20,79,1364480679408,79,1364480679472,64,232,176,112
20,79,1364480679568,79,1364480679712,144,160,240,96
20,75,1364480679696,75,1364480679824,128,128,112,-16
20,32,1364480679792,32,1364480679904,112,96,80,-32
20,65,1364480679904,65,1364480680048,144,112,144,0
20,84,1364480680048,84,1364480680176,128,144,128,0
20,32,1364480680176,32,1364480680272,96,128,96,0
20,84,1364480680360,84,1364480680448,88,184,176,88
20,72,1364480680448,72,1364480680520,72,88,72,0
20,69,1364480680633,69,1364480680721,88,185,201,113
20,32,1364480680793,32,1364480680913,120,160,192,72
20,83,1364480681089,83,1364480681233,144,296,320,176
20,76,1364480681233,76,1364480681322,89,144,89,0
20,73,1364480681441,73,1364480681529,88,208,207,119
20,68,1364480681593,68,1364480681745,152,152,216,64
20,69,1364480681745,69,1364480681889,144,152,144,0
20,83,1364480681857,83,1364480681961,104,112,72,-32
20,32,1364480682017,32,1364480682121,104,160,160,56
20,70,1364480682345,70,1364480682441,96,328,320,224
20,79,1364480682441,79,1364480682521,80,96,80,0
20,82,1364480682553,82,1364480682657,104,112,136,32
20,32,1364480682657,32,1364480682793,136,104,136,0
20,83,1364480682793,83,1364480682913,120,136,120,0
20,79,1364480682849,79,1364480683041,192,56,128,-64
20,77,1364480682985,77,1364480683121,136,136,80,-56
20,69,1364480683121,69,1364480683225,104,136,104,0
20,32,1364480683193,32,1364480683321,128,72,96,-32
20,79,1364480683265,79,1364480683385,120,72,64,-56
20,70,1364480683441,70,1364480683537,96,176,152,56
20,32,1364480683537,32,1364480683681,144,96,144,0
20,73,1364480683681,73,1364480683777,96,144,96,0
20,84,1364480683817,84,1364480683913,96,136,136,40
20,32,1364480683913,32,1364480684009,96,96,96,0
20,87,1364480684049,87,1364480684161,112,136,152,40
20,72,1364480684241,72,1364480684361,120,192,200,80
20,73,1364480684489,73,1364480684601,112,248,240,128
20,67,1364480684689,67,1364480684801,112,200,200,88
20,72,1364480684801,72,1364480684873,72,112,72,0
20,32,1364480684849,32,1364480684945,96,48,72,-24
20,77,1364480685033,77,1364480685145,112,184,200,88
20,65,1364480685201,65,1364480685297,96,168,152,56
20,68,1364480685465,68,1364480685569,104,264,272,168
20,69,1364480685617,69,1364480685745,128,152,176,48
20,32,1364480685705,32,1364480685857,152,88,112,-40
20,73,1364480685817,73,1364480685905,88,112,48,-40
20,84,1364480685953,84,1364480686057,104,136,152,48
20,32,1364480686057,32,1364480686169,112,104,112,0
20,82,1364480686489,82,1364480686577,88,432,408,320
20,68,1364480686745,68,1364480686857,112,256,280,168
20,69,1364480686905,69,1364480687033,128,160,176,48
20,82,1364480686985,82,1364480687089,104,80,56,-48
20,32,1364480687209,32,1364480687337,128,224,248,120
20,84,1364480687497,84,1364480687585,88,288,248,160
20,79,1364480687585,79,1364480687705,120,88,120,0
20,32,1364480687657,32,1364480687745,88,72,40,-48
20,87,1364480687857,87,1364480687961,104,200,216,112
20,79,1364480687993,79,1364480688073,80,136,112,32
20,82,1364480688153,82,1364480688233,80,160,160,80
20,75,1364480688593,75,1364480688681,88,440,448,360
20,32,1364480688761,32,1364480688873,112,168,192,80
20,66,1364480689249,66,1364480689329,80,488,456,376
20,69,1364480689353,69,1364480689465,112,104,136,24
20,67,1364480689545,67,1364480689681,136,192,216,80
20,65,1364480689633,65,1364480689737,104,88,56,-48
20,85,1364480689739,85,1364480689793,54,106,56,2
20,83,1364480689873,83,1364480690009,136,134,216,80
20,69,1364480689953,69,1364480690073,120,80,64,-56
20,32,1364480690065,32,1364480690161,96,112,88,-8
20,89,1364480690257,89,1364480690393,136,192,232,96
20,79,1364480690353,79,1364480690569,216,96,176,-40
20,85,1364480690481,85,1364480690593,112,128,24,-88
20,32,1364480690521,32,1364480690649,128,40,56,-72
20,72,1364480690744,72,1364480690841,97,223,192,95
20,65,1364480690841,65,1364480690977,136,97,136,0
20,68,1364480690977,68,1364480691089,112,136,112,0
20,32,1364480691113,32,1364480691201,88,136,112,24
20,84,1364480691265,84,1364480691368,103,152,167,64
20,79,1364480691361,79,1364480691457,96,96,89,-7
20,32,1364480691409,32,1364480691512,103,48,55,-48
20,87,1364480691632,87,1364480691744,112,223,232,120
20,65,1364480691704,65,1364480691816,112,72,72,-40
20,73,1364480691840,73,1364480691912,72,136,96,24
20,84,1364480692024,84,1364480692104,80,184,192,112
20,32,1364480692139,32,1364480692240,101,115,136,35
20,70,1364480692864,70,1364480692944,80,725,704,624
20,79,1364480693000,79,1364480693080,80,136,136,56
20,82,1364480693104,82,1364480693184,80,104,104,24
20,32,1364480693208,32,1364480693280,72,104,96,24
20,84,1364480693337,84,1364480693432,95,129,152,57
20,72,1364480693400,72,1364480693488,88,63,56,-32
20,69,1364480693568,69,1364480693664,96,168,176,80
20,77,1364480693665,77,1364480693793,128,97,129,1
20,32,1364480693760,32,1364480693856,96,95,63,-33
20,84,1364480693920,84,1364480694000,80,160,144,64
20,79,1364480694001,79,1364480694104,103,81,104,1
20,32,1364480694064,32,1364480694168,104,63,64,-40
20,83,1364480694272,83,1364480694400,128,208,232,104
20,87,1364480694569,87,1364480694672,103,297,272,169
20,73,1364480694736,73,1364480694824,88,167,152,64
20,84,1364480695040,84,1364480695128,88,304,304,216
20,67,1364480695280,67,1364480695408,128,240,280,152
20,72,1364480695384,72,1364480695504,120,104,96,-24
20,32,1364480695440,32,1364480695544,104,56,40,-64
20,73,1364480695568,73,1364480695664,96,128,120,24
20,84,1364480695729,84,1364480695816,87,161,152,65
20,32,1364480695872,32,1364480695992,120,143,176,56
20,65,1364480696000,65,1364480696128,128,128,136,8
20,78,1364480696096,78,1364480696200,104,96,72,-32
20,68,1364480696201,68,1364480696296,95,105,96,1
20,32,1364480696297,32,1364480696440,143,96,144,1
20,73,1364480696536,73,1364480696640,104,239,200,96
20,70,1364480696704,70,1364480696768,64,168,128,64
20,32,1364480696808,32,1364480696896,88,104,128,40
20,89,1364480697240,89,1364480697328,88,432,432,344
20,79,1364480697352,79,1364480697488,136,112,160,24
20,188,1364584027859,188,1364584028075,216,424,552,336
20,32,1364584028027,32,1364584028147,120,168,72,-48
20,73,1364584028531,73,1364584028619,88,504,472,384
20,32,1364584028691,32,1364584028787,96,160,168,72
20,68,1364584028827,68,1364584028931,104,136,144,40
20,73,1364584028931,73,1364584029027,96,104,96,0
20,68,1364584029027,68,1364584029107,80,96,80,0
20,78,1364584029107,78,1364584029219,112,80,112,0
20,84,1364584029251,84,1364584029363,112,144,144,32
20,32,1364584029315,32,1364584029427,112,64,64,-48
20,72,1364584029483,72,1364584029635,152,168,208,56
20,78,1364584029803,78,1364584029963,160,320,328,168
20,75,1364584030011,75,1364584030155,144,208,192,48
20,32,1364584030091,32,1364584030219,128,80,64,-64
20,79,1364584030299,79,1364584030403,104,208,184,80
20,70,1364584030419,70,1364584030507,88,120,104,16
20,32,1364584030507,32,1364584030611,104,88,104,0
20,65,1364584030627,65,1364584030731,104,120,120,16
20,78,1364584030731,78,1364584030819,88,104,88,0
20,89,1364584030867,89,1364584030947,80,136,128,48
20,84,1364584031044,84,1364584031123,79,177,176,97
20,72,1364584031067,72,1364584031195,128,23,72,-56
20,73,1364584031155,73,1364584031259,104,88,64,-40
20,78,1364584031315,78,1364584031451,136,160,192,56
20,71,1364584031451,71,1364584031547,96,136,96,0
20,32,1364584031571,32,1364584031667,96,120,120,24
20,84,1364584031739,84,1364584031795,56,168,128,72
20,79,1364584031763,79,1364584031875,112,24,80,-32
20,32,1364584031851,32,1364584031939,88,88,64,-24
20,84,1364584031987,84,1364584032051,64,136,112,48
20,89,1364584032211,89,1364584032267,56,224,216,160
20,80,1364584032347,80,1364584032499,152,136,232,80
20,69,1364584032555,69,1364584032635,80,208,136,56
20,32,1364584032651,32,1364584032787,136,96,152,16
20,66,1364584033091,66,1364584033155,64,440,368,304
20,69,1364584033211,69,1364584033298,87,120,143,56
20,70,1364584033427,70,1364584033546,119,216,248,129
20,79,1364584033539,79,1364584033643,104,112,97,-7
20,82,1364584033643,82,1364584033739,96,104,96,0
20,69,1364584033715,69,1364584033803,88,72,64,-24
20,32,1364584033803,32,1364584033938,135,88,135,0
20,83,1364584033939,83,1364584034075,136,136,137,1
20,84,1364584034147,84,1364584034234,87,208,159,72
20,65,1364584034314,65,1364584034434,120,167,200,80
20,82,1364584034394,82,1364584034522,128,80,88,-40
20,84,1364584034626,84,1364584034730,104,232,208,104
20,73,1364584034731,73,1364584034890,159,105,160,1
20,78,1364584034850,78,1364584034963,113,119,73,-40
20,71,1364584034987,71,1364584035067,80,137,104,24
20,32,1364584035067,32,1364584035163,96,80,96,0
20,84,1364584035178,84,1364584035266,88,111,103,15
20,72,1364584035250,72,1364584035378,128,72,112,-16
20,73,1364584035346,73,1364584035442,96,96,64,-32
20,83,1364584035498,83,1364584035610,112,152,168,56
20,190,1364584035826,190,1364584036010,184,328,400,216
20,32,1364584035930,32,1364584036050,120,104,40,-80
20,65,1364584036203,65,1364584036338,135,273,288,153
20,76,1364584036402,76,1364584036499,97,199,161,64
20,76,1364584036595,76,1364584036732,137,193,233,96
20,32,1364584036699,32,1364584036795,96,104,63,-33
20,73,1364584037186,73,1364584037290,104,487,495,391
20,32,1364584037378,32,1364584037482,104,192,192,88
20,87,1364584037922,87,1364584038074,152,544,592,440
20,65,1364584038018,65,1364584038162,144,96,88,-56
20,78,1364584038162,78,1364584038250,88,144,88,0
20,84,1364584038298,84,1364584038386,88,136,136,48
20,32,1364584038386,32,1364584038466,80,88,80,0
20,84,1364584038506,84,1364584038602,96,120,136,40
20,79,1364584038602,79,1364584038706,104,96,104,0
20,32,1364584038642,32,1364584038746,104,40,40,-64
20,68,1364584038962,68,1364584039058,96,320,312,216
20,79,1364584039058,79,1364584039138,80,96,80,0
20,32,1364584039090,32,1364584039194,104,32,56,-48
20,73,1364584039290,73,1364584039370,80,200,176,96
20,83,1364584039370,83,1364584039482,112,80,112,0
20,32,1364584039506,32,1364584039610,104,136,128,24
20,83,1364584039626,83,1364584039778,152,120,168,16
20,76,1364584039762,76,1364584039900,138,136,122,-16
20,69,1364584039900,69,1364584039995,95,138,95,0
20,69,1364584040091,69,1364584040195,104,191,200,96
20,80,1364584040195,80,1364584040339,144,104,144,0
20,188,1364584040611,188,1364584040787,176,416,448,272
20,32,1364584040723,32,1364584040843,120,112,56,-64
20,65,1364584040907,65,1364584041003,96,184,160,64
20,78,1364584041003,78,1364584041083,80,96,80,0
20,68,1364584041123,68,1364584041203,80,120,120,40
20,32,1364584041203,32,1364584041315,112,80,112,0
20,69,1364584041315,69,1364584041459,144,112,144,0
20,65,1364584041427,65,1364584041555,128,112,96,-32
20,84,1364584041659,84,1364584041771,112,232,216,104
20,32,1364584041755,32,1364584041843,88,96,72,-16
20,73,1364584041923,73,1364584042035,112,168,192,80
20,67,1364584042084,67,1364584042227,143,161,192,49
20,69,1364584042227,69,1364584042347,120,143,120,0
20,32,1364584042339,32,1364584042483,144,112,136,-8
20,67,1364584042563,67,1364584042699,136,224,216,80
20,82,1364584042803,82,1364584042931,128,240,232,104
20,69,1364584042875,69,1364584043011,136,72,80,-56
20,65,1364584042987,65,1364584043139,152,112,128,-24
20,77,1364584043291,77,1364584043403,112,304,264,152
20,188,1364584043803,188,1364584043939,136,512,536,400
20,32,1364584043891,32,1364584044043,152,88,104,-48
20,66,1364584044363,66,1364584044451,88,472,408,320
20,85,1364584044547,85,1364584044675,128,184,224,96
20,84,1364584044755,84,1364584044851,96,208,176,80
20,32,1364584044843,32,1364584044971,128,88,120,-8
20,89,1364584045827,89,1364584045923,96,984,952,856
20,79,1364584045939,79,1364584046147,208,112,224,16
20,85,1364584046051,85,1364584046179,128,112,32,-96
20,32,1364584046148,32,1364584046235,87,97,56,-31
20,65,1364584046347,65,1364584046507,160,199,272,112
20,82,1364584046507,82,1364584046699,192,160,192,0
20,69,1364584046747,69,1364584046843,96,240,144,48
20,32,1364584046931,32,1364584047027,96,184,184,88
20,66,1364584047283,66,1364584047371,88,352,344,256
20,85,1364584047475,85,1364584047563,88,192,192,104
20,83,1364584047683,83,1364584047795,112,208,232,120
20,89,1364584047915,89,1364584048043,128,232,248,120
20,32,1364584048083,32,1364584048203,120,168,160,40
20,87,1364584048219,87,1364584048339,120,136,136,16
20,73,1364584048339,73,1364584048451,112,120,112,0
20,84,1364584048467,84,1364584048563,96,128,112,16
20,72,1364584048563,72,1364584048659,96,96,96,0
20,32,1364584048627,32,1364584048747,120,64,88,-32
20,87,1364584048803,87,1364584048907,104,176,160,56
20,79,1364584048923,79,1364584049011,88,120,104,16
20,82,1364584049091,82,1364584049179,88,168,168,80
20,75,1364584049243,75,1364584049307,64,152,128,64
20,190,1364584049651,190,1364584049779,128,408,472,344
20,190,1364584049875,190,1364584049971,96,224,192,96
20,190,1364584050040,190,1364584050163,123,165,192,69
20,87,1364584050650,87,1364584050698,48,610,535,487
20,72,1364584050754,72,1364584050810,56,104,112,56
20,69,1364584050867,69,1364584050939,72,113,129,57
20,78,1364584050987,78,1364584051059,72,120,120,48
20,32,1364584051027,32,1364584051131,104,40,72,-32
20,68,1364584051235,68,1364584051315,80,208,184,104
20,79,1364584051315,79,1364584051419,104,80,104,0
20,32,1364584051387,32,1364584051466,79,72,47,-32
20,89,1364584051531,89,1364584051619,88,144,153,65
20,79,1364584051667,79,1364584051866,199,136,247,48
20,85,1364584051731,85,1364584051930,199,64,64,-135
20,32,1364584051882,32,1364584052010,128,151,80,-48
20,71,1364584052066,71,1364584052107,41,184,97,56
20,69,1364584052107,69,1364584052274,167,41,167,0
20,84,1364584052354,84,1364584052482,128,247,208,80
20,32,1364584052714,32,1364584052818,104,360,336,232
20,84,1364584052907,84,1364584052987,80,193,169,89
20,79,1364584052987,79,1364584053106,119,80,119,0
20,32,1364584053050,32,1364584053162,112,63,56,-56
20,71,1364584053370,71,1364584053474,104,320,312,208
20,79,1364584053475,79,1364584053586,111,105,112,1
20,32,1364584053546,32,1364584053650,104,71,64,-40
20,72,1364584053762,72,1364584053858,96,216,208,112
20,79,1364584053970,79,1364584054122,152,208,264,112
20,77,1364584054186,77,1364584054250,64,216,128,64
20,69,1364584054291,69,1364584054378,87,105,128,41
20,32,1364584054867,32,1364584055002,135,576,624,489
20,67,1364584055098,67,1364584055242,144,231,240,96
20,65,1364584055242,65,1364584055387,145,144,145,0
20,78,1364584055306,78,1364584055442,136,64,55,-81
20,32,1364584055442,32,1364584055562,120,136,120,0
20,73,1364584055658,73,1364584055778,120,216,216,96
20,32,1364584055731,32,1364584055850,119,73,72,-47
20,67,1364584056194,67,1364584056298,104,463,448,344
20,79,1364584056274,79,1364584056482,208,80,184,-24
20,77,1364584056410,77,1364584056514,104,136,32,-72
20,69,1364584056562,69,1364584056650,88,152,136,48
20,32,1364584056650,32,1364584056770,120,88,120,0
20,87,1364584056802,87,1364584056866,64,152,96,32
20,73,1364584056866,73,1364584056970,104,64,104,0
20,84,1364584057018,84,1364584057114,96,152,144,48
20,72,1364584057082,72,1364584057202,120,64,88,-32
20,32,1364584057154,32,1364584057282,128,72,80,-48
20,89,1364584057346,89,1364584057443,97,192,161,64
20,79,1364584057411,79,1364584057563,152,65,120,-32
20,85,1364584057507,85,1364584057595,88,96,32,-56
20,191,1364584057955,191,1364584058203,248,448,608,360
20,32,1364584058411,32,1364584058523,112,456,320,208
20,65,1364584058579,65,1364584058691,112,168,168,56
20,82,1364584058883,82,1364584059059,176,304,368,192
20,69,1364584059011,69,1364584059099,88,128,40,-48
20,32,1364584059100,32,1364584059243,143,89,144,1
20,89,1364584059451,89,1364584059543,92,351,300,208
20,79,1364584059544,79,1364584059739,195,93,196,1
20,85,1364584059627,85,1364584059741,114,83,2,-112
20,32,1364584059691,32,1364584059795,104,64,54,-50
20,82,1364584059835,82,1364584060011,176,144,216,40
20,69,1364584059963,69,1364584060107,144,128,96,-48
20,65,1364584060091,65,1364584060219,128,128,112,-16
20,68,1364584060387,68,1364584060475,88,296,256,168
20,73,1364584060963,73,1364584061115,152,576,640,488
20,78,1364584061051,78,1364584061195,144,88,80,-64
20,71,1364584061275,71,1364584061339,64,224,144,80
20,32,1364584061340,32,1364584061411,71,65,72,1
20,84,1364584061435,84,1364584061531,96,95,120,24
20,72,1364584061547,72,1364584061683,136,112,152,16
20,73,1364584061651,73,1364584061731,80,104,48,-32
20,83,1364584061915,83,1364584062035,120,264,304,184
20,32,1364584062883,32,1364584063027,144,968,992,848
20,32,1364584063715,32,1364584063843,128,832,816,688
20,72,1364584063963,72,1364584064051,88,248,208,120
20,79,1364584064195,79,1364584064323,128,232,272,144
20,80,1364584064323,80,1364584064467,144,128,144,0
20,69,1364584064491,69,1364584064587,96,168,120,24
20,32,1364584064603,32,1364584064739,136,112,152,16
20,83,1364584064843,83,1364584064995,152,240,256,104
20,79,1364584064899,79,1364584064995,96,56,0,-96
20,190,1364584065307,190,1364584065475,168,408,480,312
20,32,1364584065443,32,1364584065595,152,136,120,-32
20,222,1364584066475,222,1364584066579,104,1032,984,880
20,77,1364584066843,77,1364584066963,120,368,384,264
20,32,1364584066939,32,1364584067075,136,96,112,-24
20,82,1364584067315,82,1364584067419,104,376,344,240
20,85,1364584067491,85,1364584067707,216,176,288,72
20,78,1364584067707,78,1364584067811,104,216,104,0
20,78,1364584067891,78,1364584068011,120,184,200,80
20,73,1364584068123,73,1364584068227,104,232,216,112
20,78,1364584068883,78,1364584068994,111,760,767,656
20,71,1364584069290,71,1364584069378,88,407,384,296
20,32,1364584069994,32,1364584070114,120,704,736,616
20,79,1364584070362,79,1364584070546,184,368,432,248
20,85,1364584070498,85,1364584070603,105,136,57,-48
20,84,1364584070659,84,1364584070754,95,161,151,56
20,32,1364584070755,32,1364584070882,127,96,128,1
20,79,1364584070842,79,1364584070979,137,87,97,-40
20,70,1364584071315,70,1364584071442,127,473,463,336
20,32,1364584071443,32,1364584071546,103,128,104,1
20,84,1364584071866,84,1364584071962,96,423,416,320
20,72,1364584071994,72,1364584072098,104,128,136,32
20,73,1364584072066,73,1364584072186,120,72,88,-32
20,78,1364584072274,78,1364584072299,25,208,113,88
20,71,1364584072314,71,1364584072442,128,40,143,15
20,83,1364584072466,83,1364584072498,32,152,56,24
20,32,1364584072522,32,1364584072610,88,56,112,24
20,84,1364584072978,84,1364584073082,104,456,472,368
20,79,1364584073106,79,1364584073242,136,128,160,24
20,32,1364584073178,32,1364584073306,128,72,64,-64
20,84,1364584073562,84,1364584073658,96,384,352,256
20,89,1364584073818,89,1364584073908,90,256,250,160
20,80,1364584074018,80,1364584074106,88,200,198,110
20,69,1364584074226,69,1364584074330,104,208,224,120
20,32,1364584074618,32,1364584074730,112,392,400,288
20,65,1364584074730,65,1364584074859,129,112,129,0
20,78,1364584074859,78,1364584074947,88,129,88,0
20,68,1364584074947,68,1364584075059,112,88,112,0
20,32,1364584075059,32,1364584075179,120,112,120,0
20,73,1364584075179,73,1364584075299,120,120,120,0
20,68,1364584075395,68,1364584075523,128,216,224,96
20,69,1364584075523,69,1364584075707,184,128,184,0
20,65,1364584075675,65,1364584075811,136,152,104,-32
20,83,1364584076155,83,1364584076283,128,480,472,344
20,190,1364584076571,190,1364584076739,168,416,456,288
20,32,1364584076707,32,1364584076827,120,136,88,-32
20,77,1364584076979,77,1364584077083,104,272,256,152
20,65,1364584077107,65,1364584077227,120,128,144,24
20,89,1364584077675,89,1364584077771,96,568,544,448
20,66,1364584077883,66,1364584077971,88,208,200,112
20,69,1364584078038,69,1364584078171,133,155,200,67
20,32,1364584078219,32,1364584078323,104,181,152,48
20,186,1364584079083,186,1364584079179,96,864,856,760
20,76,1364584079339,76,1364584079443,104,256,264,160
20,76,1364584079547,76,1364584079659,112,208,216,104
20,32,1364584079835,32,1364584079955,120,288,296,176
20,82,1364584080387,82,1364584080483,96,552,528,432
20,73,1364584080531,73,1364584080643,112,144,160,48
20,8,1364584081235,8,1364584081315,80,704,672,592
20,8,1364584081427,8,1364584081475,48,192,160,112
20,87,1364584081939,87,1364584082036,97,512,561,464
20,82,1364584082315,82,1364584082411,96,376,375,279
20,73,1364584082435,73,1364584082539,104,120,128,24
20,84,1364584082611,84,1364584082683,72,176,144,72
20,69,1364584082931,69,1364584083043,112,320,360,248
20,32,1364584083059,32,1364584083171,112,128,128,16
20,65,1364584083227,65,1364584083355,128,168,184,56
20,32,1364584083355,32,1364584083451,96,128,96,0
20,83,1364584083587,83,1364584083699,112,232,248,136
20,84,1364584083795,84,1364584083939,144,208,240,96
20,82,1364584083907,82,1364584084011,104,112,72,-32
20,79,1364584084043,79,1364584084163,120,136,152,32
20,89,1364584084307,89,1364584084403,96,264,240,144
20,32,1364584084827,32,1364584085011,184,520,608,424
20,8,1364584086450,8,1364584086618,168,1623,1607,1439
20,8,1364584086842,8,1364584086955,113,392,337,224
20,8,1364584087074,8,1364584087179,105,232,224,119
21,83,1363363508044,83,1363363508169,125,136,0,-125
21,79,1363363508233,79,1363363508313,80,189,144,64
21,188,1363363508539,188,1363363508625,86,306,312,226
21,32,1363363508641,32,1363363508723,82,102,98,16
21,73,1363363509009,73,1363363509097,88,368,374,286
21,84,1363363509253,84,1363363509369,116,244,272,156
21,32,1363363509337,32,1363363509409,72,84,40,-32
21,72,1363363509513,72,1363363509601,88,176,192,104
21,65,1363363509601,65,1363363509737,136,88,136,0
21,83,1363363509761,83,1363363509913,152,160,176,24
21,32,1363363510044,32,1363363510137,93,283,224,131
21,67,1363363510185,67,1363363510313,128,141,176,48
21,79,1363363510289,79,1363363510433,144,104,120,-24
21,77,1363363510402,77,1363363510513,111,113,80,-31
21,69,1363363510529,69,1363363510657,128,127,144,16
21,32,1363363510657,32,1363363510721,64,128,64,0
21,84,1363363510761,84,1363363510891,130,104,170,40
21,79,1363363510833,79,1363363510953,120,72,62,-58
21,32,1363363510913,32,1363363511009,96,80,56,-40
21,77,1363363511131,77,1363363511225,94,218,216,122
21,89,1363363511433,89,1363363511553,120,302,328,208
21,32,1363363511494,32,1363363511609,115,61,56,-59
21,65,1363363511569,65,1363363511689,120,75,80,-40
21,84,1363363511729,84,1363363511793,64,160,104,40
21,84,1363363511889,84,1363363511953,64,160,160,96
21,69,1363363512065,69,1363363512169,104,176,216,112
21,78,1363363512161,78,1363363512225,64,96,56,-8
21,84,1363363512257,84,1363363512361,104,96,136,32
21,73,1363363512378,73,1363363512617,239,121,256,17
21,79,1363363512489,79,1363363512617,128,111,0,-128
21,78,1363363512577,78,1363363512690,113,88,73,-40
21,188,1363363512953,188,1363363513057,104,376,367,263
21,32,1363363513057,32,1363363513153,96,104,96,0
21,8,1363363513465,8,1363363513521,56,408,368,312
21,8,1363363513617,8,1363363513721,104,152,200,96
21,32,1363363513705,32,1363363513785,80,88,64,-16
21,84,1363363513785,84,1363363513905,120,80,120,0
21,72,1363363513949,72,1363363514025,76,164,120,44
21,65,1363363514025,65,1363363514153,128,76,128,0
21,84,1363363514098,84,1363363514177,79,73,24,-55
21,32,1363363514177,32,1363363514241,64,79,64,0
21,84,1363363514289,84,1363363514369,80,112,128,48
21,72,1363363514369,72,1363363514433,64,80,64,0
21,69,1363363514481,69,1363363514617,136,112,184,48
21,32,1363363514553,32,1363363514665,112,72,48,-64
21,75,1363363514817,75,1363363514913,96,264,248,152
21,69,1363363514969,69,1363363515089,120,152,176,56
21,89,1363363515089,89,1363363515185,96,120,96,0
21,66,1363363515250,66,1363363515340,90,161,155,65
21,79,1363363515353,79,1363363515441,88,103,101,13
21,65,1363363515481,65,1363363515612,131,128,171,40
21,82,1363363515545,82,1363363515657,112,64,45,-67
21,68,1363363515753,68,1363363515867,114,208,210,96
21,32,1363363515921,32,1363363516025,104,168,158,54
21,73,1363363516449,73,1363363516545,96,528,520,424
21,83,1363363516641,83,1363363516761,120,192,216,96
21,32,1363363516749,32,1363363516857,108,108,96,-12
21,78,1363363516922,78,1363363517025,103,173,168,65
21,79,1363363516961,79,1363363517065,104,39,40,-64
21,84,1363363517105,84,1363363517209,104,144,144,40
21,32,1363363517209,32,1363363517305,96,104,96,0
21,81,1363363517457,81,1363363517593,136,248,288,152
21,85,1363363517577,85,1363363517705,128,120,112,-16
21,73,1363363517657,73,1363363517794,137,80,89,-48
21,84,1363363517794,84,1363363517873,79,137,79,0
21,69,1363363517913,69,1363363518057,144,119,184,40
21,32,1363363518057,32,1363363518174,117,144,117,0
21,80,1363363518194,80,1363363518266,72,137,92,20
21,79,1363363518218,79,1363363518370,152,24,104,-48
21,83,1363363519026,83,1363363519157,131,808,787,656
21,73,1363363519186,73,1363363519250,64,160,93,29
21,84,1363363519817,84,1363363519913,96,631,663,567
21,73,1363363519954,73,1363363520218,264,137,305,41
21,79,1363363520097,79,1363363520241,144,143,23,-121
21,78,1363363520177,78,1363363520290,113,80,49,-64
21,69,1363363520395,69,1363363520473,78,218,183,105
21,68,1363363520577,68,1363363520689,112,182,216,104
21,32,1363363520690,32,1363363520762,72,113,73,1
21,73,1363363520742,73,1363363520905,163,52,143,-20
21,78,1363363520881,78,1363363521016,135,139,111,-24
21,32,1363363520969,32,1363363521049,80,88,33,-47
21,84,1363363521081,84,1363363521161,80,112,112,32
21,72,1363363521162,72,1363363521225,63,81,64,1
21,69,1363363521265,69,1363363521337,72,103,112,40
21,32,1363363521370,32,1363363521481,111,105,144,33
21,83,1363363521482,83,1363363521593,111,112,112,1
21,65,1363363521681,65,1363363521841,160,199,248,88
21,77,1363363521833,77,1363363521937,104,152,96,-8
21,69,1363363521938,69,1363363522057,119,105,120,1
21,32,1363363522058,32,1363363522165,107,120,108,1
21,76,1363363522201,76,1363363522256,55,143,91,36
21,79,1363363522377,79,1363363522466,89,176,210,121
21,67,1363363522466,67,1363363522537,71,89,71,0
21,65,1363363522652,65,1363363522769,117,186,232,115
21,84,1363363522761,84,1363363522849,88,109,80,-8
21,73,1363363522849,73,1363363523074,225,88,225,0
21,79,1363363522953,79,1363363523097,144,104,23,-121
21,78,1363363523033,78,1363363523185,152,80,88,-64
21,32,1363363523153,32,1363363523281,128,120,96,-32
21,70,1363363523337,70,1363363523433,96,184,152,56
21,79,1363363523449,79,1363363523545,96,112,112,16
21,82,1363363523585,82,1363363523705,120,136,160,40
21,32,1363363523705,32,1363363523793,88,120,88,0
21,69,1363363523859,69,1363363523953,94,154,160,66
21,86,1363363524129,86,1363363524217,88,270,264,176
21,69,1363363524649,69,1363363524753,104,520,536,432
21,82,1363363524753,82,1363363524865,112,104,112,0
21,89,1363363524865,89,1363363525013,148,112,148,0
21,32,1363363524938,32,1363363525065,127,73,52,-75
21,73,1363363525129,73,1363363525249,120,191,184,64
21,78,1363363525233,78,1363363525345,112,104,96,-16
21,70,1363363525441,70,1363363525555,114,208,210,96
21,8,1363363525769,8,1363363525841,72,328,286,214
21,68,1363363525857,68,1363363525993,136,88,152,16
21,73,1363363525985,73,1363363526073,88,128,80,-8
21,86,1363363526305,86,1363363526409,104,320,336,232
21,73,1363363526409,73,1363363526481,72,104,72,0
21,68,1363363526537,68,1363363526673,136,128,192,56
21,85,1363363526673,85,1363363526762,89,136,89,0
21,65,1363363526825,65,1363363526969,144,152,207,63
21,76,1363363526929,76,1363363527049,120,104,80,-40
21,32,1363363527033,32,1363363527162,129,104,113,-16
21,73,1363363527169,73,1363363527347,178,136,185,7
21,78,1363363527305,78,1363363527426,121,136,79,-42
21,32,1363363527377,32,1363363527465,88,72,39,-49
21,84,1363363527529,84,1363363527633,104,152,168,64
21,72,1363363527613,72,1363363527722,109,84,89,-20
21,73,1363363527673,73,1363363527777,104,60,55,-49
21,83,1363363527809,83,1363363527913,104,136,136,32
21,32,1363363527892,32,1363363527993,101,83,80,-21
21,84,1363363528058,84,1363363528145,87,166,152,65
21,69,1363363528209,69,1363363528273,64,151,128,64
21,83,1363363528417,83,1363363528497,80,208,224,144
21,84,1363363528529,84,1363363528633,104,112,136,32
21,190,1363363528689,190,1363363528777,88,160,144,56
21,32,1363363528897,32,1363363528961,64,208,184,120
21,32,1363363529049,32,1363363529153,104,152,192,88
21,72,1363363529537,72,1363363529657,120,488,504,384
21,73,1363363529633,73,1363363529713,80,96,56,-24
21,83,1363363529753,83,1363363529865,112,120,152,40
21,32,1363363529865,32,1363363529953,88,112,88,0
21,77,1363363530073,77,1363363530161,88,208,208,120
21,65,1363363530169,65,1363363530265,96,96,104,8
21,75,1363363530281,75,1363363530365,84,112,100,16
21,69,1363363530377,69,1363363530473,96,96,108,12
21,83,1363363530626,83,1363363530729,103,249,256,153
21,32,1363363530705,32,1363363530801,96,79,72,-24
21,77,1363363530921,77,1363363531001,80,216,200,120
21,69,1363363531033,69,1363363531153,120,112,152,32
21,32,1363363531145,32,1363363531225,80,112,72,-8
21,65,1363363531225,65,1363363531343,118,80,118,0
21,32,1363363531343,32,1363363531433,90,118,90,0
21,66,1363363531441,66,1363363531529,88,98,96,8
21,73,1363363531553,73,1363363531633,80,112,104,24
21,84,1363363531703,84,1363363531809,106,150,176,70
21,32,1363363531785,32,1363363531873,88,82,64,-24
21,68,1363363531953,68,1363363532073,120,168,200,80
21,73,1363363532073,73,1363363532145,72,120,72,0
21,83,1363363532161,83,1363363532265,104,88,120,16
21,84,1363363532361,84,1363363532449,88,200,184,96
21,85,1363363532969,85,1363363533073,104,608,624,520
21,82,1363363533209,82,1363363533289,80,240,216,136
21,66,1363363533425,66,1363363533513,88,216,224,136
21,69,1363363533657,69,1363363533729,72,232,216,144
21,68,1363363533849,68,1363363533977,128,192,248,120
21,32,1363363533945,32,1363363534057,112,96,80,-32
21,65,1363363534337,65,1363363534449,112,392,392,280
21,66,1363363534497,66,1363363534601,104,160,152,48
21,79,1363363534629,79,1363363534715,86,132,114,28
21,85,1363363534715,85,1363363534800,85,86,85,0
21,84,1363363534913,84,1363363535009,96,198,209,113
21,32,1363363535041,32,1363363535153,112,128,144,32
21,84,1363363535153,84,1363363535233,80,112,80,0
21,72,1363363535257,72,1363363535353,96,104,120,24
21,69,1363363535329,69,1363363535449,120,72,96,-24
21,32,1363363535449,32,1363363535545,96,120,96,0
21,70,1363363535577,70,1363363535658,81,128,113,32
21,73,1363363535642,73,1363363535771,129,65,113,-16
21,78,1363363535738,78,1363363535842,104,96,71,-33
21,65,1363363535842,65,1363363535970,128,104,128,0
21,76,1363363535970,76,1363363536074,104,128,104,0
21,32,1363363536042,32,1363363536170,128,72,96,-32
21,82,1363363536354,82,1363363536479,125,312,309,184
21,69,1363363536498,69,1363363536594,96,144,115,19
21,83,1363363536690,83,1363363536829,139,192,235,96
21,85,1363363536823,85,1363363536946,123,133,117,-6
21,76,1363363536970,76,1363363537106,136,147,160,24
21,84,1363363537161,84,1363363537289,128,191,183,55
21,83,1363363537449,83,1363363537586,137,288,297,160
21,32,1363363537666,32,1363363537778,112,217,192,80
21,84,1363363537779,84,1363363537873,94,113,95,1
21,72,1363363537921,72,1363363538001,80,142,128,48
21,65,1363363538002,65,1363363538137,135,81,136,1
21,84,1363363538078,84,1363363538170,92,76,33,-59
21,32,1363363538153,32,1363363538257,104,75,87,-17
21,87,1363363538297,87,1363363538385,88,144,128,40
21,69,1363363538401,69,1363363538530,129,104,145,16
21,32,1363363538530,32,1363363538634,104,129,104,0
21,65,1363363538657,65,1363363538785,128,127,151,23
21,82,1363363538737,82,1363363538857,120,80,72,-48
21,69,1363363538858,69,1363363538990,132,121,133,1
21,32,1363363538969,32,1363363539073,104,111,83,-21
21,71,1363363539113,71,1363363539217,104,144,144,40
21,79,1363363539177,79,1363363539353,176,64,136,-40
21,73,1363363539266,73,1363363539449,183,89,96,-87
21,78,1363363539354,78,1363363539450,96,88,1,-95
21,71,1363363539450,71,1363363539537,87,96,87,0
21,32,1363363539553,32,1363363539649,96,103,112,16
21,84,1363363539706,84,1363363539818,112,153,169,57
21,79,1363363539793,79,1363363539880,87,87,62,-25
21,32,1363363539849,32,1363363539953,104,56,73,-31
21,79,1363363540137,79,1363363540229,92,288,276,184
21,66,1363363540265,66,1363363540353,88,128,124,36
21,84,1363363540521,84,1363363540601,80,256,248,168
21,65,1363363540713,65,1363363540833,120,192,232,112
21,73,1363363540761,73,1363363540929,168,48,96,-72
21,78,1363363540873,78,1363363541013,140,112,84,-56
21,32,1363363540969,32,1363363541097,128,96,84,-44
21,70,1363363541081,70,1363363541169,88,112,72,-16
21,82,1363363541313,82,1363363541425,112,232,256,144
21,79,1363363541393,79,1363363541569,176,80,144,-32
21,77,1363363541543,77,1363363541697,154,150,128,-26
21,32,1363363541644,32,1363363541761,117,101,64,-53
21,84,1363363541762,84,1363363541873,111,118,112,1
21,72,1363363541865,72,1363363541985,120,103,112,-8
21,73,1363363541946,73,1363363542049,103,81,64,-39
21,83,1363363542049,83,1363363542162,113,103,113,0
21,32,1363363542137,32,1363363542241,104,88,79,-25
21,69,1363363542313,69,1363363542385,72,176,144,72
21,88,1363363542545,88,1363363542657,112,232,272,160
21,80,1363363543121,80,1363363543225,104,576,568,464
21,69,1363363543249,69,1363363543385,136,128,160,24
21,82,1363363543361,82,1363363543441,80,112,56,-24
21,73,1363363543481,73,1363363543593,112,120,152,40
21,77,1363363543670,77,1363363543745,75,189,152,77
21,69,1363363543745,69,1363363543865,120,75,120,0
21,78,1363363543865,78,1363363543929,64,120,64,0
21,84,1363363543985,84,1363363544073,88,120,144,56
21,190,1363363544250,190,1363363544361,111,265,288,177
21,32,1363363544497,32,1363363544569,72,247,208,136
21,32,1363363544665,32,1363363544745,80,168,176,96
21,16,1363363544785,16,1363363544977,192,120,232,40
21,73,1363363544897,73,1363363544994,97,112,17,-80
21,32,1363363544994,32,1363363545129,135,97,135,0
21,83,1363363545905,83,1363363546072,167,911,943,776
21,79,1363363546073,79,1363363546137,64,168,65,1
21,82,1363363546201,82,1363363546273,72,128,136,64
21,84,1363363546425,84,1363363546545,120,224,272,152
21,32,1363363546577,32,1363363546713,136,152,168,32
21,79,1363363546774,79,1363363546857,83,197,144,61
21,70,1363363546929,70,1363363547033,104,155,176,72
21,32,1363363547034,32,1363363547145,111,105,112,1
21,84,1363363547257,84,1363363547377,120,223,232,112
21,72,1363363547329,72,1363363547465,136,72,88,-48
21,73,1363363547417,73,1363363547529,112,88,64,-48
21,78,1363363547601,78,1363363547745,144,184,216,72
21,75,1363363547665,75,1363363547769,104,64,24,-80
21,32,1363363547809,32,1363363547913,104,144,144,40
21,84,1363363547969,84,1363363548065,96,160,152,56
21,72,1363363548041,72,1363363548145,104,72,80,-24
21,65,1363363548209,65,1363363548377,168,168,232,64
21,84,1363363548265,84,1363363548377,112,56,0,-112
21,32,1363363548410,32,1363363548497,87,145,120,33
21,84,1363363548521,84,1363363548625,104,111,128,24
21,72,1363363548593,72,1363363548697,104,72,72,-32
21,69,1363363548793,69,1363363548865,72,200,168,96
21,89,1363363548857,89,1363363548969,112,64,104,-8
21,32,1363363548945,32,1363363549034,89,88,65,-24
21,87,1363363549034,87,1363363549137,103,89,103,0
21,73,1363363549137,73,1363363549209,72,103,72,0
21,76,1363363549338,76,1363363549417,79,201,208,129
21,76,1363363549489,76,1363363549611,122,151,194,72
21,32,1363363549633,32,1363363549745,112,144,134,22
21,78,1363363549801,78,1363363549929,128,168,184,56
21,79,1363363549881,79,1363363549985,104,80,56,-48
21,84,1363363549985,84,1363363550089,104,104,104,0
21,32,1363363550113,32,1363363550225,112,128,136,24
21,66,1363363550617,66,1363363550689,72,504,464,392
21,69,1363363550873,69,1363363550953,80,256,264,184
21,32,1363363551001,32,1363363551105,104,128,152,48
21,81,1363363551737,81,1363363551813,76,736,708,632
21,85,1363363551841,85,1363363551969,128,104,156,28
21,73,1363363551929,73,1363363552025,96,88,56,-40
21,84,1363363552065,84,1363363552137,72,136,112,40
21,69,1363363552225,69,1363363552321,96,160,184,88
21,32,1363363552369,32,1363363552473,104,144,152,48
21,65,1363363552473,65,1363363552633,160,104,160,0
21,83,1363363552609,83,1363363552737,128,136,104,-24
21,32,1363363552705,32,1363363552809,104,96,72,-32
21,72,1363363552883,72,1363363553001,118,178,192,74
21,73,1363363552975,73,1363363553058,83,92,57,-26
21,71,1363363553058,71,1363363553178,120,83,120,0
21,72,1363363553178,72,1363363553258,80,120,80,0
21,32,1363363553226,32,1363363553378,152,48,120,-32
21,79,1363363553434,79,1363363553514,80,208,136,56
21,70,1363363553546,70,1363363553642,96,112,128,32
21,32,1363363553642,32,1363363553722,80,96,80,0
21,83,1363363553770,83,1363363553890,120,128,168,48
21,73,1363363553841,73,1363363553962,121,71,72,-49
21,77,1363363553994,77,1363363554126,132,153,164,32
21,73,1363363554126,73,1363363554234,108,132,108,0
21,76,1363363554337,76,1363363554418,81,211,184,103
21,65,1363363554449,65,1363363554574,125,112,156,31
21,82,1363363554618,82,1363363554739,121,169,165,44
21,73,1363363554754,73,1363363554834,80,136,95,15
21,84,1363363554874,84,1363363554977,103,120,143,40
21,89,1363363555018,89,1363363555113,95,144,136,41
21,32,1363363555073,32,1363363555218,145,55,105,-40
21,83,1363363555290,83,1363363555401,111,217,183,72
21,67,1363363555489,67,1363363555585,96,199,184,88
21,79,1363363555625,79,1363363555697,72,136,112,40
21,82,1363363555743,82,1363363555842,99,118,145,46
21,69,1363363555842,69,1363363555945,103,99,103,0
21,83,1363363556057,83,1363363556194,137,215,249,112
21,32,1363363556194,32,1363363556278,84,137,84,0
21,73,1363363556278,73,1363363556362,84,84,84,0
21,70,1363363556385,70,1363363556481,96,107,119,23
21,32,1363363556482,32,1363363556569,87,97,88,1
21,84,1363363556609,84,1363363556681,72,127,112,40
21,72,1363363556666,72,1363363556754,88,57,73,-15
21,69,1363363556769,69,1363363556849,80,103,95,15
21,32,1363363556842,32,1363363556937,95,73,88,-7
21,67,1363363556977,67,1363363557065,88,135,128,40
21,65,1363363557114,65,1363363557233,119,137,168,49
21,77,1363363557233,77,1363363557297,64,119,64,0
21,69,1363363557337,69,1363363557457,120,104,160,40
21,82,1363363557425,82,1363363557505,80,88,48,-32
21,65,1363363557874,65,1363363558009,135,449,504,369
21,32,1363363558089,32,1363363558185,96,215,176,80
21,73,1363363558242,73,1363363558321,79,153,136,57
21,83,1363363558353,83,1363363558465,112,111,144,32
21,32,1363363558425,32,1363363558521,96,72,56,-40
21,80,1363363558657,80,1363363558801,144,232,280,136
21,79,1363363558801,79,1363363558945,144,144,144,0
21,83,1363363559001,83,1363363559113,112,200,168,56
21,73,1363363559161,73,1363363559225,64,160,112,48
21,84,1363363559337,84,1363363559449,112,176,224,112
21,73,1363363559388,73,1363363559660,272,51,211,-61
21,79,1363363559521,79,1363363559660,139,133,0,-139
21,78,1363363559609,78,1363363559721,112,88,61,-51
21,69,1363363559753,69,1363363559831,78,144,110,32
21,68,1363363559929,68,1363363560057,128,176,226,98
21,32,1363363560042,32,1363363560137,95,113,80,-15
21,68,1363363560181,68,1363363560305,124,139,168,44
21,73,1363363560297,73,1363363560394,97,116,89,-8
21,70,1363363560417,70,1363363560465,48,120,71,23
21,69,1363363561073,69,1363363561209,136,656,744,608
21,82,1363363561185,82,1363363561273,88,112,64,-24
21,69,1363363561385,69,1363363561521,136,200,248,112
21,78,1363363561521,78,1363363561615,94,136,94,0
21,84,1363363561657,84,1363363561753,96,136,138,42
21,76,1363363561937,76,1363363562009,72,280,256,184
21,89,1363363562138,89,1363363562217,79,201,208,129
21,190,1363363562385,190,1363363562457,72,247,240,168
21,32,1363363562545,32,1363363562617,72,160,160,88
21,32,1363363562721,32,1363363562785,64,176,168,104
21,16,1363363562847,16,1363363563041,194,126,256,62
21,73,1363363562938,73,1363363563041,103,91,0,-103
21,32,1363363563041,32,1363363563097,56,103,56,0
21,77,1363363563257,77,1363363563410,153,216,313,160
21,65,1363363563441,65,1363363563569,128,184,159,31
21,89,1363363563729,89,1363363563857,128,288,288,160
21,32,1363363563809,32,1363363563913,104,80,56,-48
21,78,1363363564001,78,1363363564089,88,192,176,88
21,69,1363363564129,69,1363363564201,72,128,112,40
21,69,1363363564265,69,1363363564353,88,136,152,64
21,68,1363363564489,68,1363363564553,64,224,200,136
21,32,1363363564569,32,1363363564673,104,80,120,16
21,84,1363363564721,84,1363363564825,104,152,152,48
21,79,1363363564809,79,1363363564905,96,88,80,-16
21,32,1363363564905,32,1363363565002,97,96,97,0
21,75,1363363565929,75,1363363566009,80,1024,1007,927
21,73,1363363566109,73,1363363566193,84,180,184,100
21,76,1363363566305,76,1363363566380,75,196,187,112
21,76,1363363566457,76,1363363566561,104,152,181,77
21,32,1363363566545,32,1363363566648,103,88,87,-16
21,84,1363363566705,84,1363363566841,136,160,193,57
21,72,1363363566785,72,1363363566873,88,80,32,-56
21,73,1363363566841,73,1363363566945,104,56,72,-32
21,83,1363363566985,83,1363363567073,88,144,128,40
21,32,1363363567041,32,1363363567145,104,56,72,-32
21,84,1363363567249,84,1363363567361,112,208,216,104
21,72,1363363567305,72,1363363567409,104,56,48,-56
21,73,1363363567385,73,1363363567497,112,80,88,-24
21,78,1363363567577,78,1363363567673,96,192,176,80
21,71,1363363567729,71,1363363567801,72,152,128,56
21,32,1363363567849,32,1363363567913,64,120,112,48
21,84,1363363567993,84,1363363568097,104,144,184,80
21,79,1363363568097,79,1363363568169,72,104,72,0
21,32,1363363568169,32,1363363568281,112,72,112,0
21,66,1363363568769,66,1363363568833,64,600,552,488
21,69,1363363568977,69,1363363569041,64,208,208,144
21,65,1363363569145,65,1363363569257,112,168,216,104
21,84,1363363569209,84,1363363569337,128,64,80,-48
21,32,1363363569337,32,1363363569401,64,128,64,0
21,73,1363363569425,73,1363363569505,80,88,104,24
21,84,1363363569521,84,1363363569625,104,96,120,16
21,32,1363363569657,32,1363363569745,88,136,120,32
21,85,1363363569946,85,1363363570065,119,289,320,201
21,80,1363363570065,80,1363363570137,72,119,72,0
21,190,1363363570305,190,1363363570361,56,240,224,168
21,83,1363709290639,83,1363709290751,112,232,0,-112
21,79,1363709290896,79,1363709290967,71,257,216,145
21,77,1363709291127,77,1363709291207,80,231,240,160
21,69,1363709291256,69,1363709291343,87,129,136,49
21,84,1363709291535,84,1363709291639,104,279,296,192
21,73,1363709291639,73,1363709291759,120,104,120,0
21,77,1363709291783,77,1363709291903,120,144,144,24
21,69,1363709291903,69,1363709291967,64,120,64,0
21,83,1363709292111,83,1363709292207,96,208,240,144
21,188,1363709292271,188,1363709292407,136,160,200,64
21,32,1363709292799,32,1363709292943,144,528,536,392
21,16,1363709293039,16,1363709293295,256,240,352,96
21,73,1363709293175,73,1363709293303,128,136,8,-120
21,32,1363709293295,32,1363709293423,128,120,120,-8
21,87,1363709293527,87,1363709293679,152,232,256,104
21,79,1363709293599,79,1363709293735,136,72,56,-80
21,78,1363709293719,78,1363709293807,88,120,72,-16
21,68,1363709293895,68,1363709293983,88,176,176,88
21,69,1363709294151,69,1363709294319,168,256,336,168
21,82,1363709294335,82,1363709294423,88,184,104,16
21,32,1363709295591,32,1363709295695,104,1256,1272,1168
21,87,1363709296151,87,1363709296231,80,560,536,456
21,72,1363709296335,72,1363709296415,80,184,184,104
21,65,1363709296439,65,1363709296575,136,104,160,24
21,84,1363709296639,84,1363709296751,112,200,176,64
21,32,1363709296751,32,1363709296879,128,112,128,0
21,73,1363709296935,73,1363709297023,88,184,144,56
21,84,1363709297247,84,1363709297359,112,312,336,224
21,32,1363709297359,32,1363709297495,136,112,136,0
21,87,1363709297647,87,1363709297799,152,288,304,152
21,79,1363709297775,79,1363709297919,144,128,120,-24
21,85,1363709297895,85,1363709298007,112,120,88,-24
21,76,1363709298079,76,1363709298151,72,184,144,72
21,68,1363709298191,68,1363709298351,160,112,200,40
21,32,1363709298351,32,1363709298431,80,160,80,0
21,66,1363709298487,66,1363709298583,96,136,152,56
21,69,1363709298728,69,1363709298856,128,241,273,145
21,32,1363709298816,32,1363709298965,149,88,109,-40
21,76,1363709298984,76,1363709299128,144,168,163,19
21,73,1363709299064,73,1363709299159,95,80,31,-64
21,75,1363709299528,75,1363709299648,120,464,489,369
21,69,1363709299688,69,1363709299807,119,160,159,40
21,32,1363709299871,32,1363709300007,136,183,200,64
21,84,1363709300111,84,1363709300200,89,240,193,104
21,79,1363709300184,79,1363709300312,128,73,112,-16
21,32,1363709300295,32,1363709300407,112,111,95,-17
21,76,1363709300583,76,1363709300743,160,288,336,176
21,73,1363709300664,73,1363709300783,119,81,40,-79
21,86,1363709300832,86,1363709300919,87,168,136,49
21,69,1363709301032,69,1363709301143,111,200,224,113
21,32,1363709301167,32,1363709301255,88,135,112,24
21,73,1363709301263,73,1363709301400,137,96,145,8
21,78,1363709301361,78,1363709301503,142,98,103,-39
21,32,1363709301456,32,1363709301559,103,95,56,-47
21,65,1363709301583,65,1363709301719,136,127,160,24
21,32,1363709301695,32,1363709301799,104,112,80,-24
21,87,1363709301855,87,1363709301983,128,160,184,56
21,79,1363709301967,79,1363709302023,56,112,40,-16
21,82,1363709302095,82,1363709302192,97,128,169,72
21,76,1363709302216,76,1363709302304,88,121,112,24
21,68,1363709302408,68,1363709302519,111,192,215,104
21,32,1363709302576,32,1363709302695,119,168,176,57
21,87,1363709302808,87,1363709302943,135,232,248,113
21,72,1363709303055,72,1363709303160,105,247,217,112
21,69,1363709303192,69,1363709303287,95,137,127,32
21,82,1363709303255,82,1363709303359,104,63,72,-32
21,69,1363709303391,69,1363709303503,112,136,144,32
21,32,1363709303503,32,1363709303623,120,112,120,0
21,80,1363709303719,80,1363709303807,88,216,184,96
21,69,1363709303807,69,1363709303927,120,88,120,0
21,78,1363709303903,78,1363709304007,104,96,80,-24
21,71,1363709304135,71,1363709304263,128,232,256,128
21,85,1363709304263,85,1363709304431,168,128,168,0
21,73,1363709304391,73,1363709304503,112,128,72,-40
21,78,1363709304600,78,1363709304687,87,209,184,97
21,83,1363709305015,83,1363709305135,120,415,448,328
21,32,1363709305127,32,1363709305223,96,112,88,-8
21,65,1363709305239,65,1363709305383,144,112,160,16
21,82,1363709305351,82,1363709305471,120,112,88,-32
21,69,1363709305487,69,1363709305583,96,136,112,16
21,32,1363709305559,32,1363709305671,112,72,88,-24
21,78,1363709305671,78,1363709305815,144,112,144,0
21,79,1363709305775,79,1363709305911,136,104,96,-40
21,84,1363709305879,84,1363709305967,88,104,56,-32
21,32,1363709306031,32,1363709306135,104,152,168,64
21,84,1363709306175,84,1363709306287,112,144,152,40
21,65,1363709306367,65,1363709306495,128,192,208,80
21,75,1363709306455,75,1363709306567,112,88,72,-40
21,69,1363709306583,69,1363709306687,104,128,120,16
21,78,1363709306727,78,1363709306871,144,144,184,40
21,32,1363709306815,32,1363709306927,112,88,56,-56
21,65,1363709306927,65,1363709307055,128,112,128,0
21,68,1363709307079,68,1363709307199,120,152,144,24
21,86,1363709307303,86,1363709307407,104,224,208,104
21,65,1363709307466,65,1363709307599,133,163,192,59
21,78,1363709307535,78,1363709307655,120,69,56,-64
21,84,1363709307727,84,1363709307816,89,192,161,72
21,65,1363709307895,65,1363709308023,128,168,207,79
21,71,1363709308007,71,1363709308087,80,112,64,-16
21,69,1363709308191,69,1363709308327,136,184,240,104
21,32,1363709308303,32,1363709308399,96,112,72,-24
21,79,1363709308463,79,1363709308567,104,160,168,64
21,70,1363709308535,70,1363709308631,96,72,64,-32
21,190,1363709308791,190,1363709308903,112,256,272,160
21,32,1363709309031,32,1363709309095,64,240,192,128
21,32,1363709309199,32,1363709309295,96,168,200,104
21,89,1363709312999,89,1363709313119,120,3800,3824,3704
21,32,1363709313095,32,1363709313199,104,96,80,-24
21,67,1363709313351,67,1363709313455,104,256,256,152
21,65,1363709313519,65,1363709313687,168,168,232,64
21,82,1363709313687,82,1363709313807,120,168,120,0
21,32,1363709313775,32,1363709313871,96,88,64,-32
21,66,1363709313959,66,1363709314071,112,184,200,88
21,82,1363709314215,82,1363709314311,96,256,240,144
21,79,1363709314279,79,1363709314359,80,64,48,-32
21,75,1363709314455,75,1363709314535,80,176,176,96
21,69,1363709314535,69,1363709314671,136,80,136,0
21,32,1363709314663,32,1363709314791,128,128,120,-8
21,68,1363709314855,68,1363709314975,120,192,184,64
21,79,1363709314975,79,1363709315047,72,120,72,0
21,87,1363709315119,87,1363709315215,96,144,168,72
21,78,1363709315215,78,1363709315351,136,96,136,0
21,32,1363709315303,32,1363709315423,120,88,72,-48
21,76,1363709315503,76,1363709315583,80,200,160,80
21,65,1363709315607,65,1363709315767,160,104,184,24
21,83,1363709315727,83,1363709315879,152,120,112,-40
21,84,1363709316079,84,1363709316183,104,352,304,200
21,32,1363709316240,32,1363709316352,112,161,169,57
21,87,1363709316383,87,1363709316480,97,143,128,31
21,69,1363709316584,69,1363709316632,48,201,152,104
21,69,1363709316728,69,1363709316816,88,144,184,96
21,75,1363709316840,75,1363709316920,80,112,104,24
21,69,1363709317415,69,1363709317511,96,575,591,495
21,78,1363709317527,78,1363709317615,88,112,104,16
21,68,1363709317639,68,1363709317751,112,112,136,24
21,190,1363709317799,190,1363709317919,120,160,168,48
21,32,1363709318023,32,1363709318087,64,224,168,104
21,32,1363709318192,32,1363709318272,80,169,185,105
21,80,1363709319143,80,1363709319175,32,951,903,871
21,80,1363709319311,80,1363709319352,41,168,177,136
21,65,1363709319511,65,1363709319655,144,200,303,159
21,82,1363709319735,82,1363709319831,96,224,176,80
21,69,1363709319999,69,1363709320095,96,264,264,168
21,78,1363709320127,78,1363709320191,64,128,96,32
21,84,1363709320279,84,1363709320375,96,152,184,88
21,76,1363709320375,76,1363709320431,56,96,56,0
21,89,1363709320602,89,1363709320735,133,227,304,171
21,188,1363709320967,188,1363709321103,136,365,368,232
21,32,1363709321103,32,1363709321207,104,136,104,0
21,83,1363709321231,83,1363709321383,152,128,176,24
21,79,1363709321343,79,1363709321463,120,112,80,-40
21,77,1363709321511,77,1363709321591,80,168,128,48
21,69,1363709321631,69,1363709321727,96,120,136,40
21,32,1363709321751,32,1363709321871,120,120,144,24
21,77,1363709321855,77,1363709322007,152,104,136,-16
21,79,1363709321991,79,1363709322087,96,136,80,-16
21,82,1363709322151,82,1363709322215,64,160,128,64
21,79,1363709322423,79,1363709322535,112,272,320,208
21,78,1363709322503,78,1363709322663,160,80,128,-32
21,32,1363709322623,32,1363709322735,112,120,72,-40
21,65,1363709322735,65,1363709322879,144,112,144,0
21,84,1363709323023,84,1363709323119,96,288,240,144
21,32,1363709323119,32,1363709323223,104,96,104,0
21,84,1363709323223,84,1363709323343,120,104,120,0
21,72,1363709323311,72,1363709323407,96,88,64,-32
21,69,1363709323439,69,1363709323503,64,128,96,32
21,32,1363709323503,32,1363709323623,120,64,120,0
21,82,1363709323623,82,1363709323751,128,120,128,0
21,69,1363709323735,69,1363709323831,96,112,80,-16
21,80,1363709323999,80,1363709324055,56,264,224,168
21,65,1363709324319,65,1363709324495,176,320,440,264
21,73,1363709324527,73,1363709324591,64,208,96,32
21,82,1363709324679,82,1363709324775,96,152,184,88
21,32,1363709324799,32,1363709324888,89,120,113,24
21,83,1363709324927,83,1363709325063,136,128,175,39
21,72,1363709325023,72,1363709325175,152,96,112,-40
21,79,1363709325111,79,1363709325319,208,88,144,-64
21,80,1363709325239,80,1363709325391,152,128,72,-80
21,32,1363709325367,32,1363709325487,120,128,96,-24
21,72,1363709325519,72,1363709325639,120,152,152,32
21,65,1363709325615,65,1363709325767,152,96,128,-24
21,68,1363709325767,68,1363709325887,120,152,120,0
21,32,1363709325871,32,1363709325959,88,104,72,-16
21,85,1363709326055,85,1363709326183,128,184,224,96
21,83,1363709326135,83,1363709326239,104,80,56,-48
21,69,1363709326351,69,1363709326423,72,216,184,112
21,68,1363709326543,68,1363709326647,104,192,224,120
21,32,1363709326671,32,1363709326767,96,128,120,24
21,66,1363709326967,66,1363709327079,112,296,312,200
21,79,1363709327055,79,1363709327135,80,88,56,-24
21,76,1363709327295,76,1363709327375,80,240,240,160
21,84,1363709327351,84,1363709327431,80,56,56,-24
21,83,1363709327591,83,1363709327679,88,240,248,160
21,32,1363709327735,32,1363709327815,80,144,136,56
21,84,1363709327855,84,1363709327951,96,120,136,40
21,72,1363709327951,72,1363709328063,112,96,112,0
21,65,1363709328063,65,1363709328191,128,112,128,0
21,84,1363709328151,84,1363709328247,96,88,56,-40
21,32,1363709328271,32,1363709328359,88,120,112,24
21,87,1363709328391,87,1363709328487,96,120,128,32
21,69,1363709328503,69,1363709328639,136,112,152,16
21,82,1363709328591,82,1363709328751,160,88,112,-48
21,69,1363709328719,69,1363709328863,144,128,112,-32
21,32,1363709328919,32,1363709328999,80,200,136,56
21,84,1363709329143,84,1363709329239,96,224,240,144
21,79,1363709329239,79,1363709329303,64,96,64,0
21,79,1363709329407,79,1363709329495,88,168,192,104
21,32,1363709329495,32,1363709329615,120,88,120,0
21,83,1363709329615,83,1363709329679,64,120,64,0
21,77,1363709329735,77,1363709329815,80,120,136,56
21,65,1363709329831,65,1363709329967,136,96,152,16
21,76,1363709329951,76,1363709330015,64,120,48,-16
21,76,1363709330103,76,1363709330231,128,152,216,88
21,32,1363709330207,32,1363709330319,112,104,88,-24
21,73,1363709330399,73,1363709330487,88,192,168,80
21,78,1363709330439,78,1363709330591,152,40,104,-48
21,32,1363709330543,32,1363709330687,144,104,96,-48
21,77,1363709331543,77,1363709331631,88,1000,944,856
21,89,1363709331919,89,1363709332015,96,376,384,288
21,32,1363709331951,32,1363709332063,112,32,48,-64
21,72,1363709332159,72,1363709332215,56,208,152,96
21,69,1363709332271,69,1363709332367,96,112,152,56
21,65,1363709332439,65,1363709332591,152,168,224,72
21,68,1363709332591,68,1363709332671,80,152,80,0
21,69,1363709332847,69,1363709332967,120,256,296,176
21,82,1363709332919,82,1363709333031,112,72,64,-48
21,83,1363709333231,83,1363709333335,104,312,304,200
21,32,1363709333455,32,1363709333559,104,224,224,120
21,65,1363709333663,65,1363709333800,137,208,241,104
21,78,1363709333864,78,1363709333952,88,201,152,64
21,68,1363709334008,68,1363709334096,88,144,144,56
21,32,1363709334128,32,1363709334256,128,120,160,32
21,84,1363709334304,84,1363709334408,104,176,152,48
21,72,1363709334408,72,1363709334504,96,104,96,0
21,69,1363709334552,69,1363709334679,127,144,175,48
21,82,1363709334648,82,1363709334744,96,96,65,-31
21,69,1363709334783,69,1363709334888,105,135,144,39
21,70,1363709335551,70,1363709335648,97,768,760,663
21,79,1363709335648,79,1363709335719,71,97,71,0
21,82,1363709335855,82,1363709335959,104,207,240,136
21,69,1363709336103,69,1363709336232,129,248,273,144
21,32,1363709336255,32,1363709336375,120,152,143,23
21,84,1363709336615,84,1363709336735,120,360,360,240
21,72,1363709336735,72,1363709336831,96,120,96,0
21,69,1363709336903,69,1363709336983,80,168,152,72
21,89,1363709337024,89,1363709337144,120,121,161,41
21,32,1363709337096,32,1363709337199,103,72,55,-48
21,72,1363709337255,72,1363709337335,80,159,136,56
21,65,1363709337311,65,1363709337447,136,56,112,-24
21,86,1363709337487,86,1363709337519,32,176,72,40
21,8,1363709338087,8,1363709338200,113,600,681,568
21,68,1363709338200,68,1363709338271,71,113,71,0
21,32,1363709338367,32,1363709338447,80,167,176,96
21,66,1363709338471,66,1363709338560,89,104,113,24
21,69,1363709338735,69,1363709338815,80,264,255,175
21,67,1363709338944,67,1363709339047,103,209,232,129
21,79,1363709339015,79,1363709339159,144,71,112,-32
21,77,1363709339127,77,1363709339231,104,112,72,-32
21,69,1363709339247,69,1363709339327,80,120,96,16
21,32,1363709339359,32,1363709339455,96,112,128,32
21,83,1363709339471,83,1363709339559,88,112,104,16
21,84,1363709339655,84,1363709339735,80,184,176,96
21,82,1363709339847,82,1363709339919,72,192,184,112
21,73,1363709339895,73,1363709339999,104,48,80,-24
21,80,1363709340031,80,1363709340119,88,136,120,32
21,80,1363709340215,80,1363709340335,120,184,216,96
21,69,1363709340335,69,1363709340407,72,120,72,0
21,68,1363709340551,68,1363709340607,56,216,200,144
21,32,1363709341695,32,1363709341799,104,1144,1192,1088
21,65,1363709342127,65,1363709342263,136,432,464,328
21,78,1363709342343,78,1363709342423,80,216,160,80
21,68,1363709342447,68,1363709342567,120,104,144,24
21,32,1363709342599,32,1363709342703,104,152,136,32
21,84,1363709342735,84,1363709342855,120,136,152,32
21,72,1363709342855,72,1363709342983,128,120,128,0
21,65,1363709342983,65,1363709343111,128,128,128,0
21,84,1363709343031,84,1363709343151,120,48,40,-80
21,32,1363709343199,32,1363709343303,104,168,152,48
21,87,1363709343311,87,1363709343399,88,112,96,8
21,65,1363709343559,65,1363709343703,144,248,304,160
21,83,1363709343639,83,1363709343767,128,80,64,-64
21,32,1363709343807,32,1363709343903,96,168,136,40
21,67,1363709343935,67,1363709344063,128,128,160,32
21,65,1363709344143,65,1363709344271,128,208,208,80
21,85,1363709344271,85,1363709344351,80,128,80,0
21,83,1363709344391,83,1363709344487,96,120,136,40
21,73,1363709344487,73,1363709344591,104,96,104,0
21,78,1363709344559,78,1363709344640,81,72,49,-32
21,71,1363709344640,71,1363709344719,79,81,79,0
21,32,1363709344775,32,1363709344855,80,135,136,56
21,84,1363709344879,84,1363709344983,104,104,128,24
21,72,1363709344959,72,1363709345047,88,80,64,-24
21,69,1363709345087,69,1363709345175,88,128,128,40
21,32,1363709345175,32,1363709345279,104,88,104,0
21,82,1363709345319,82,1363709345407,88,144,128,40
21,65,1363709345479,65,1363709345575,96,160,168,72
21,67,1363709345679,67,1363709345776,97,200,201,104
21,75,1363709345776,75,1363709345855,79,97,79,0
21,69,1363709345943,69,1363709346071,128,167,216,88
21,84,1363709346071,84,1363709346199,128,128,128,0
21,190,1363709346279,190,1363709346367,88,208,168,80
21,32,1363709347055,32,1363709347127,72,776,760,688
21,32,1363709347255,32,1363709347351,96,200,224,128
21,77,1363989670869,77,1363989670965,96,112,0,-96
21,89,1363989671133,89,1363989671253,120,264,288,168
21,32,1363989671205,32,1363989671333,128,72,80,-48
21,71,1363989671453,71,1363989671557,104,248,224,120
21,73,1363989671581,73,1363989671653,72,128,96,24
21,82,1363989671661,82,1363989671757,96,80,104,8
21,76,1363989671781,76,1363989671861,80,120,104,24
21,68,1363989671917,68,1363989672021,104,136,160,56
21,8,1363989672277,8,1363989672365,88,360,344,256
21,70,1363989672381,70,1363989672485,104,104,120,16
21,82,1363989672629,82,1363989672750,121,248,265,144
21,73,1363989672782,73,1363989672861,79,153,111,32
21,69,1363989672877,69,1363989672965,88,95,104,16
21,78,1363989673245,78,1363989673341,96,368,376,280
21,68,1363989673661,68,1363989673765,104,416,424,320
21,32,1363989673797,32,1363989673933,136,136,168,32
21,65,1363989674085,65,1363989674245,160,288,312,152
21,80,1363989674205,80,1363989674285,80,120,40,-40
21,80,1363989674365,80,1363989674461,96,160,176,80
21,65,1363989674493,65,1363989674637,144,128,176,32
21,82,1363989674669,82,1363989674773,104,176,136,32
21,69,1363989675013,69,1363989675109,96,344,336,240
21,78,1363989675109,78,1363989675181,72,96,72,0
21,84,1363989675221,84,1363989675325,104,112,144,40
21,76,1363989675365,76,1363989675453,88,144,128,40
21,89,1363989675541,89,1363989675661,120,176,208,88
21,32,1363989675637,32,1363989675749,112,96,88,-24
21,72,1363989675813,72,1363989675901,88,176,152,64
21,65,1363989675902,65,1363989676053,151,89,152,1
21,83,1363989676029,83,1363989676141,112,127,88,-24
21,32,1363989676141,32,1363989676221,80,112,80,0
21,84,1363989676222,84,1363989676325,103,81,104,1
21,72,1363989676349,72,1363989676421,72,127,96,24
21,69,1363989676421,69,1363989676541,120,72,120,0
21,32,1363989676541,32,1363989676645,104,120,104,0
21,78,1363989676869,78,1363989676957,88,328,312,224
21,65,1363989676941,65,1363989677061,120,72,104,-16
21,77,1363989677077,77,1363989677133,56,136,72,16
21,8,1363989677509,8,1363989677541,32,432,408,376
21,77,1363989678174,77,1363989678214,40,665,673,633
21,77,1363989678294,77,1363989678334,40,120,120,80
21,69,1363989678358,69,1363989678430,72,64,96,24
21,8,1363989678782,8,1363989678846,64,424,416,352
21,8,1363989678934,8,1363989678990,56,152,144,88
21,69,1363989679014,69,1363989679078,64,80,88,24
21,32,1363989679110,32,1363989679190,80,96,112,32
21,222,1363989680006,222,1363989680078,72,896,888,816
21,77,1363989680214,77,1363989680350,136,208,272,136
21,32,1363989680326,32,1363989680430,104,112,80,-24
21,72,1363989680574,72,1363989680646,72,248,216,144
21,85,1363989680758,85,1363989680831,73,184,185,112
21,78,1363989680950,78,1363989681070,120,192,239,119
21,71,1363989681046,71,1363989681142,96,96,72,-24
21,82,1363989681238,82,1363989681366,128,192,224,96
21,89,1363989681366,89,1363989681470,104,128,104,0
21,32,1363989681887,32,1363989681959,72,521,489,417
21,32,1363989682047,32,1363989682127,80,160,168,88
21,16,1363989682263,16,1363989682375,112,216,248,136
21,83,1363989682327,83,1363989682431,104,64,56,-48
21,72,1363989682487,72,1363989682591,104,160,160,56
21,69,1363989682591,69,1363989682679,88,104,88,0
21,32,1363989682679,32,1363989682775,96,88,96,0
21,65,1363989682775,65,1363989682903,128,96,128,0
21,76,1363989682879,76,1363989682951,72,104,48,-24
21,83,1363989683007,83,1363989683111,104,128,160,56
21,79,1363989683127,79,1363989683247,120,120,136,16
21,32,1363989683247,32,1363989683327,80,120,80,0
21,84,1363989683391,84,1363989683495,104,144,168,64
21,72,1363989683471,72,1363989683559,88,80,64,-24
21,73,1363989683543,73,1363989683703,160,72,144,-16
21,78,1363989683679,78,1363989683791,112,136,88,-24
21,75,1363989683815,75,1363989683863,48,136,72,24
21,83,1363989684015,83,1363989684119,104,200,256,152
21,32,1363989684231,32,1363989684319,88,216,200,112
21,84,1363989684359,84,1363989684447,88,128,128,40
21,72,1363989684431,72,1363989684527,96,72,80,-16
21,65,1363989684527,65,1363989684638,111,96,111,0
21,84,1363989684590,84,1363989684687,97,63,49,-48
21,32,1363989684687,32,1363989684750,63,97,63,0
21,16,1363989684782,16,1363989684910,128,95,160,32
21,73,1363989684854,73,1363989684950,96,72,40,-56
21,32,1363989684911,32,1363989685006,95,57,56,-39
21,65,1363989685023,65,1363989685190,167,112,184,17
21,77,1363989685119,77,1363989685238,119,96,48,-71
21,32,1363989685206,32,1363989685303,97,87,65,-32
21,84,1363989685303,84,1363989685375,72,97,72,0
21,72,1363989685391,72,1363989685495,104,88,120,16
21,69,1363989685495,69,1363989685607,112,104,112,0
21,32,1363989685647,32,1363989685711,64,152,104,40
21,83,1363989685759,83,1363989685878,119,112,167,48
21,84,1363989685927,84,1363989686014,87,168,136,49
21,82,1363989686119,82,1363989686230,111,192,216,105
21,65,1363989686454,65,1363989686566,112,335,336,224
21,78,1363989686567,78,1363989686646,79,113,80,1
21,71,1363989686686,71,1363989686758,72,119,112,40
21,69,1363989686855,69,1363989686926,71,169,168,97
21,83,1363989687046,83,1363989687142,96,191,216,120
21,84,1363989687270,84,1363989687358,88,224,216,128
21,32,1363989687359,32,1363989687430,71,89,72,1
21,67,1363989687550,67,1363989687632,82,191,202,120
21,82,1363989687766,82,1363989687886,120,216,254,134
21,69,1363989687854,69,1363989687966,112,88,80,-32
21,65,1363989687967,65,1363989688158,191,113,192,1
21,84,1363989688302,84,1363989688399,97,335,241,144
21,85,1363989688399,85,1363989688478,79,97,79,0
21,82,1363989688518,82,1363989688638,120,119,160,40
21,69,1363989688639,69,1363989688782,143,121,144,1
21,32,1363989688774,32,1363989688871,97,135,89,-8
21,73,1363989688871,73,1363989689014,143,97,143,0
21,78,1363989688950,78,1363989689070,120,79,56,-64
21,32,1363989689014,32,1363989689134,120,64,64,-56
21,84,1363989689110,84,1363989689222,112,96,88,-24
21,72,1363989689222,72,1363989689319,97,112,97,0
21,69,1363989689319,69,1363989689414,95,97,95,0
21,32,1363989689415,32,1363989689494,79,96,80,1
21,87,1363989689534,87,1363989689654,120,119,160,40
21,72,1363989689614,72,1363989689718,104,80,64,-40
21,79,1363989689686,79,1363989689790,104,72,72,-32
21,76,1363989689902,76,1363989689982,80,216,192,112
21,69,1363989690006,69,1363989690126,120,104,144,24
21,32,1363989690142,32,1363989690214,72,136,88,16
21,87,1363989690438,87,1363989690558,120,296,344,224
21,73,1363989690558,73,1363989690630,72,120,72,0
21,68,1363989690694,68,1363989690758,64,136,128,64
21,69,1363989690886,69,1363989690966,80,192,208,128
21,32,1363989690991,32,1363989691110,119,105,144,25
21,87,1363989691246,87,1363989691382,136,255,272,136
21,79,1363989691454,79,1363989691566,112,208,184,72
21,82,1363989691622,82,1363989691710,88,168,144,56
21,76,1363989691742,76,1363989691846,104,120,136,32
21,68,1363989691870,68,1363989691974,104,128,128,24
21,190,1363989691998,190,1363989692070,72,128,96,24
21,32,1363989692158,32,1363989692230,72,160,160,88
21,32,1363989692326,32,1363989692414,88,168,184,96
21,16,1363989692414,16,1363989692646,232,88,232,0
21,87,1363989692566,87,1363989692678,112,152,32,-80
21,72,1363989692702,72,1363989692798,96,136,120,24
21,65,1363989692854,65,1363989692966,112,152,168,56
21,84,1363989692942,84,1363989693030,88,88,64,-24
21,32,1363989693086,32,1363989693174,88,144,144,56
21,83,1363989693198,83,1363989693294,96,112,120,24
21,72,1363989693286,72,1363989693374,88,88,80,-8
21,69,1363989693398,69,1363989693494,96,112,120,24
21,32,1363989693494,32,1363989693590,96,96,96,0
21,68,1363989693638,68,1363989693758,120,144,168,48
21,79,1363989693758,79,1363989693838,80,120,80,0
21,69,1363989693878,69,1363989694006,128,120,168,40
21,78,1363989694006,78,1363989694070,64,128,64,0
21,222,1363989694150,222,1363989694246,96,144,176,80
21,8,1363989694502,8,1363989694558,56,352,312,256
21,8,1363989694638,8,1363989694726,88,136,168,80
21,83,1363989694742,83,1363989694870,128,104,144,16
21,78,1363989694871,78,1363989694942,71,129,72,1
21,222,1363989694982,222,1363989695094,112,111,152,40
21,84,1363989695158,84,1363989695270,112,176,176,64
21,32,1363989695294,32,1363989695390,96,136,120,24
21,75,1363989695574,75,1363989695702,128,280,312,184
21,78,1363989695670,78,1363989695750,80,96,48,-32
21,79,1363989695726,79,1363989695814,88,56,64,-24
21,87,1363989695814,87,1363989695950,136,88,136,0
21,32,1363989695950,32,1363989696038,88,136,88,0
21,73,1363989696158,73,1363989696214,56,208,176,120
21,83,1363989696262,83,1363989696358,96,104,144,48
21,32,1363989696374,32,1363989696438,64,112,80,16
21,84,1363989696454,84,1363989696550,96,80,112,16
21,72,1363989696550,72,1363989696654,104,96,104,0
21,65,1363989696654,65,1363989696790,136,104,136,0
21,84,1363989696734,84,1363989696846,112,80,56,-56
21,32,1363989696822,32,1363989696926,104,88,80,-24
21,16,1363989696974,16,1363989697150,176,152,224,48
21,73,1363989697054,73,1363989697174,120,80,24,-96
21,32,1363989697158,32,1363989697238,80,104,64,-16
21,65,1363989697326,65,1363989697494,168,168,256,88
21,77,1363989697430,77,1363989697566,136,104,72,-64
21,32,1363989697526,32,1363989697630,104,96,64,-40
21,65,1363989697630,65,1363989697782,152,104,152,0
21,67,1363989697990,67,1363989698062,72,360,280,208
21,84,1363989698254,84,1363989698374,120,264,312,192
21,85,1363989698374,85,1363989698462,88,120,88,0
21,65,1363989698486,65,1363989698614,128,112,152,24
21,76,1363989698598,76,1363989698638,40,112,24,-16
21,76,1363989698734,76,1363989698816,82,136,178,96
21,89,1363989698918,89,1363989699030,112,184,214,102
21,32,1363989698982,32,1363989699070,88,64,40,-48
21,65,1363989699078,65,1363989699182,104,96,112,8
21,32,1363989699182,32,1363989699278,96,104,96,0
21,78,1363989699943,78,1363989700079,136,761,801,665
21,73,1363989700079,73,1363989700167,88,136,88,0
21,67,1363989700191,67,1363989700247,56,112,80,24
21,79,1363989700663,79,1363989700743,80,472,496,416
21,82,1363989700767,82,1363989700847,80,104,104,24
21,78,1363989700895,78,1363989700951,56,128,104,48
21,190,1363989701239,190,1363989701327,88,344,376,288
21,32,1363989701439,32,1363989701495,56,200,168,112
21,32,1363989701583,32,1363989701655,72,144,160,88
21,16,1363989701623,16,1363989701791,168,40,136,-32
21,73,1363989701791,73,1363989701855,64,168,64,0
21,32,1363989701855,32,1363989701943,88,64,88,0
21,65,1363989702023,65,1363989702055,32,168,112,80
21,8,1363989702430,8,1363989702494,64,407,439,375
21,8,1363989702575,8,1363989702662,87,145,168,81
21,8,1363989702735,8,1363989702806,71,160,144,73
21,16,1363989702846,16,1363989703055,209,111,249,40
21,73,1363989702958,73,1363989703055,97,112,0,-97
21,32,1363989703055,32,1363989703126,71,97,71,0
21,65,1363989703198,65,1363989703335,137,143,209,72
21,77,1363989703335,77,1363989703462,127,137,127,0
21,32,1363989703430,32,1363989703526,96,95,64,-32
21,65,1363989703535,65,1363989703647,112,105,121,9
21,32,1363989703598,32,1363989703679,81,63,32,-49
21,80,1363989703798,80,1363989703862,64,200,183,119
21,85,1363989704166,85,1363989704262,96,368,400,304
21,82,1363989704302,82,1363989704390,88,136,128,40
21,80,1363989704414,80,1363989704479,65,112,89,24
21,76,1363989704591,76,1363989704687,96,177,208,112
21,69,1363989704687,69,1363989704790,103,96,103,0
21,32,1363989704791,32,1363989704863,72,104,73,1
21,85,1363989704942,85,1363989705014,72,151,151,79
21,78,1363989705134,78,1363989705246,112,192,232,120
21,73,1363989705230,73,1363989705310,80,96,64,-16
21,67,1363989705350,67,1363989705446,96,120,136,40
21,79,1363989705470,79,1363989705550,80,120,104,24
21,82,1363989705598,82,1363989705711,113,128,161,48
21,78,1363989705671,78,1363989705743,72,73,32,-40
21,188,1363989706014,188,1363989706150,136,343,407,271
21,32,1363989706126,32,1363989706222,96,112,72,-24
21,65,1363989706222,65,1363989706334,112,96,112,0
21,84,1363989706411,84,1363989706502,91,189,168,77
21,32,1363989706503,32,1363989706574,71,92,72,1
21,76,1363989706630,76,1363989706710,80,127,136,56
21,69,1363989706686,69,1363989706782,96,56,72,-24
21,65,1363989706855,65,1363989707030,175,169,248,73
21,83,1363989706934,83,1363989707054,120,79,24,-96
21,84,1363989707126,84,1363989707230,104,192,176,72
21,32,1363989707230,32,1363989707327,97,104,97,0
21,65,1363989707327,65,1363989707422,95,97,95,0
21,67,1363989707550,67,1363989707598,48,223,176,128
21,67,1363989707694,67,1363989707766,72,144,168,96
21,79,1363989707910,79,1363989707998,88,216,232,144
21,82,1363989708014,82,1363989708102,88,104,104,16
21,73,1363989708182,73,1363989708222,40,168,120,80
21,8,1363989708494,8,1363989708574,80,312,352,272
21,68,1363989708598,68,1363989708726,128,104,152,24
21,73,1363989708726,73,1363989708854,128,128,128,0
21,78,1363989708814,78,1363989708902,88,88,48,-40
21,71,1363989708902,71,1363989708974,72,88,72,0
21,32,1363989709006,32,1363989709086,80,104,112,32
21,84,1363989709294,84,1363989709414,120,288,328,208
21,79,1363989709390,79,1363989709494,104,96,80,-24
21,32,1363989709478,32,1363989709574,96,88,80,-16
21,77,1363989709774,77,1363989709846,72,296,272,200
21,89,1363989710014,89,1363989710110,96,240,264,168
21,32,1363989710062,32,1363989710158,96,48,48,-48
21,71,1363989710230,71,1363989710302,72,168,144,72
21,65,1363989710342,65,1363989710478,136,112,176,40
21,77,1363989710430,77,1363989710550,120,88,72,-48
21,69,1363989710551,69,1363989710686,135,121,136,1
21,82,1363989710631,82,1363989710734,103,80,48,-55
21,32,1363989710838,32,1363989710934,96,207,200,104
21,84,1363989710950,84,1363989711046,96,112,112,16
21,65,1363989711166,65,1363989711286,120,216,240,120
21,71,1363989711350,71,1363989711430,80,184,144,64
21,190,1363989711566,190,1363989711662,96,216,232,136
21,32,1363989711846,32,1363989711910,64,280,248,184
21,32,1363989712014,32,1363989712094,80,168,184,104
21,78,1363989712902,78,1363989713030,128,888,936,808
21,32,1363989712990,32,1363989713118,128,88,88,-40
21,82,1363989713094,82,1363989713214,120,104,96,-24
21,69,1363989713190,69,1363989713302,112,96,88,-24
21,65,1363989713358,65,1363989713462,104,168,160,56
21,76,1363989713462,76,1363989713574,112,104,112,0
21,32,1363989713550,32,1363989713662,112,88,88,-24
21,76,1363989713710,76,1363989713798,88,160,136,48
21,73,1363989713838,73,1363989713926,88,128,128,40
21,70,1363989713966,70,1363989714022,56,128,96,40
21,69,1363989714126,69,1363989714246,120,160,224,104
21,188,1363989714246,188,1363989714358,112,120,112,0
21,32,1363989714358,32,1363989714478,120,112,120,0
21,16,1363989714411,16,1363989714678,267,53,200,-67
21,73,1363989714582,73,1363989714702,120,171,24,-96
21,32,1363989714678,32,1363989714766,88,96,64,-24
21,65,1363989714838,65,1363989714950,112,160,184,72
21,77,1363989714966,77,1363989715094,128,128,144,16
21,32,1363989715070,32,1363989715174,104,104,80,-24
21,65,1363989715174,65,1363989715302,128,104,128,0
21,32,1363989715270,32,1363989715358,88,96,56,-32
21,67,1363989715446,67,1363989715534,88,176,176,88
21,65,1363989715654,65,1363989715806,152,208,272,120
21,84,1363989715806,84,1363989715894,88,152,88,0
21,32,1363989716278,32,1363989716366,88,472,472,384
21,84,1363989716398,84,1363989716502,104,120,136,32
21,72,1363989716502,72,1363989716598,96,104,96,0
21,65,1363989716598,65,1363989716750,152,96,152,0
21,84,1363989716654,84,1363989716775,121,56,25,-96
21,32,1363989716750,32,1363989716839,89,96,64,-25
21,80,1363989716879,80,1363989716975,96,129,136,40
21,82,1363989716951,82,1363989717079,128,72,104,-24
21,69,1363989717079,69,1363989717175,96,128,96,0
21,84,1363989717255,84,1363989717343,88,176,168,80
21,69,1363989717391,69,1363989717487,96,136,144,48
21,78,1363989717503,78,1363989717591,88,112,104,16
21,68,1363989717695,68,1363989717791,96,192,200,104
21,83,1363989717927,83,1363989718015,88,232,224,136
21,32,1363989718063,32,1363989718151,88,136,136,48
21,84,1363989718191,84,1363989718295,104,128,144,40
21,79,1363989718295,79,1363989718375,80,104,80,0
21,32,1363989718359,32,1363989718455,96,64,80,-16
21,66,1363989718511,66,1363989718591,80,152,136,56
21,69,1363989718751,69,1363989718863,112,240,272,160
21,32,1363989718823,32,1363989718919,96,72,56,-40
21,65,1363989718959,65,1363989719127,168,136,208,40
21,32,1363989719031,32,1363989719167,136,72,40,-96
21,77,1363989719247,77,1363989719375,128,216,208,80
21,79,1363989719351,79,1363989719503,152,104,128,-24
21,78,1363989719511,78,1363989719638,127,160,135,8
21,75,1363989719679,75,1363989719751,72,168,113,41
21,69,1363989719879,69,1363989719958,79,200,207,128
21,89,1363989720103,89,1363989720222,119,224,264,145
21,32,1363989720543,32,1363989720631,88,440,409,321
21,74,1363989720735,74,1363989720815,80,192,184,104
21,85,1363989720919,85,1363989721022,103,184,207,104
21,83,1363989721023,83,1363989721110,87,104,88,1
21,84,1363989721198,84,1363989721303,105,175,193,88
21,32,1363989721303,32,1363989721382,79,105,79,0
21,79,1363989721543,79,1363989721646,103,240,264,161
21,8,1363989722022,8,1363989722102,80,479,456,376
21,84,1363989722270,84,1363989722358,88,248,256,168
21,79,1363989722390,79,1363989722495,105,120,137,32
21,32,1363989722495,32,1363989722574,79,105,79,0
21,67,1363989722606,67,1363989722726,120,111,152,32
21,79,1363989722686,79,1363989722790,104,80,64,-40
21,78,1363989722791,78,1363989722895,104,105,105,1
21,70,1363989722918,70,1363989723006,88,127,111,23
21,85,1363989723038,85,1363989723126,88,120,120,32
21,83,1363989723158,83,1363989723222,64,120,96,32
21,69,1363989723334,69,1363989723462,128,176,240,112
21,32,1363989723414,32,1363989723526,112,80,64,-48
21,80,1363989723550,80,1363989723655,105,136,129,24
21,69,1363989723703,69,1363989723822,119,153,167,48
21,79,1363989723822,79,1363989723942,120,119,120,0
21,80,1363989723894,80,1363989723990,96,72,48,-48
21,76,1363989724078,76,1363989724166,88,184,176,88
21,69,1363989724174,69,1363989724270,96,96,104,8
21,190,1363989724318,190,1363989724382,64,144,112,48
21,32,1363989724582,32,1363989724638,56,264,256,200
21,32,1363989724726,32,1363989724798,72,144,160,88
21,16,1363989724862,16,1363989725006,144,136,208,64
21,79,1363989724934,79,1363989725006,72,72,0,-72
21,82,1363989725142,82,1363989725230,88,208,224,136
21,32,1363989725230,32,1363989725295,65,88,65,0
21,77,1363989725374,77,1363989725494,120,144,199,79
21,65,1363989725494,65,1363989725630,136,120,136,0
21,89,1363989725694,89,1363989725798,104,200,168,64
21,66,1363989725910,66,1363989726006,96,216,208,112
21,69,1363989726158,69,1363989726254,96,248,248,152
21,32,1363989726455,32,1363989726542,87,297,288,201
21,16,1363989726606,16,1363989726758,152,151,216,64
21,73,1363989726678,73,1363989726758,80,72,0,-80
21,222,1363989726888,222,1363989726982,94,210,224,130
21,77,1363989727238,77,1363989727366,128,350,384,256
21,32,1363989727366,32,1363989727462,96,128,96,0
21,65,1363989727502,65,1363989727623,121,136,161,40
21,32,1363989727558,32,1363989727694,136,56,71,-65
21,77,1363989727814,77,1363989727950,136,256,256,120
21,79,1363989727934,79,1363989728078,144,120,128,-16
21,78,1363989728046,78,1363989728158,112,112,80,-32
21,75,1363989728222,75,1363989728310,88,176,152,64
21,69,1363989728374,69,1363989728478,104,152,168,64
21,89,1363989728479,89,1363989728590,111,105,112,1
21,32,1363989728550,32,1363989728646,96,71,56,-40
21,84,1363989728646,84,1363989728742,96,96,96,0
21,72,1363989728718,72,1363989728790,72,72,48,-24
21,65,1363989728838,65,1363989728966,128,120,176,48
21,84,1363989728902,84,1363989729006,104,64,40,-64
21,32,1363989729006,32,1363989729078,72,104,72,0
21,80,1363989729126,80,1363989729214,88,120,136,48
21,82,1363989729214,82,1363989729318,104,88,104,0
21,69,1363989729318,69,1363989729406,88,104,88,0
21,84,1363989729510,84,1363989729590,80,192,184,104
21,69,1363989729662,69,1363989729742,80,152,152,72
21,78,1363989729790,78,1363989729894,104,128,152,48
21,68,1363989729894,68,1363989729974,80,104,80,0
21,83,1363989730070,83,1363989730182,112,176,208,96
21,32,1363989730198,32,1363989730294,96,128,112,16
21,84,1363989730334,84,1363989730430,96,136,136,40
21,79,1363989730398,79,1363989730526,128,64,96,-32
21,32,1363989730486,32,1363989730566,80,88,40,-40
21,66,1363989730582,66,1363989730630,48,96,64,16
21,69,1363989730902,69,1363989730982,80,320,352,272
21,32,1363989731038,32,1363989731126,88,136,144,56
21,65,1363989731150,65,1363989731254,104,112,128,24
21,32,1363989731256,32,1363989731342,86,106,88,2
21,67,1363989731390,67,1363989731494,104,134,152,48
21,65,1363989731558,65,1363989731670,112,168,176,64
21,84,1363989731670,84,1363989731758,88,112,88,0
21,188,1363989731982,188,1363989732102,120,312,344,224
21,32,1363989732078,32,1363989732174,96,96,72,-24
21,16,1363989732190,16,1363989732408,218,112,234,16
21,73,1363989732310,73,1363989732408,98,120,0,-98
21,32,1363989732408,32,1363989732446,38,98,38,0
21,70,1363989732494,70,1363989732590,96,86,144,48
21,79,1363989732590,79,1363989732678,88,96,88,0
21,82,1363989732694,82,1363989732782,88,104,104,16
21,71,1363989732902,71,1363989732990,88,208,208,120
21,69,1363989733070,69,1363989733182,112,168,192,80
21,84,1363989733166,84,1363989733278,112,96,96,-16
21,32,1363989733246,32,1363989733350,104,80,72,-32
21,87,1363989733414,87,1363989733534,120,168,184,64
21,72,1363989733502,72,1363989733630,128,88,96,-32
21,73,1363989733582,73,1363989733694,112,80,64,-48
21,67,1363989733710,67,1363989733838,128,128,144,16
21,72,1363989733830,72,1363989733894,64,120,56,-8
21,190,1363989734038,190,1363989734094,56,208,200,144
21,69,1364419725129,69,1364419725241,112,104,136,24
21,78,1364419725225,78,1364419725329,104,96,88,-16
21,32,1364419725305,32,1364419725402,97,80,73,-24
21,73,1364419725377,73,1364419725498,121,72,96,-25
21,78,1364419725466,78,1364419725601,135,89,103,-32
21,32,1364419725561,32,1364419725665,104,95,64,-40
21,84,1364419725689,84,1364419725817,128,128,152,24
21,72,1364419725729,72,1364419725818,89,40,1,-88
21,69,1364419725849,69,1364419725961,112,120,143,31
21,32,1364419725953,32,1364419726025,72,104,64,-8
21,67,1364419726097,67,1364419726209,112,144,184,72
21,79,1364419726145,79,1364419726257,112,48,48,-64
21,85,1364419726225,85,1364419726305,80,80,48,-32
21,82,1364419726337,82,1364419726417,80,112,112,32
21,83,1364419726505,83,1364419726609,104,168,192,88
21,69,1364419726633,69,1364419726769,136,128,160,24
21,32,1364419726745,32,1364419726833,88,112,64,-24
21,79,1364419726833,79,1364419726953,120,88,120,0
21,70,1364419726977,70,1364419727081,104,144,128,24
21,32,1364419727057,32,1364419727153,96,80,72,-24
21,72,1364419727217,72,1364419727305,88,160,152,64
21,85,1364419727401,85,1364419727481,80,184,176,96
21,77,1364419727585,77,1364419727649,64,184,168,104
21,65,1364419727673,65,1364419727849,176,88,200,24
21,78,1364419727753,78,1364419727881,128,80,32,-96
21,32,1364419727849,32,1364419727969,120,96,88,-32
21,69,1364419728073,69,1364419728161,88,224,192,104
21,86,1364419728257,86,1364419728369,112,184,208,96
21,69,1364419728458,69,1364419728545,87,201,176,89
21,78,1364419728545,78,1364419728658,113,87,113,0
21,84,1364419728658,84,1364419728753,95,113,95,0
21,83,1364419728881,83,1364419729009,128,223,256,128
21,32,1364419729073,32,1364419729185,112,192,176,64
21,73,1364419729441,73,1364419729529,88,368,344,256
21,84,1364419729609,84,1364419729689,80,168,160,80
21,32,1364419729689,32,1364419729777,88,80,88,0
21,66,1364419729921,66,1364419730001,80,232,224,144
21,69,1364419730113,69,1364419730193,80,192,192,112
21,67,1364419730321,67,1364419730441,120,208,248,128
21,79,1364419730393,79,1364419730505,112,72,64,-48
21,77,1364419730505,77,1364419730618,113,112,113,0
21,69,1364419730601,69,1364419730681,80,96,63,-17
21,83,1364419730761,83,1364419730881,120,160,200,80
21,32,1364419730873,32,1364419730953,80,112,72,-8
21,78,1364419731009,78,1364419731081,72,136,128,56
21,69,1364419731049,69,1364419731121,72,40,40,-32
21,67,1364419731241,67,1364419731329,88,192,208,120
21,69,1364419731449,69,1364419731514,65,208,185,120
21,83,1364419731593,83,1364419731665,72,144,151,79
21,83,1364419731745,83,1364419731833,88,152,168,80
21,65,1364419731881,65,1364419732033,152,136,200,48
21,82,1364419731945,82,1364419732065,120,64,32,-88
21,89,1364419732034,89,1364419732129,95,89,64,-31
21,32,1364419732097,32,1364419732177,80,63,48,-32
21,84,1364419732177,84,1364419732274,97,80,97,0
21,79,1364419732274,79,1364419732353,79,97,79,0
21,32,1364419732353,32,1364419732433,80,79,80,0
21,68,1364419732505,68,1364419732585,80,152,152,72
21,73,1364419732609,73,1364419732681,72,104,96,24
21,83,1364419732657,83,1364419732737,80,48,56,-24
21,83,1364419732826,83,1364419732913,87,169,176,89
21,79,1364419732913,79,1364419732986,73,87,73,0
21,76,1364419733098,76,1364419733178,80,185,192,112
21,86,1364419733178,86,1364419733250,72,80,72,0
21,69,1364419733378,69,1364419733474,96,200,224,128
21,32,1364419733466,32,1364419733570,104,88,96,-8
21,84,1364419733570,84,1364419733642,72,104,72,0
21,72,1364419733642,72,1364419733738,96,72,96,0
21,69,1364419733706,69,1364419733858,152,64,120,-32
21,32,1364419733882,32,1364419733962,80,176,104,24
21,66,1364419734018,66,1364419734090,72,136,128,56
21,79,1364419734090,79,1364419734170,80,72,80,0
21,68,1364419734226,68,1364419734290,64,136,120,56
21,78,1364419734330,78,1364419734410,80,104,120,40
21,8,1364419734642,8,1364419734714,72,312,304,232
21,8,1364419734786,8,1364419734842,56,144,128,72
21,78,1364419734986,78,1364419735066,80,200,224,144
21,68,1364419735042,68,1364419735146,104,56,80,-24
21,83,1364419735218,83,1364419735322,104,176,176,72
21,32,1364419735346,32,1364419735418,72,128,96,24
21,87,1364419735490,87,1364419735578,88,144,160,72
21,72,1364419735674,72,1364419735802,128,184,224,96
21,73,1364419735762,73,1364419735866,104,88,64,-40
21,67,1364419735850,67,1364419735962,112,88,96,-16
21,72,1364419735962,72,1364419736066,104,112,104,0
21,32,1364419736034,32,1364419736130,96,72,64,-32
21,83,1364419736146,83,1364419736258,112,112,128,16
21,79,1364419736234,79,1364419736338,104,88,80,-24
21,32,1364419736306,32,1364419736426,120,72,88,-32
21,69,1364419736618,69,1364419736698,80,312,272,192
21,65,1364419736762,65,1364419736930,168,144,232,64
21,83,1364419736842,83,1364419736994,152,80,64,-88
21,73,1364419736994,73,1364419737098,104,152,104,0
21,76,1364419737202,76,1364419737298,96,208,200,104
21,89,1364419737403,89,1364419737530,127,201,232,105
21,32,1364419737474,32,1364419737586,112,71,56,-56
21,69,1364419737826,69,1364419737922,96,352,336,240
21,78,1364419737922,78,1364419738026,104,96,104,0
21,83,1364419738082,83,1364419738186,104,160,160,56
21,84,1364419738298,84,1364419738385,87,216,199,112
21,82,1364419738458,82,1364419738529,71,160,144,73
21,65,1364419738577,65,1364419738738,161,119,209,48
21,78,1364419738650,78,1364419738738,88,73,0,-88
21,71,1364419738842,71,1364419738938,96,192,200,104
21,76,1364419738938,76,1364419739009,71,96,71,0
21,69,1364419739066,69,1364419739146,80,128,137,57
21,32,1364419739178,32,1364419739265,87,112,119,32
21,85,1364419739346,85,1364419739450,104,168,185,81
21,83,1364419739450,83,1364419739537,87,104,87,0
21,190,1364419739577,190,1364419739649,72,127,112,40
21,13,1364419740218,13,1364419740289,71,641,640,569
21,13,1364419740369,13,1364419740442,73,151,153,80
21,16,1364419740538,16,1364419740722,184,169,280,96
21,73,1364419740658,73,1364419740738,80,120,16,-64
21,84,1364419740849,84,1364419740937,88,191,199,111
21,32,1364419740953,32,1364419741058,105,104,121,16
21,87,1364419741058,87,1364419741154,96,105,96,0
21,65,1364419741282,65,1364419741410,128,224,256,128
21,83,1364419741378,83,1364419741537,159,96,127,-32
21,32,1364419741514,32,1364419741617,103,136,80,-23
21,82,1364419741593,82,1364419741697,104,79,80,-24
21,69,1364419741673,69,1364419741833,160,80,136,-24
21,65,1364419741834,65,1364419741945,111,161,112,1
21,76,1364419741921,76,1364419741961,40,87,16,-24
21,76,1364419742049,76,1364419742113,64,128,152,88
21,89,1364419742241,89,1364419742337,96,192,224,128
21,32,1364419742305,32,1364419742401,96,64,64,-32
21,71,1364419742402,71,1364419742474,72,97,73,1
21,79,1364419742490,79,1364419742569,79,88,95,16
21,79,1364419742657,79,1364419742745,88,167,176,88
21,68,1364419742762,68,1364419742889,127,105,144,17
21,32,1364419742889,32,1364419742953,64,127,64,0
21,71,1364419743041,71,1364419743122,81,152,169,88
21,69,1364419743225,69,1364419743313,88,184,191,103
21,84,1364419743377,84,1364419743442,65,152,129,64
21,84,1364419743522,84,1364419743593,71,145,151,80
21,73,1364419743618,73,1364419743729,111,96,136,25
21,78,1364419743689,78,1364419743769,80,71,40,-40
21,71,1364419743769,71,1364419743849,80,80,80,0
21,32,1364419743881,32,1364419743969,88,112,120,32
21,84,1364419743969,84,1364419744041,72,88,72,0
21,79,1364419744089,79,1364419744185,96,120,144,48
21,32,1364419744153,32,1364419744249,96,64,64,-32
21,84,1364419744393,84,1364419744489,96,240,240,144
21,65,1364419744601,65,1364419744729,128,208,240,112
21,76,1364419744690,76,1364419744849,159,89,120,-39
21,75,1364419744769,75,1364419744929,160,79,80,-80
21,32,1364419744897,32,1364419745001,104,128,72,-32
21,84,1364419745001,84,1364419745089,88,104,88,0
21,79,1364419745073,79,1364419745153,80,72,64,-16
21,32,1364419745154,32,1364419745257,103,81,104,1
21,16,1364419745257,16,1364419745393,136,103,136,0
21,76,1364419745353,76,1364419745449,96,96,56,-40
21,65,1364419745489,65,1364419745569,80,136,120,40
21,67,1364419745641,67,1364419745745,104,152,176,72
21,69,1364419745977,69,1364419746049,72,336,304,232
21,89,1364419746113,89,1364419746209,96,136,160,64
21,190,1364419746497,190,1364419746609,112,384,400,288
21,32,1364419746681,32,1364419746753,72,184,144,72
21,32,1364419746841,32,1364419746913,72,160,160,88
21,16,1364419746889,16,1364419747065,176,48,152,-24
21,72,1364419747001,72,1364419747089,88,112,24,-64
21,69,1364419747225,69,1364419747305,80,224,216,136
21,8,1364419747641,8,1364419747714,73,416,409,336
21,79,1364419747841,79,1364419747985,144,200,271,127
21,80,1364419747985,80,1364419748105,120,144,120,0
21,69,1364419748105,69,1364419748250,145,120,145,0
21,82,1364419748250,82,1364419748313,63,145,63,0
21,8,1364419748681,8,1364419748769,88,431,456,368
21,70,1364419748769,70,1364419748889,120,88,120,0
21,85,1364419748889,85,1364419748969,80,120,80,0
21,76,1364419749073,76,1364419749329,256,184,360,104
21,76,1364419749665,76,1364419749737,72,592,408,336
21,89,1364419749825,89,1364419749905,80,160,168,88
21,188,1364419750105,188,1364419750185,80,280,280,200
21,32,1364419750185,32,1364419750289,104,80,104,0
21,16,1364419750313,16,1364419750481,168,128,192,24
21,73,1364419750401,73,1364419750481,80,88,0,-80
21,32,1364419750449,32,1364419750562,113,48,81,-32
21,87,1364419750586,87,1364419750706,120,137,144,24
21,73,1364419750706,73,1364419750770,64,120,64,0
21,76,1364419750890,76,1364419750954,64,184,184,120
21,76,1364419751058,76,1364419751146,88,168,192,104
21,32,1364419751106,32,1364419751178,72,48,32,-40
21,66,1364419751234,66,1364419751308,74,128,130,56
21,69,1364419751458,69,1364419751570,112,224,262,150
21,32,1364419751658,32,1364419751754,96,200,184,88
21,65,1364419751738,65,1364419751842,104,80,88,-16
21,66,1364419752026,66,1364419752090,64,288,248,184
21,76,1364419752242,76,1364419752354,112,216,264,152
21,69,1364419752355,69,1364419752434,79,113,80,1
21,32,1364419752474,32,1364419752570,96,119,136,40
21,84,1364419752594,84,1364419752690,96,120,120,24
21,79,1364419752690,79,1364419752778,88,96,88,0
21,32,1364419752762,32,1364419752858,96,72,80,-16
21,67,1364419752914,67,1364419753042,128,152,184,56
21,79,1364419753066,79,1364419753138,72,152,96,24
21,78,1364419753242,78,1364419753314,72,176,176,104
21,78,1364419753402,78,1364419753490,88,160,176,88
21,69,1364419753490,69,1364419753570,80,88,80,0
21,67,1364419753730,67,1364419753810,80,240,240,160
21,84,1364419753978,84,1364419754074,96,248,264,168
21,32,1364419754098,32,1364419754202,104,120,128,24
21,72,1364419754306,72,1364419754434,128,208,232,104
21,69,1364419754402,69,1364419754546,144,96,112,-32
21,82,1364419754522,82,1364419754650,128,120,104,-24
21,32,1364419754690,32,1364419754786,96,168,136,40
21,87,1364419754826,87,1364419754946,120,136,160,40
21,73,1364419754866,73,1364419754946,80,40,0,-80
21,84,1364419755402,84,1364419755506,104,536,560,456
21,72,1364419755506,72,1364419755594,88,104,88,0
21,32,1364419755562,32,1364419755642,80,56,48,-32
21,65,1364419755642,65,1364419755770,128,80,128,0
21,32,1364419755730,32,1364419755818,88,88,48,-40
21,67,1364419755890,67,1364419756002,112,160,184,72
21,79,1364419755962,79,1364419756090,128,72,88,-40
21,77,1364419756138,77,1364419756186,48,176,96,48
21,77,1364419756274,77,1364419756346,72,136,160,88
21,85,1364419756482,85,1364419756562,80,208,216,136
21,78,1364419756682,78,1364419756762,80,200,200,120
21,73,1364419756722,73,1364419756849,127,40,87,-40
21,84,1364419756930,84,1364419757025,95,208,176,81
21,89,1364419757114,89,1364419757241,127,184,216,89
21,32,1364419757194,32,1364419757281,87,80,40,-47
21,87,1364419757425,87,1364419757529,104,231,248,144
21,72,1364419757514,72,1364419757618,104,89,89,-15
21,79,1364419757618,79,1364419757754,136,104,136,0
21,32,1364419757754,32,1364419757841,87,136,87,0
21,67,1364419757954,67,1364419758073,119,200,232,113
21,65,1364419758121,65,1364419758289,168,167,216,48
21,78,1364419758266,78,1364419758361,95,145,72,-23
21,32,1364419758321,32,1364419758433,112,55,72,-40
21,85,1364419758481,85,1364419758553,72,160,120,48
21,78,1364419758674,78,1364419758762,88,193,209,121
21,68,1364419758746,68,1364419758793,47,72,31,-16
21,69,1364419758929,69,1364419759057,128,183,264,136
21,82,1364419759033,82,1364419759121,88,104,64,-24
21,83,1364419759241,83,1364419759337,96,208,216,120
21,84,1364419759338,84,1364419759434,96,97,97,1
21,65,1364419759434,65,1364419759570,136,96,136,0
21,78,1364419759593,78,1364419759666,73,159,96,23
21,68,1364419759666,68,1364419759802,136,73,136,0
21,32,1364419759802,32,1364419759857,55,136,55,0
21,72,1364419759905,72,1364419760001,96,103,144,48
21,69,1364419760002,69,1364419760097,95,97,96,1
21,82,1364419760097,82,1364419760194,97,95,97,0
21,32,1364419760194,32,1364419760281,87,97,87,0
21,65,1364419760313,65,1364419760433,120,119,152,32
21,78,1364419760457,78,1364419760481,24,144,48,24
21,68,1364419760521,68,1364419760569,48,64,88,40
21,32,1364419760625,32,1364419760769,144,104,200,56
21,87,1364419761009,87,1364419761105,96,384,336,240
21,72,1364419761065,72,1364419761193,128,56,88,-40
21,79,1364419761161,79,1364419761297,136,96,104,-32
21,32,1364419761298,32,1364419761377,79,137,80,1
21,67,1364419761561,67,1364419761657,96,263,280,184
21,65,1364419761769,65,1364419761898,129,208,241,112
21,78,1364419762017,78,1364419762137,120,248,239,119
21,32,1364419762121,32,1364419762225,104,104,88,-16
21,72,1364419763073,72,1364419763169,96,952,944,848
21,69,1364419763225,69,1364419763337,112,152,168,56
21,76,1364419763289,76,1364419763393,104,64,56,-48
21,80,1364419763513,80,1364419763690,177,224,297,120
21,32,1364419763633,32,1364419763713,80,120,23,-57
21,72,1364419763801,72,1364419763897,96,168,184,88
21,69,1364419763921,69,1364419764057,136,120,160,24
21,82,1364419764025,82,1364419764153,128,104,96,-32
21,32,1364419764177,32,1364419764257,80,152,104,24
21,68,1364419764369,68,1364419764449,80,192,192,112
21,69,1364419764569,69,1364419764657,88,200,208,120
21,65,1364419764697,65,1364419764857,160,128,200,40
21,76,1364419764793,76,1364419764913,120,96,56,-64
21,32,1364419764913,32,1364419765009,96,120,96,0
21,87,1364419765129,87,1364419765281,152,216,272,120
21,73,1364419765249,73,1364419765345,96,120,64,-32
21,84,1364419765393,84,1364419765497,104,144,152,48
21,72,1364419765457,72,1364419765561,104,64,64,-40
21,32,1364419765561,32,1364419765657,96,104,96,0
21,83,1364419765753,83,1364419765873,120,192,216,96
21,79,1364419765801,79,1364419765945,144,48,72,-72
21,77,1364419765945,77,1364419766081,136,144,136,0
21,69,1364419766081,69,1364419766193,112,136,112,0
21,32,1364419766241,32,1364419766313,72,160,120,48
21,79,1364419766385,79,1364419766465,80,144,152,72
21,70,1364419766545,70,1364419766673,128,160,208,80
21,32,1364419766641,32,1364419766713,72,96,40,-32
21,72,1364419766817,72,1364419766913,96,176,200,104
21,69,1364419766945,69,1364419767065,120,128,152,32
21,82,1364419767041,82,1364419767161,120,96,96,-24
21,32,1364419767161,32,1364419767265,104,120,104,0
21,73,1364419767305,73,1364419767409,104,144,144,40
21,83,1364419767409,83,1364419767457,48,104,48,0
21,83,1364419767545,83,1364419767649,104,136,192,88
21,85,1364419767649,85,1364419767729,80,104,80,0
21,69,1364419767793,69,1364419767857,64,144,128,64
21,83,1364419767994,83,1364419768114,120,201,257,137
21,190,1364419768082,190,1364419768178,96,88,64,-32
21,32,1364419768306,32,1364419768346,40,224,168,128
21,32,1364419768458,32,1364419768522,64,152,176,112
21,16,1364419768538,16,1364419768730,192,80,208,16
21,73,1364419768658,73,1364419768730,72,120,0,-72
21,32,1364419768730,32,1364419768826,96,72,96,0
21,72,1364419768850,72,1364419768954,104,120,128,24
21,65,1364419768954,65,1364419769050,96,104,96,0
21,86,1364419769106,86,1364419769242,136,152,192,56
21,69,1364419769338,69,1364419769466,128,232,224,96
21,32,1364419769426,32,1364419769538,112,88,72,-40
21,78,1364419769538,78,1364419769722,184,112,184,0
21,79,1364419769602,79,1364419769746,144,64,24,-120
21,32,1364419769722,32,1364419769834,112,120,88,-24
21,67,1364419769834,67,1364419769922,88,112,88,0
21,76,1364419769914,76,1364419770002,88,80,80,-8
21,85,1364419770026,85,1364419770138,112,112,136,24
21,69,1364419770450,69,1364419770554,104,424,416,312
21,32,1364419770602,32,1364419770674,72,152,120,48
21,87,1364419770714,87,1364419770794,80,112,120,40
21,72,1364419770810,72,1364419770922,112,96,128,16
21,65,1364419770922,65,1364419771050,128,112,128,0
21,84,1364419771018,84,1364419771106,88,96,56,-32
21,32,1364419771106,32,1364419771194,88,88,88,0
21,84,1364419771234,84,1364419771322,88,128,128,40
21,72,1364419771322,72,1364419771402,80,88,80,0
21,69,1364419771442,69,1364419771538,96,120,136,40
21,89,1364419771538,89,1364419771634,96,96,96,0
21,32,1364419771594,32,1364419771698,104,56,64,-40
21,65,1364419771706,65,1364419771810,104,112,112,8
21,82,1364419771762,82,1364419771890,128,56,80,-48
21,69,1364419771866,69,1364419772002,136,104,112,-24
21,32,1364419772026,32,1364419772122,96,160,120,24
21,82,1364419772258,82,1364419772370,112,232,248,136
21,73,1364419772370,73,1364419772450,80,112,80,0
21,71,1364419772482,71,1364419772562,80,112,112,32
21,72,1364419772562,72,1364419772650,88,80,88,0
21,84,1364419772690,84,1364419772794,104,128,144,40
21,32,1364419772778,32,1364419772874,96,88,80,-16
21,78,1364419772874,78,1364419773010,136,96,136,0
21,79,1364419772930,79,1364419773066,136,56,56,-80
21,87,1364419773034,87,1364419773194,160,104,128,-32
21,188,1364419773194,188,1364419773274,80,160,80,0
21,32,1364419773274,32,1364419773402,128,80,128,0
21,66,1364419773402,66,1364419773506,104,128,104,0
21,85,1364419773506,85,1364419773618,112,104,112,0
21,84,1364419773674,84,1364419773786,112,168,168,56
21,32,1364419773762,32,1364419773889,127,88,103,-24
21,77,1364419773978,77,1364419774082,104,216,193,89
21,65,1364419774082,65,1364419774193,111,104,111,0
21,89,1364419774241,89,1364419774329,88,159,136,48
21,66,1364419774433,66,1364419774521,88,192,192,104
21,32,1364419774754,32,1364419774858,104,321,337,233
21,8,1364419775122,8,1364419775218,96,368,360,264
21,69,1364419775202,69,1364419775305,103,80,87,-16
21,32,1364419775257,32,1364419775370,113,55,65,-48
21,83,1364419775418,83,1364419775554,136,161,184,48
21,72,1364419775554,72,1364419775625,71,136,71,0
21,69,1364419775681,69,1364419775802,121,127,177,56
21,32,1364419775945,32,1364419776033,88,264,231,143
21,87,1364419776121,87,1364419776226,105,176,193,88
21,73,1364419776226,73,1364419776281,55,105,55,0
21,76,1364419776409,76,1364419776481,72,183,200,128
21,76,1364419776577,76,1364419776657,80,168,176,96
21,32,1364419776625,32,1364419776721,96,48,64,-32
21,79,1364419776785,79,1364419776897,112,160,176,64
21,80,1364419776921,80,1364419777082,161,136,185,24
21,69,1364419777098,69,1364419777202,104,177,120,16
21,78,1364419777217,78,1364419777329,112,119,127,15
21,32,1364419777289,32,1364419777425,136,72,96,-40
21,85,1364419777714,85,1364419777857,143,425,432,289
21,80,1364419777833,80,1364419777985,152,119,128,-24
21,32,1364419777921,32,1364419778065,144,88,80,-64
21,73,1364419778065,73,1364419778234,169,144,169,0
21,78,1364419778145,78,1364419778305,160,80,71,-89
21,32,1364419778234,32,1364419778369,135,89,64,-71
21,84,1364419778329,84,1364419778417,88,95,48,-40
21,72,1364419778457,72,1364419778569,112,128,152,40
21,69,1364419778553,69,1364419778657,104,96,88,-16
21,32,1364419778689,32,1364419778785,96,136,128,32
21,70,1364419779025,70,1364419779121,96,336,336,240
21,85,1364419779145,85,1364419779225,80,120,104,24
21,84,1364419779417,84,1364419779529,112,272,304,192
21,85,1364419779833,85,1364419779937,104,416,408,304
21,82,1364419779937,82,1364419780065,128,104,128,0
21,69,1364419780082,69,1364419780249,167,145,184,17
21,190,1364419780273,190,1364419780401,128,191,152,24
21,13,1364419780873,13,1364419780961,88,600,560,472
21,13,1364419781033,13,1364419781137,104,160,176,72
21,16,1364419781137,16,1364419781313,176,104,176,0
21,79,1364419781257,79,1364419781345,88,120,32,-56
21,78,1364419781417,78,1364419781505,88,160,160,72
21,32,1364419781505,32,1364419781593,88,88,88,0
21,65,1364419781665,65,1364419781737,72,160,144,72
21,32,1364419781721,32,1364419781793,72,56,56,-16
21,83,1364419782169,83,1364419782265,96,448,472,376
21,73,1364419782265,73,1364419782345,80,96,80,0
21,68,1364419782409,68,1364419782481,72,144,136,64
21,69,1364419782593,69,1364419782705,112,184,224,112
21,32,1364419782666,32,1364419782785,119,73,80,-39
21,78,1364419782785,78,1364419782905,120,119,120,0
21,79,1364419782857,79,1364419782954,97,72,49,-48
21,84,1364419782929,84,1364419783033,104,72,79,-25
21,69,1364419783105,69,1364419783209,104,176,176,72
21,188,1364419783185,188,1364419783305,120,80,96,-24
21,32,1364419783305,32,1364419783377,72,120,72,0
21,16,1364419783401,16,1364419783569,168,96,192,24
21,73,1364419783473,73,1364419783569,96,72,0,-96
21,32,1364419783569,32,1364419783649,80,96,80,0
21,76,1364419783721,76,1364419783817,96,152,168,72
21,73,1364419783777,73,1364419783849,72,56,32,-40
21,75,1364419783945,75,1364419784017,72,168,168,96
21,69,1364419784017,69,1364419784145,128,72,128,0
21,32,1364419784145,32,1364419784225,80,128,80,0
21,80,1364419784329,80,1364419784489,160,184,264,104
21,65,1364419784441,65,1364419784553,112,112,64,-48
21,78,1364419784569,78,1364419784649,80,128,96,16
21,67,1364419784697,67,1364419784817,120,128,168,48
21,65,1364419784897,65,1364419785033,136,200,216,80
21,75,1364419785057,75,1364419785145,88,160,112,24
21,69,1364419785233,69,1364419785313,80,176,168,88
21,83,1364419785393,83,1364419785514,121,160,201,80
21,190,1364419785554,190,1364419785602,48,161,88,40
21,83,1364480739409,83,1364480739513,104,304,0,-104
21,79,1364480739609,79,1364480739681,72,200,168,96
21,77,1364480739761,77,1364480739857,96,152,176,80
21,69,1364480739889,69,1364480739985,96,128,128,32
21,84,1364480740065,84,1364480740169,104,176,184,80
21,73,1364480740169,73,1364480740353,184,104,184,0
21,77,1364480740321,77,1364480740433,112,152,80,-32
21,69,1364480740417,69,1364480740497,80,96,64,-16
21,83,1364480740625,83,1364480740737,112,208,240,128
21,188,1364480740921,188,1364480741049,128,296,312,184
21,32,1364480741049,32,1364480741145,96,128,96,0
21,16,1364480741201,16,1364480741369,168,152,224,56
21,73,1364480741257,73,1364480741369,112,56,0,-112
21,32,1364480741337,32,1364480741449,112,80,80,-32
21,68,1364480741585,68,1364480741649,64,248,200,136
21,82,1364480741745,82,1364480741857,112,160,208,96
21,69,1364480741841,69,1364480741969,128,96,112,-16
21,65,1364480741969,65,1364480742105,136,128,136,0
21,77,1364480742065,77,1364480742177,112,96,72,-40
21,32,1364480742121,32,1364480742225,104,56,48,-56
21,79,1364480742249,79,1364480742345,96,128,120,24
21,70,1364480742345,70,1364480742425,80,96,80,0
21,32,1364480742465,32,1364480742529,64,120,104,40
21,65,1364480742529,65,1364480742649,120,64,120,0
21,32,1364480742609,32,1364480742713,104,80,64,-40
21,66,1364480742689,66,1364480742777,88,80,64,-24
21,69,1364480742897,69,1364480742977,80,208,200,120
21,84,1364480743041,84,1364480743097,56,144,120,64
21,84,1364480743177,84,1364480743241,64,136,144,80
21,69,1364480743329,69,1364480743457,128,152,216,88
21,82,1364480743377,82,1364480743537,160,48,80,-80
21,32,1364480743505,32,1364480743593,88,128,56,-32
21,76,1364480743633,76,1364480743737,104,128,144,40
21,65,1364480743745,65,1364480743857,112,112,120,8
21,78,1364480743857,78,1364480743920,63,112,63,0
21,68,1364480743905,68,1364480744024,119,48,104,-15
21,32,1364480744321,32,1364480744425,104,416,401,297
21,87,1364480744512,87,1364480744617,105,191,192,87
21,72,1364480744617,72,1364480744705,88,105,88,0
21,69,1364480744705,69,1364480744824,119,88,119,0
21,82,1364480744776,82,1364480744928,152,71,104,-48
21,69,1364480744880,69,1364480745033,153,104,105,-48
21,32,1364480745329,32,1364480745424,95,449,391,296
21,67,1364480745705,67,1364480745801,96,376,377,281
21,73,1364480745801,73,1364480745888,87,96,87,0
21,82,1364480745976,82,1364480746064,88,175,176,88
21,67,1364480746264,67,1364480746368,104,288,304,200
21,76,1364480746392,76,1364480746472,80,128,104,24
21,69,1364480746537,69,1364480746608,71,145,136,65
21,83,1364480746793,83,1364480746896,103,256,288,185
21,32,1364480746952,32,1364480747064,112,159,168,56
21,65,1364480747129,65,1364480747273,144,177,209,65
21,82,1364480747273,82,1364480747408,135,144,135,0
21,69,1364480747377,69,1364480747504,127,104,96,-31
21,32,1364480747473,32,1364480747600,127,96,96,-31
21,78,1364480747640,78,1364480747744,104,167,144,40
21,79,1364480747697,79,1364480747816,119,57,72,-47
21,84,1364480747817,84,1364480747888,71,120,72,1
21,32,1364480747889,32,1364480747984,95,72,96,1
21,84,1364480747968,84,1364480748064,96,79,80,-16
21,72,1364480748096,72,1364480748192,96,128,128,32
21,69,1364480748144,69,1364480748240,96,48,48,-48
21,32,1364480748273,32,1364480748393,120,129,153,33
21,68,1364480748672,68,1364480748753,81,399,360,279
21,79,1364480748753,79,1364480748856,103,81,103,0
21,77,1364480748880,77,1364480748976,96,127,120,24
21,73,1364480749032,73,1364480749136,104,152,160,56
21,78,1364480749096,78,1364480749232,136,64,96,-40
21,65,1364480749312,65,1364480749464,152,216,232,80
21,78,1364480749440,78,1364480749496,56,128,32,-24
21,84,1364480749608,84,1364480749704,96,168,208,112
21,32,1364480749752,32,1364480749832,80,144,128,48
21,83,1364480750945,83,1364480751057,112,1193,1225,1113
21,72,1364480751025,72,1364480751105,80,80,48,-32
21,65,1364480751137,65,1364480751265,128,112,160,32
21,80,1364480751225,80,1364480751321,96,88,56,-40
21,69,1364480751417,69,1364480751489,72,192,168,96
21,188,1364480751611,188,1364480751729,118,194,240,122
21,32,1364480751697,32,1364480751793,96,86,64,-32
21,65,1364480751817,65,1364480751945,128,120,152,24
21,78,1364480751993,78,1364480752073,80,176,128,48
21,68,1364480752121,68,1364480752209,88,128,136,48
21,32,1364480752249,32,1364480752369,120,128,160,40
21,84,1364480752369,84,1364480752473,104,120,104,0
21,72,1364480752473,72,1364480752577,104,104,104,0
21,69,1364480752578,69,1364480752673,95,105,96,1
21,32,1364480752689,32,1364480752785,96,111,112,16
21,76,1364480752817,76,1364480752993,176,128,208,32
21,73,1364480752961,73,1364480753081,120,144,88,-32
21,78,1364480753041,78,1364480753161,120,80,80,-40
21,69,1364480753161,69,1364480753241,80,120,80,0
21,83,1364480753361,83,1364480753505,144,200,264,120
21,32,1364480753506,32,1364480753641,135,145,136,1
21,65,1364480753625,65,1364480753697,72,119,56,-16
21,82,1364480753881,82,1364480753985,104,256,288,184
21,69,1364480753985,69,1364480754097,112,104,112,0
21,32,1364480754145,32,1364480754257,112,160,160,48
21,65,1364480754281,65,1364480754394,113,136,137,24
21,76,1364480754394,76,1364480754441,47,113,47,0
21,76,1364480754513,76,1364480754577,64,119,136,72
21,79,1364480754689,79,1364480754761,72,176,184,112
21,87,1364480754809,87,1364480754857,48,120,96,48
21,69,1364480754945,69,1364480755025,80,136,168,88
21,68,1364480755153,68,1364480755257,104,208,232,128
21,32,1364480755273,32,1364480755361,88,120,104,16
21,84,1364480755417,84,1364480755521,104,144,160,56
21,79,1364480755505,79,1364480755561,56,88,40,-16
21,32,1364480755537,32,1364480755641,104,32,80,-24
21,76,1364480755689,76,1364480755817,128,152,176,48
21,73,1364480755817,73,1364480755889,72,128,72,0
21,86,1364480755969,86,1364480756041,72,152,152,80
21,69,1364480756177,69,1364480756273,96,208,232,136
21,32,1364480756305,32,1364480756385,80,128,112,32
21,73,1364480756433,73,1364480756553,120,128,168,48
21,78,1364480756505,78,1364480756657,152,72,104,-48
21,32,1364480756585,32,1364480756689,104,80,32,-72
21,80,1364480756801,80,1364480756865,64,216,176,112
21,69,1364480756929,69,1364480757009,80,128,144,64
21,65,1364480757273,65,1364480757369,96,344,360,264
21,67,1364480757569,67,1364480757633,64,296,264,200
21,69,1364480757833,69,1364480757937,104,264,304,200
21,32,1364480757929,32,1364480758065,136,96,128,-8
21,87,1364480758137,87,1364480758185,48,208,120,72
21,73,1364480758161,73,1364480758273,112,24,88,-24
21,84,1364480758377,84,1364480758457,80,216,184,104
21,72,1364480758425,72,1364480758529,104,48,72,-32
21,79,1364480758609,79,1364480758737,128,184,208,80
21,85,1364480758697,85,1364480758809,112,88,72,-40
21,84,1364480758809,84,1364480758905,96,112,96,0
21,32,1364480758921,32,1364480758993,72,112,88,16
21,72,1364480759041,72,1364480759145,104,120,152,48
21,65,1364480759097,65,1364480759193,96,56,48,-48
21,86,1364480759217,86,1364480759337,120,120,144,24
21,69,1364480759433,69,1364480759569,136,216,232,96
21,73,1364480759513,73,1364480759625,112,80,56,-56
21,78,1364480759593,78,1364480759689,96,80,64,-32
21,8,1364480760257,8,1364480760337,80,664,648,568
21,8,1364480760425,8,1364480760497,72,168,160,88
21,8,1364480760577,8,1364480760641,64,152,144,80
21,73,1364480760777,73,1364480760905,128,200,264,136
21,78,1364480760857,78,1364480760937,80,80,32,-48
21,71,1364480760937,71,1364480761033,96,80,96,0
21,32,1364480761057,32,1364480761145,88,120,112,24
21,84,1364480761201,84,1364480761289,88,144,144,56
21,79,1364480761289,79,1364480761376,87,88,87,0
21,32,1364480761337,32,1364480761440,103,48,64,-39
21,65,1364480761568,65,1364480761689,121,231,249,128
21,66,1364480761689,66,1364480761793,104,121,104,0
21,73,1364480761832,73,1364480761888,56,143,95,39
21,68,1364480761936,68,1364480762025,89,104,137,48
21,69,1364480762152,69,1364480762248,96,216,223,127
21,32,1364480762272,32,1364480762385,113,120,137,24
21,66,1364480762609,66,1364480762688,79,337,303,224
21,89,1364480762816,89,1364480762896,80,207,208,128
21,32,1364480762864,32,1364480762944,80,48,48,-32
21,65,1364480763920,65,1364480764032,112,1056,1088,976
21,32,1364480764072,32,1364480764160,88,152,128,40
21,72,1364480764264,72,1364480764336,72,192,176,104
21,85,1364480764432,85,1364480764512,80,168,176,96
21,71,1364480764536,71,1364480764632,96,104,120,24
21,32,1364480764680,32,1364480764784,104,144,152,48
21,8,1364480765072,8,1364480765160,88,392,376,288
21,69,1364480765160,69,1364480765248,88,88,88,0
21,32,1364480765248,32,1364480765336,88,88,88,0
21,83,1364480765464,83,1364480765544,80,216,208,128
21,69,1364480765632,69,1364480765720,88,168,176,88
21,84,1364480765785,84,1364480765888,103,153,168,65
21,32,1364480765888,32,1364480766000,112,103,112,0
21,79,1364480766000,79,1364480766104,104,112,104,0
21,70,1364480766136,70,1364480766216,80,136,112,32
21,32,1364480766240,32,1364480766353,113,104,137,24
21,82,1364480766504,82,1364480766616,112,264,263,151
21,85,1364480766720,85,1364480766800,80,216,184,104
21,76,1364480766864,76,1364480766952,88,144,152,64
21,69,1364480766960,69,1364480767040,80,96,88,8
21,83,1364480767144,83,1364480767240,96,184,200,104
21,32,1364480767208,32,1364480767328,120,64,88,-32
21,73,1364480767328,73,1364480767496,168,120,168,0
21,78,1364480767440,78,1364480767584,144,112,88,-56
21,32,1364480767512,32,1364480767616,104,72,32,-72
21,79,1364480767664,79,1364480767760,96,152,144,48
21,82,1364480767784,82,1364480767872,88,120,112,24
21,68,1364480767968,68,1364480768057,89,184,185,96
21,69,1364480768177,69,1364480768297,120,209,240,120
21,82,1364480768257,82,1364480768385,128,80,88,-40
21,32,1364480768417,32,1364480768513,96,160,128,32
21,84,1364480768553,84,1364480768643,90,136,130,40
21,79,1364480768657,79,1364480768737,80,104,94,14
21,32,1364480768737,32,1364480768809,72,80,72,0
21,78,1364480769457,78,1364480769585,128,720,776,648
21,79,1364480769529,79,1364480769626,97,72,41,-56
21,84,1364480769681,84,1364480769793,112,152,167,55
21,32,1364480769795,32,1364480769897,102,114,104,2
21,75,1364480770113,75,1364480770193,80,318,296,216
21,73,1364480770313,73,1364480770369,56,200,176,120
21,76,1364480770489,76,1364480770537,48,176,168,120
21,76,1364480770625,76,1364480770713,88,136,176,88
21,32,1364480770761,32,1364480770833,72,136,120,48
21,69,1364480770833,69,1364480770929,96,72,96,0
21,86,1364480771073,86,1364480771145,72,240,216,144
21,69,1364480771273,69,1364480771393,120,200,248,128
21,82,1364480771361,82,1364480771489,128,88,96,-32
21,89,1364480771530,89,1364480771633,103,169,144,41
21,79,1364480771857,79,1364480771985,128,327,352,224
21,78,1364480771985,78,1364480772105,120,128,120,0
21,69,1364480772105,69,1364480772234,129,120,129,0
21,32,1364480772234,32,1364480772289,55,129,55,0
21,65,1364480772425,65,1364480772545,120,191,256,136
21,82,1364480772529,82,1364480772657,128,104,112,-16
21,79,1364480772657,79,1364480772761,104,128,104,0
21,85,1364480772729,85,1364480772801,72,72,40,-32
21,78,1364480772921,78,1364480773017,96,192,216,120
21,68,1364480773017,68,1364480773129,112,96,112,0
21,32,1364480773169,32,1364480773273,104,152,144,40
21,84,1364480773273,84,1364480773329,56,104,56,0
21,72,1364480773449,72,1364480773529,80,176,200,120
21,69,1364480773561,69,1364480773641,80,112,112,32
21,77,1364480773681,77,1364480773753,72,120,112,40
21,190,1364480773865,190,1364480773937,72,184,184,112
21,32,1364480774041,32,1364480774097,56,176,160,104
21,32,1364480774201,32,1364480774273,72,160,176,104
21,16,1364480774273,16,1364480774433,160,72,160,0
21,73,1364480774353,73,1364480774433,80,80,0,-80
21,32,1364480774449,32,1364480774521,72,96,88,16
21,68,1364480774594,68,1364480774673,79,145,152,73
21,82,1364480774785,82,1364480774889,104,191,216,112
21,69,1364480774865,69,1364480774953,88,80,64,-24
21,65,1364480774993,65,1364480775105,112,128,152,40
21,77,1364480775105,77,1364480775217,112,112,112,0
21,32,1364480775185,32,1364480775281,96,80,64,-32
21,79,1364480775305,79,1364480775417,112,120,136,24
21,70,1364480775505,70,1364480775601,96,200,184,88
21,32,1364480775641,32,1364480775729,88,136,128,40
21,65,1364480775729,65,1364480775865,136,88,136,0
21,32,1364480775817,32,1364480775905,88,88,40,-48
21,76,1364480775993,76,1364480776097,104,176,192,88
21,65,1364480776097,65,1364480776193,96,104,96,0
21,78,1364480776217,78,1364480776305,88,120,112,24
21,68,1364480776305,68,1364480776377,72,88,72,0
21,32,1364480776905,32,1364480776985,80,600,608,528
21,87,1364480777049,87,1364480777137,88,144,152,64
21,73,1364480777169,73,1364480777257,88,120,120,32
21,84,1364480777329,84,1364480777441,112,160,184,72
21,72,1364480777441,72,1364480777545,104,112,104,0
21,32,1364480777545,32,1364480777569,24,104,24,0
21,65,1364480777657,65,1364480777761,104,112,192,88
21,32,1364480777713,32,1364480777833,120,56,72,-48
21,84,1364480778737,84,1364480778841,104,1024,1008,904
21,72,1364480778841,72,1364480778953,112,104,112,0
21,73,1364480778953,73,1364480779041,88,112,88,0
21,82,1364480779065,82,1364480779128,63,112,87,24
21,68,1364480779361,68,1364480779432,71,296,304,233
21,32,1364480779505,32,1364480779609,104,144,177,73
21,68,1364480779609,68,1364480779688,79,104,79,0
21,73,1364480779841,73,1364480779920,79,232,232,153
21,77,1364480780113,77,1364480780209,96,272,289,193
21,69,1364480780273,69,1364480780368,95,160,159,64
21,78,1364480780393,78,1364480780472,79,120,104,25
21,83,1364480780593,83,1364480780664,71,200,192,121
21,73,1364480780944,73,1364480781152,208,351,488,280
21,79,1364480781033,79,1364480781184,151,89,32,-119
21,78,1364480781128,78,1364480781304,176,95,120,-56
21,32,1364480781289,32,1364480781384,95,161,80,-15
21,87,1364480781505,87,1364480781592,87,216,208,121
21,72,1364480781592,72,1364480781680,88,87,88,0
21,69,1364480781680,69,1364480781760,80,88,80,0
21,82,1364480781776,82,1364480781928,152,96,168,16
21,69,1364480781904,69,1364480782016,112,128,88,-24
21,32,1364480782144,32,1364480782233,89,240,217,128
21,87,1364480782584,87,1364480782656,72,440,423,351
21,69,1364480782776,69,1364480782864,88,192,208,120
21,32,1364480782928,32,1364480783032,104,152,168,64
21,67,1364480783112,67,1364480783208,96,184,176,80
21,65,1364480783328,65,1364480783440,112,216,232,120
21,78,1364480783464,78,1364480783536,72,136,96,24
21,32,1364480783504,32,1364480783616,112,40,80,-32
21,83,1364480783592,83,1364480783688,96,88,72,-24
21,69,1364480783800,69,1364480783848,48,208,160,112
21,69,1364480783944,69,1364480784024,80,144,176,96
21,32,1364480784048,32,1364480784160,112,104,136,24
21,72,1364480784304,72,1364480784448,144,256,288,144
21,73,1364480784416,73,1364480784520,104,112,72,-32
21,76,1364480784584,76,1364480784648,64,168,128,64
21,76,1364480784728,76,1364480784824,96,144,176,80
21,83,1364480784872,83,1364480784976,104,144,152,48
21,32,1364480785024,32,1364480785144,120,152,168,48
21,65,1364480785160,65,1364480785248,88,136,104,16
21,78,1364480785272,78,1364480785344,72,112,96,24
21,68,1364480785344,68,1364480785440,96,72,96,0
21,32,1364480785465,32,1364480785545,80,121,105,25
21,84,1364480785577,84,1364480785681,104,112,136,32
21,72,1364480785649,72,1364480785729,80,72,48,-32
21,69,1364480785825,69,1364480785897,72,176,168,96
21,32,1364480785953,32,1364480786073,120,128,176,56
21,83,1364480786201,83,1364480786361,160,248,288,128
21,85,1364480786289,85,1364480786361,72,88,0,-72
21,78,1364480786521,78,1364480786649,128,232,288,160
21,32,1364480786617,32,1364480786721,104,96,72,-32
21,82,1364480786857,82,1364480786945,88,240,224,136
21,73,1364480786970,73,1364480787057,87,113,112,25
21,83,1364480787097,83,1364480787209,112,127,152,40
21,73,1364480787233,73,1364480787378,145,136,169,24
21,78,1364480787353,78,1364480787457,104,120,79,-25
21,71,1364480787473,71,1364480787553,80,120,96,16
21,32,1364480787577,32,1364480787681,104,104,128,24
21,73,1364480787777,73,1364480787897,120,200,216,96
21,78,1364480787833,78,1364480787985,152,56,88,-64
21,32,1364480787945,32,1364480788041,96,112,56,-40
21,84,1364480788041,84,1364480788145,104,96,104,0
21,72,1364480788089,72,1364480788185,96,48,40,-56
21,69,1364480788233,69,1364480788321,88,144,136,48
21,32,1364480788321,32,1364480788425,104,88,104,0
21,72,1364480788505,72,1364480788601,96,184,176,80
21,79,1364480788585,79,1364480788673,88,80,72,-16
21,82,1364480788713,82,1364480788817,104,128,144,40
21,73,1364480788889,73,1364480788977,88,176,160,72
21,90,1364480789034,90,1364480789161,127,145,184,57
21,79,1364480789529,79,1364480789649,120,495,488,368
21,78,1364480789617,78,1364480789721,104,88,72,-32
21,190,1364480789889,190,1364480789985,96,272,264,168
21,32,1364480790145,32,1364480790201,56,256,216,160
21,32,1364480790281,32,1364480790377,96,136,176,80
21,72,1364480791241,72,1364480791313,72,960,936,864
21,69,1364480791385,69,1364480791457,72,144,144,72
21,78,1364480791457,78,1364480791577,120,72,120,0
21,32,1364480791529,32,1364480791641,112,72,64,-48
21,87,1364480791793,87,1364480791889,96,264,248,152
21,69,1364480791993,69,1364480792073,80,200,184,104
21,8,1364480792497,8,1364480792569,72,504,496,424
21,72,1364480792697,72,1364480792785,88,200,216,128
21,69,1364480792809,69,1364480792905,96,112,120,24
21,78,1364480792945,78,1364480793065,120,136,160,40
21,32,1364480793017,32,1364480793121,104,72,56,-48
21,16,1364480793177,16,1364480793297,120,160,176,56
21,73,1364480793233,73,1364480793329,96,56,32,-64
21,32,1364480793297,32,1364480793401,104,64,72,-32
21,82,1364480793459,82,1364480793593,134,162,192,58
21,69,1364480793577,69,1364480793673,96,118,80,-16
21,65,1364480793729,65,1364480793825,96,152,152,56
21,67,1364480793913,67,1364480794049,136,184,224,88
21,72,1364480794017,72,1364480794145,128,104,96,-32
21,32,1364480794097,32,1364480794193,96,80,48,-48
21,84,1364480794233,84,1364480794337,104,136,144,40
21,72,1364480794305,72,1364480794433,128,72,96,-32
21,73,1364480794401,73,1364480794505,104,96,72,-32
21,83,1364480794505,83,1364480794601,96,104,96,0
21,32,1364480794601,32,1364480794649,48,96,48,0
21,66,1364480794721,66,1364480794801,80,120,152,72
21,69,1364480794937,69,1364480795025,88,216,224,136
21,84,1364480795113,84,1364480795329,216,176,304,88
21,84,1364480795577,84,1364480795648,71,464,319,248
21,69,1364480795785,69,1364480795953,168,208,305,137
21,82,1364480795905,82,1364480796001,96,120,48,-48
21,32,1364480796121,32,1364480796249,128,216,248,120
21,76,1364480796249,76,1364480796361,112,128,112,0
21,65,1364480796393,65,1364480796521,128,144,160,32
21,78,1364480796473,78,1364480796585,112,80,64,-48
21,68,1364480796585,68,1364480796689,104,112,104,0
21,188,1364480796712,188,1364480796825,113,127,136,23
21,32,1364480796825,32,1364480796904,79,113,79,0
21,16,1364480796961,16,1364480797137,176,136,233,57
21,32,1364480797137,32,1364480797216,79,176,79,0
21,16,1364480797793,16,1364480797945,152,656,729,577
21,73,1364480797865,73,1364480797969,104,72,24,-80
21,32,1364480797945,32,1364480798032,87,80,63,-24
21,87,1364480798104,87,1364480798209,105,159,177,72
21,73,1364480798169,73,1364480798241,72,65,32,-40
21,76,1364480798336,76,1364480798400,64,167,159,95
21,76,1364480798488,76,1364480798568,80,152,168,88
21,32,1364480798592,32,1364480798688,96,104,120,24
21,66,1364480798792,66,1364480798889,97,200,201,104
21,76,1364480798857,76,1364480798928,71,65,39,-32
21,79,1364480799025,79,1364480799120,95,168,192,97
21,87,1364480799121,87,1364480799216,95,96,96,1
21,32,1364480799232,32,1364480799329,97,111,113,16
21,73,1364480799329,73,1364480799433,104,97,104,0
21,84,1364480799464,84,1364480799560,96,135,127,31
21,32,1364480799584,32,1364480799664,80,120,104,24
21,84,1364480799792,84,1364480799888,96,208,224,128
21,79,1364480799888,79,1364480799976,88,96,88,0
21,32,1364480799977,32,1364480800056,79,89,80,1
21,66,1364480800144,66,1364480800217,73,167,161,88
21,73,1364480800217,73,1364480800296,79,73,79,0
21,84,1364480800416,84,1364480800512,96,199,216,120
21,83,1364480800592,83,1364480800704,112,176,192,80
21,32,1364480800704,32,1364480800784,80,112,80,0
21,87,1364480800825,87,1364480800936,111,121,152,41
21,73,1364480800912,73,1364480801016,104,87,80,-24
21,84,1364480801017,84,1364480801128,111,105,112,1
21,72,1364480801088,72,1364480801184,96,71,56,-40
21,32,1364480801160,32,1364480801208,48,72,24,-24
21,65,1364480801208,65,1364480801344,136,48,136,0
21,32,1364480801320,32,1364480801408,88,112,64,-24
21,78,1364480801480,78,1364480801552,72,160,144,72
21,85,1364480801664,85,1364480801737,73,184,185,112
21,75,1364480801832,75,1364480801904,72,168,167,95
21,69,1364480801929,69,1364480802009,80,97,105,25
21,190,1364480802057,190,1364480802136,79,128,127,48
22,79,1364493423580,79,1364493423676,96,48,48,-48
22,32,1364493423644,32,1364493423739,95,64,63,-32
22,68,1364493423771,68,1364493423860,89,127,121,32
22,79,1364493423860,79,1364493423939,79,89,79,0
22,32,1364493423891,32,1364493424003,112,31,64,-48
22,68,1364493424027,68,1364493424123,96,136,120,24
22,79,1364493424116,79,1364493424227,111,89,104,-7
22,190,1364493424340,190,1364493424411,71,224,184,113
22,32,1364493424372,32,1364493424475,103,32,64,-39
22,73,1364493425372,73,1364493425467,95,1000,992,897
22,70,1364493425443,70,1364493425547,104,71,80,-24
22,32,1364493425571,32,1364493425635,64,128,88,24
22,16,1364493426117,16,1364493426452,335,546,817,482
22,73,1364493426476,73,1364493426589,113,359,137,24
22,16,1364493426508,16,1364493426628,120,32,39,-81
22,32,1364493426589,32,1364493426676,87,81,48,-39
22,83,1364493426933,83,1364493427020,87,344,344,257
22,80,1364493427021,80,1364493427108,87,88,88,1
22,69,1364493427108,69,1364493427196,88,87,88,0
22,78,1364493427212,78,1364493427292,80,104,96,16
22,68,1364493427293,68,1364493427389,96,81,97,1
22,32,1364493427389,32,1364493427468,79,96,79,0
22,77,1364493427548,77,1364493427620,72,159,152,80
22,89,1364493427756,89,1364493427836,80,208,216,136
22,32,1364493427788,32,1364493427884,96,32,48,-48
22,87,1364493428036,87,1364493428124,88,248,240,152
22,72,1364493428125,72,1364493428204,79,89,80,1
22,79,1364493428148,79,1364493428245,97,23,41,-56
22,76,1364493428316,76,1364493428404,88,168,159,71
22,69,1364493428380,69,1364493428477,97,64,73,-24
22,32,1364493428460,32,1364493428556,96,80,79,-17
22,84,1364493428516,84,1364493428605,89,56,49,-40
22,73,1364493428605,73,1364493428692,87,89,87,0
22,77,1364493428660,77,1364493428756,96,55,64,-32
22,69,1364493428732,69,1364493428806,74,72,50,-24
22,32,1364493428820,32,1364493428924,104,88,118,14
22,87,1364493428925,87,1364493428996,71,105,72,1
22,82,1364493429052,82,1364493429124,72,127,128,56
22,73,1364493429180,73,1364493429276,96,128,152,56
22,84,1364493429276,84,1364493429380,104,96,104,0
22,73,1364493429380,73,1364493429492,112,104,112,0
22,78,1364493429452,78,1364493429548,96,72,56,-40
22,71,1364493429548,71,1364493429620,72,96,72,0
22,32,1364493429620,32,1364493429708,88,72,88,0
22,68,1364493429732,68,1364493429828,96,112,120,24
22,79,1364493429804,79,1364493429892,88,72,64,-24
22,32,1364493429860,32,1364493429956,96,56,64,-32
22,68,1364493429956,68,1364493430060,104,96,104,0
22,79,1364493430020,79,1364493430108,88,64,48,-40
22,32,1364493430076,32,1364493430172,96,56,64,-32
22,68,1364493430173,68,1364493430292,119,97,120,1
22,79,1364493430236,79,1364493430340,104,63,48,-56
22,32,1364493430292,32,1364493430404,112,56,64,-48
22,68,1364493430708,68,1364493430805,97,416,401,304
22,79,1364493430780,79,1364493430884,104,72,79,-25
22,69,1364493430884,69,1364493430996,112,104,112,0
22,83,1364493430948,83,1364493431036,88,64,40,-48
22,32,1364493430996,32,1364493431100,104,48,64,-40
22,84,1364493431100,84,1364493431188,88,104,88,0
22,72,1364493431188,72,1364493431276,88,88,88,0
22,73,1364493431252,73,1364493431348,96,64,72,-24
22,83,1364493431348,83,1364493431412,64,96,64,0
22,32,1364493431852,32,1364493431932,80,504,520,440
22,67,1364493432020,67,1364493432125,105,168,193,88
22,79,1364493432125,79,1364493432188,63,105,63,0
22,85,1364493432156,85,1364493432220,64,31,32,-32
22,78,1364493432308,78,1364493432388,80,152,168,88
22,84,1364493432364,84,1364493432452,88,56,64,-24
22,79,1364493433772,79,1364493433868,96,1408,1416,1320
22,82,1364493433868,82,1364493433956,88,96,88,0
22,32,1364493433980,32,1364493434068,88,112,112,24
22,68,1364493434124,68,1364493434212,88,144,144,56
22,79,1364493434180,79,1364493434284,104,56,72,-32
22,32,1364493434252,32,1364493434340,88,72,56,-32
22,16,1364493434412,16,1364493434564,152,160,224,72
22,73,1364493434492,73,1364493434564,72,80,0,-72
22,32,1364493434532,32,1364493434612,80,40,48,-32
22,72,1364493434660,72,1364493434740,80,128,128,48
22,65,1364493434708,65,1364493434772,64,48,32,-32
22,86,1364493434828,86,1364493434948,120,120,176,56
22,69,1364493434892,69,1364493434964,72,64,16,-56
22,32,1364493434948,32,1364493435044,96,56,80,-16
22,84,1364493435060,84,1364493435148,88,112,104,16
22,79,1364493435148,79,1364493435228,80,88,80,0
22,32,1364493435196,32,1364493435284,88,48,56,-32
22,86,1364493435460,86,1364493435500,40,264,216,176
22,65,1364493435628,65,1364493435684,56,168,184,128
22,82,1364493435684,82,1364493435764,80,56,80,0
22,89,1364493435812,89,1364493435892,80,128,128,48
22,32,1364493435844,32,1364493435948,104,32,56,-48
22,87,1364493436036,87,1364493436100,64,192,152,88
22,72,1364493436124,72,1364493436204,80,88,104,24
22,65,1364493436204,65,1364493436268,64,80,64,0
22,84,1364493436244,84,1364493436332,88,40,64,-24
22,32,1364493436309,32,1364493436396,87,65,64,-23
22,16,1364493436380,16,1364493436516,136,71,120,-16
22,73,1364493436460,73,1364493436556,96,80,40,-56
22,32,1364493436500,32,1364493436604,104,40,48,-56
22,84,1364493436604,84,1364493436692,88,104,88,0
22,79,1364493436724,79,1364493436748,24,120,56,32
22,8,1364493436996,8,1364493437044,48,272,296,248
22,89,1364493437172,89,1364493437268,96,176,224,128
22,80,1364493437316,80,1364493437404,88,144,136,48
22,69,1364493437428,69,1364493437516,88,112,112,24
22,32,1364493437516,32,1364493437612,96,88,96,0
22,65,1364493437636,65,1364493437708,72,120,96,24
22,78,1364493437740,78,1364493437812,72,104,104,32
22,68,1364493437812,68,1364493437868,56,72,56,0
22,32,1364493437892,32,1364493437980,88,80,112,24
22,83,1364493437980,83,1364493438052,72,88,72,0
22,65,1364493438388,65,1364493438476,88,408,424,336
22,89,1364493438500,89,1364493438580,80,112,104,24
22,32,1364493438580,32,1364493438652,72,80,72,0
22,83,1364493438724,83,1364493438812,88,144,160,72
22,79,1364493438812,79,1364493438876,64,88,64,0
22,77,1364493438844,77,1364493438924,80,32,48,-32
22,69,1364493438924,69,1364493438988,64,80,64,0
22,84,1364493438956,84,1364493439051,95,32,63,-32
22,72,1364493439028,72,1364493439092,64,72,41,-23
22,73,1364493439107,73,1364493439204,97,79,112,15
22,78,1364493439204,78,1364493439284,80,97,80,0
22,71,1364493439268,71,1364493439348,80,64,64,-16
22,32,1364493439340,32,1364493439436,96,72,88,-8
22,76,1364493439419,76,1364493439523,104,79,87,-17
22,73,1364493439484,73,1364493439547,63,65,24,-39
22,75,1364493439636,75,1364493439715,79,152,168,89
22,69,1364493439700,69,1364493439764,64,64,49,-15
22,32,1364493439796,32,1364493439876,80,96,112,32
22,68,1364493439876,68,1364493439979,103,80,103,0
22,69,1364493439995,69,1364493440100,105,119,121,16
22,32,1364493440100,32,1364493440204,104,105,104,0
22,68,1364493440228,68,1364493440324,96,128,120,24
22,69,1364493440324,69,1364493440404,80,96,80,0
22,32,1364493440404,32,1364493440484,80,80,80,0
22,68,1364493440555,68,1364493440659,104,151,175,71
22,69,1364493440691,69,1364493440787,96,136,128,32
22,32,1364493440875,32,1364493440899,24,184,112,88
22,190,1364493441051,190,1364493441179,128,176,280,152
22,32,1364493441436,32,1364493441547,111,385,368,257
22,16,1364493441548,16,1364493441699,151,112,152,1
22,72,1364493441683,72,1364493441747,64,135,48,-16
22,69,1364493441820,69,1364493441899,79,137,152,73
22,72,1364493441947,72,1364493441995,48,127,96,48
22,32,1364493442019,32,1364493442131,112,72,136,24
22,69,1364493442259,69,1364493442339,80,240,208,128
22,72,1364493442379,72,1364493442467,88,120,128,40
22,69,1364493442659,69,1364493442707,48,280,240,192
22,72,1364493442747,72,1364493442827,80,88,120,40
22,69,1364493442875,69,1364493442947,72,128,120,48
22,72,1364493442948,72,1364493443027,79,73,80,1
22,69,1364493443091,69,1364493443155,64,143,128,64
22,72,1364493443156,72,1364493443235,79,65,80,1
22,69,1364493443283,69,1364493443339,56,127,104,48
22,72,1364493443340,72,1364493443404,64,57,65,1
22,69,1364493443459,69,1364493443507,48,119,103,55
22,32,1364493443523,32,1364493443612,89,64,105,16
22,16,1364493444284,16,1364493444420,136,761,808,672
22,73,1364493444348,73,1364493444460,112,64,40,-72
22,32,1364493444421,32,1364493444516,95,73,56,-39
22,68,1364493444517,68,1364493444604,87,96,88,1
22,79,1364493444573,79,1364493444676,103,56,72,-31
22,78,1364493444636,78,1364493444748,112,63,72,-40
22,222,1364493444700,222,1364493444820,120,64,72,-48
22,84,1364493444772,84,1364493444844,72,72,24,-48
22,32,1364493444821,32,1364493444925,104,49,81,-23
22,84,1364493444909,84,1364493444996,87,88,71,-16
22,72,1364493444996,72,1364493445052,56,87,56,0
22,73,1364493445036,73,1364493445148,112,40,96,-16
22,78,1364493445148,78,1364493445204,56,112,56,0
22,75,1364493445252,75,1364493445348,96,104,144,48
22,32,1364493445316,32,1364493445412,96,64,64,-32
22,84,1364493445389,84,1364493445476,87,73,64,-23
22,72,1364493445500,72,1364493445588,88,111,112,24
22,65,1364493445556,65,1364493445588,32,56,0,-32
22,84,1364493445589,84,1364493445676,87,33,88,1
22,222,1364493445676,222,1364493445773,97,87,97,0
22,83,1364493445773,83,1364493445876,103,97,103,0
22,32,1364493445844,32,1364493445916,72,71,40,-32
22,72,1364493446044,72,1364493446092,48,200,176,128
22,8,1364493446292,8,1364493446340,48,248,248,200
22,8,1364493446436,8,1364493446468,32,144,128,96
22,32,1364493446780,32,1364493446868,88,344,400,312
22,72,1364493446972,72,1364493447060,88,192,192,104
22,69,1364493447084,69,1364493447148,64,112,88,24
22,76,1364493447188,76,1364493447252,64,104,104,40
22,80,1364493447356,80,1364493447420,64,168,168,104
22,73,1364493447532,73,1364493447644,112,176,224,112
22,78,1364493447588,78,1364493447692,104,56,48,-56
22,71,1364493447668,71,1364493447765,97,80,73,-24
22,32,1364493447740,32,1364493447868,128,72,103,-25
22,89,1364493447868,89,1364493447948,80,128,80,0
22,79,1364493447964,79,1364493448068,104,96,120,16
22,85,1364493448045,85,1364493448124,79,81,56,-23
22,32,1364493448084,32,1364493448188,104,39,64,-40
22,79,1364493448244,79,1364493448340,96,160,152,56
22,85,1364493448316,85,1364493448396,80,72,56,-24
22,84,1364493448380,84,1364493448468,88,64,72,-16
22,32,1364493448468,32,1364493448540,72,88,72,0
22,77,1364493448596,77,1364493448676,80,128,136,56
22,85,1364493448788,85,1364493448852,64,192,176,112
22,67,1364493448908,67,1364493448988,80,120,136,56
22,72,1364493448948,72,1364493449037,89,40,49,-40
22,32,1364493449004,32,1364493449108,104,56,71,-33
22,69,1364493449188,69,1364493449270,82,184,162,80
22,73,1364493449244,73,1364493449356,112,56,86,-26
22,84,1364493449356,84,1364493449428,72,112,72,0
22,72,1364493449404,72,1364493449484,80,48,56,-24
22,69,1364493449484,69,1364493449548,64,80,64,0
22,82,1364493449524,82,1364493449604,80,40,56,-24
22,190,1364493449604,190,1364493449676,72,80,72,0
22,32,1364493449652,32,1364493449740,88,48,64,-24
22,16,1364493449724,16,1364493450468,744,72,728,-16
22,79,1364493450436,79,1364493450532,96,712,64,-32
22,78,1364493450500,78,1364493450596,96,64,64,-32
22,67,1364493450628,67,1364493450756,128,128,160,32
22,69,1364493450724,69,1364493450756,32,96,0,-32
22,32,1364493451212,32,1364493451316,104,488,560,456
22,85,1364493451396,85,1364493451500,104,184,184,80
22,80,1364493451484,80,1364493451532,48,88,32,-16
22,79,1364493451660,79,1364493451756,96,176,224,128
22,78,1364493451724,78,1364493451820,96,64,64,-32
22,32,1364493451916,32,1364493452004,88,192,184,96
22,65,1364493452108,65,1364493452204,96,192,200,104
22,32,1364493452204,32,1364493452284,80,96,80,0
22,84,1364493452324,84,1364493452420,96,120,136,40
22,73,1364493452452,73,1364493452524,72,128,104,32
22,77,1364493452468,77,1364493452572,104,16,48,-56
22,69,1364493452548,69,1364493452612,64,80,40,-24
22,32,1364493452660,32,1364493452772,112,112,160,48
22,84,1364493452972,84,1364493453052,80,312,280,200
22,72,1364493453052,72,1364493453124,72,80,72,0
22,69,1364493453124,69,1364493453188,64,72,64,0
22,82,1364493453188,82,1364493453292,104,64,104,0
22,69,1364493453268,69,1364493453348,80,80,56,-24
22,32,1364493453348,32,1364493453428,80,80,80,0
22,87,1364493453444,87,1364493453548,104,96,120,16
22,65,1364493453548,65,1364493453660,112,104,112,0
22,83,1364493453612,83,1364493453708,96,64,48,-48
22,32,1364493453708,32,1364493453796,88,96,88,0
22,65,1364493453804,65,1364493453892,88,96,96,8
22,32,1364493453892,32,1364493453980,88,88,88,0
22,76,1364493454036,76,1364493454156,120,144,176,56
22,73,1364493454124,73,1364493454228,104,88,72,-32
22,84,1364493454204,84,1364493454276,72,80,48,-24
22,84,1364493454356,84,1364493454428,72,152,152,80
22,76,1364493454412,76,1364493454500,88,56,72,-16
22,69,1364493454516,69,1364493454588,72,104,88,16
22,32,1364493454604,32,1364493454700,96,88,112,16
22,80,1364493455292,80,1364493455364,72,688,664,592
22,69,1364493455380,69,1364493455444,64,88,80,16
22,82,1364493455420,82,1364493455524,104,40,80,-24
22,83,1364493455532,83,1364493455644,112,112,120,8
22,79,1364493455588,79,1364493455676,88,56,32,-56
22,78,1364493455644,78,1364493455764,120,56,88,-32
22,32,1364493455764,32,1364493455860,96,120,96,0
22,87,1364493455980,87,1364493456068,88,216,208,120
22,72,1364493456068,72,1364493456164,96,88,96,0
22,79,1364493456148,79,1364493456220,72,80,56,-16
22,32,1364493456252,32,1364493456356,104,104,136,32
22,68,1364493456428,68,1364493456516,88,176,160,72
22,73,1364493456516,73,1364493456580,64,88,64,0
22,68,1364493456604,68,1364493456676,72,88,96,24
22,78,1364493456660,78,1364493456788,128,56,112,-16
22,222,1364493456732,222,1364493456836,104,72,48,-56
22,84,1364493456836,84,1364493456908,72,104,72,0
22,32,1364493456892,32,1364493456972,80,56,64,-16
22,75,1364493457004,75,1364493457180,176,112,208,32
22,78,1364493457100,78,1364493457212,112,96,32,-80
22,79,1364493457148,79,1364493457252,104,48,40,-64
22,87,1364493457236,87,1364493457316,80,88,64,-16
22,32,1364493457316,32,1364493457404,88,80,88,0
22,69,1364493457428,69,1364493457524,96,112,120,24
22,86,1364493457564,86,1364493457635,71,136,111,40
22,8,1364493457820,8,1364493457859,39,256,224,185
22,8,1364493457948,8,1364493457996,48,128,137,89
22,86,1364493458035,86,1364493458115,80,87,119,39
22,69,1364493458156,69,1364493458259,103,121,144,41
22,82,1364493458236,82,1364493458323,87,80,64,-23
22,89,1364493458339,89,1364493458435,96,103,112,16
22,32,1364493458403,32,1364493458499,96,64,64,-32
22,77,1364493458627,77,1364493458716,89,224,217,128
22,85,1364493458835,85,1364493458923,88,208,207,119
22,67,1364493458924,67,1364493459019,95,89,96,1
22,72,1364493458988,72,1364493459059,71,64,40,-31
22,190,1364493459115,190,1364493459211,96,127,152,56
22,32,1364493459187,32,1364493459283,96,72,72,-24
22,65,1364493459315,65,1364493459395,80,128,112,32
22,78,1364493459396,78,1364493459475,79,81,80,1
22,68,1364493459476,68,1364493459547,71,80,72,1
22,32,1364493459531,32,1364493459627,96,55,80,-16
22,83,1364493459667,83,1364493459715,48,136,88,40
22,72,1364493459731,72,1364493459811,80,64,96,16
22,69,1364493459835,69,1364493459899,64,104,88,24
22,32,1364493459867,32,1364493459971,104,32,72,-32
22,87,1364493460019,87,1364493460059,40,152,88,48
22,69,1364493460035,69,1364493460124,89,16,65,-24
22,78,1364493460124,78,1364493460203,79,89,79,0
22,84,1364493460204,84,1364493460291,87,80,88,1
22,32,1364493460275,32,1364493460387,112,71,96,-16
22,84,1364493460388,84,1364493460483,95,113,96,1
22,79,1364493460435,79,1364493460515,80,47,32,-48
22,32,1364493460507,32,1364493460579,72,72,64,-8
22,83,1364493460603,83,1364493460675,72,96,96,24
22,67,1364493460747,67,1364493460819,72,144,144,72
22,72,1364493460807,72,1364493460907,100,60,88,-12
22,79,1364493460875,79,1364493460947,72,68,40,-32
22,79,1364493461021,79,1364493461084,63,146,137,74
22,76,1364493461164,76,1364493461252,88,143,168,80
22,32,1364493461220,32,1364493461332,112,56,80,-32
22,65,1364493461333,65,1364493461420,87,113,88,1
22,78,1364493461413,78,1364493461500,87,80,80,-7
22,68,1364493461476,68,1364493461557,81,63,57,-24
22,32,1364493461533,32,1364493461628,95,57,71,-24
22,76,1364493461725,76,1364493461780,55,192,152,97
22,69,1364493461796,69,1364493461876,80,71,96,16
22,65,1364493461876,65,1364493461948,72,80,72,0
22,82,1364493461924,82,1364493462012,88,48,64,-24
22,78,1364493462012,78,1364493462092,80,88,80,0
22,69,1364493462116,69,1364493462156,40,104,64,24
22,68,1364493462236,68,1364493462340,104,120,184,80
22,32,1364493462332,32,1364493462428,96,96,88,-8
22,65,1364493462428,65,1364493462508,80,96,80,0
22,32,1364493462532,32,1364493462620,88,104,112,24
22,87,1364493462692,87,1364493462780,88,160,160,72
22,72,1364493462756,72,1364493462852,96,64,72,-24
22,79,1364493462812,79,1364493462884,72,56,32,-40
22,76,1364493462964,76,1364493463044,80,152,160,80
22,69,1364493463028,69,1364493463108,80,64,64,-16
22,32,1364493463132,32,1364493463212,80,104,104,24
22,67,1364493463212,67,1364493463276,64,80,64,0
22,82,1364493463396,82,1364493463468,72,184,192,120
22,65,1364493463452,65,1364493463532,80,56,64,-16
22,80,1364493463532,80,1364493463604,72,80,72,0
22,76,1364493463700,76,1364493463772,72,168,168,96
22,79,1364493463860,79,1364493463956,96,160,184,88
22,65,1364493463972,65,1364493464020,48,112,64,16
22,68,1364493463988,68,1364493464100,112,16,80,-32
22,32,1364493464100,32,1364493464188,88,112,88,0
22,73,1364493464236,73,1364493464332,96,136,144,48
22,78,1364493464308,78,1364493464428,120,72,96,-24
22,32,1364493464388,32,1364493464476,88,80,48,-40
22,84,1364493464476,84,1364493464556,80,88,80,0
22,72,1364493464556,72,1364493464636,80,80,80,0
22,69,1364493464612,69,1364493464676,64,56,40,-24
22,32,1364493464676,32,1364493464756,80,64,80,0
22,50,1364493464788,50,1364493464876,88,112,120,32
22,48,1364493464900,48,1364493464948,48,112,72,24
22,32,1364493464948,32,1364493465028,80,48,80,0
22,83,1364493465580,83,1364493465684,104,632,656,552
22,69,1364493465660,69,1364493465748,88,80,64,-24
22,67,1364493465820,67,1364493465924,104,160,176,72
22,79,1364493465900,79,1364493466004,104,80,80,-24
22,78,1364493465964,78,1364493466052,88,64,48,-40
22,68,1364493466004,68,1364493466132,128,40,80,-48
22,83,1364493466076,83,1364493466196,120,72,64,-56
22,32,1364493466148,32,1364493466244,96,72,48,-48
22,84,1364493466268,84,1364493466364,96,120,120,24
22,72,1364493466364,72,1364493466476,112,96,112,0
22,65,1364493466420,65,1364493466484,64,56,8,-56
22,84,1364493466476,84,1364493466556,80,56,72,-8
22,32,1364493466556,32,1364493466660,104,80,104,0
22,73,1364493467052,73,1364493467132,80,496,472,392
22,84,1364493467100,84,1364493467172,72,48,40,-32
22,222,1364493467276,222,1364493467372,96,176,200,104
22,83,1364493467396,83,1364493467484,88,120,112,24
22,32,1364493467460,32,1364493467564,104,64,80,-24
22,84,1364493467884,84,1364493467964,80,424,400,320
22,65,1364493468004,65,1364493468100,96,120,136,40
22,75,1364493468092,75,1364493468172,80,88,72,-8
22,73,1364493468268,73,1364493468332,64,176,160,96
22,78,1364493468308,78,1364493468412,104,40,80,-24
22,71,1364493468388,71,1364493468476,88,80,64,-24
22,32,1364493468452,32,1364493468556,104,64,80,-24
22,77,1364493468580,77,1364493468644,64,128,88,24
22,69,1364493468844,69,1364493468932,88,264,288,200
22,32,1364493468948,32,1364493469060,112,104,128,16
22,84,1364493469124,84,1364493469212,88,176,152,64
22,79,1364493469636,79,1364493469724,88,512,512,424
22,32,1364493469708,32,1364493469815,107,72,91,-16
22,84,1364493469884,84,1364493469980,96,176,165,69
22,89,1364493470148,89,1364493470236,88,264,256,168
22,80,1364493470284,80,1364493470372,88,136,136,48
22,69,1364493470428,69,1364493470524,96,144,152,56
22,32,1364493470524,32,1364493470620,96,96,96,0
22,85,1364493470924,85,1364493471044,120,400,424,304
22,80,1364493471004,80,1364493471108,104,80,64,-40
22,32,1364493471092,32,1364493471180,88,88,72,-16
22,84,1364493471284,84,1364493471372,88,192,192,104
22,72,1364493471372,72,1364493471468,96,88,96,0
22,73,1364493471428,73,1364493471564,136,56,96,-40
22,83,1364493471564,83,1364493471660,96,136,96,0
22,32,1364493471660,32,1364493471764,104,96,104,0
22,69,1364493472092,69,1364493472172,80,432,408,328
22,83,1364493472276,83,1364493472340,64,184,168,104
22,83,1364493472428,83,1364493472476,48,152,136,88
22,65,1364493472556,65,1364493472620,64,128,144,80
22,89,1364493472620,89,1364493472684,64,64,64,0
22,32,1364493472868,32,1364493472964,96,248,280,184
22,84,1364493472996,84,1364493473076,80,128,112,32
22,72,1364493473060,72,1364493473132,72,64,56,-16
22,73,1364493473132,73,1364493473260,128,72,128,0
22,78,1364493473228,78,1364493473332,104,96,72,-32
22,71,1364493473428,71,1364493473500,72,200,168,96
22,89,1364493473556,89,1364493473628,72,128,128,56
22,190,1364493473780,190,1364493473860,80,224,232,152
22,32,1364493473820,32,1364493473924,104,40,64,-40
22,16,1364493473964,16,1364493474572,608,144,648,40
22,68,1364493474524,68,1364493474628,104,560,56,-48
22,79,1364493474652,79,1364493474732,80,128,104,24
22,69,1364493474732,69,1364493474844,112,80,112,0
22,83,1364493474844,83,1364493474915,71,112,71,0
22,32,1364493474876,32,1364493474979,103,32,64,-39
22,83,1364493475084,83,1364493475163,79,208,184,105
22,80,1364493475180,80,1364493475243,63,96,80,17
22,69,1364493475276,69,1364493475348,72,96,105,33
22,76,1364493475348,76,1364493475443,95,72,95,0
22,76,1364493475516,76,1364493475675,159,168,232,73
22,73,1364493475635,73,1364493475739,104,119,64,-40
22,78,1364493475692,78,1364493475763,71,57,24,-47
22,71,1364493475804,71,1364493475868,64,112,105,41
22,32,1364493475868,32,1364493475955,87,64,87,0
22,67,1364493475979,67,1364493476083,104,111,128,24
22,79,1364493476035,79,1364493476123,88,56,40,-48
22,85,1364493476099,85,1364493476163,64,64,40,-24
22,78,1364493476259,78,1364493476339,80,160,176,96
22,68,1364493476340,68,1364493476420,80,81,81,1
22,32,1364493476420,32,1364493476515,95,80,95,0
22,8,1364493476787,8,1364493476827,40,367,312,272
22,8,1364493476915,8,1364493476955,40,128,128,88
22,69,1364493477251,69,1364493477323,72,336,368,296
22,73,1364493477363,73,1364493477435,72,112,112,40
22,84,1364493477436,84,1364493477491,55,73,56,1
22,8,1364493477643,8,1364493477675,32,207,184,152
22,8,1364493477779,8,1364493477819,40,136,144,104
22,8,1364493477915,8,1364493477963,48,136,144,96
22,8,1364493478059,8,1364493478123,64,144,160,96
22,8,1364493478196,8,1364493478259,63,137,136,73
22,32,1364493478387,32,1364493478427,40,191,168,128
22,8,1364493478644,8,1364493478684,40,257,257,217
22,84,1364493478781,84,1364493478828,47,137,144,97
22,32,1364493478815,32,1364493478892,77,34,64,-13
22,69,1364493479348,69,1364493479413,65,533,521,456
22,73,1364493479413,73,1364493479484,71,65,71,0
22,84,1364493479500,84,1364493479580,80,87,96,16
22,72,1364493479596,72,1364493479660,64,96,80,16
22,69,1364493479661,69,1364493479748,87,65,88,1
22,82,1364493479716,82,1364493479788,72,55,40,-32
22,72,1364493480572,72,1364493480668,96,856,880,784
22,65,1364493480772,65,1364493480852,80,200,184,104
22,72,1364493480805,72,1364493480908,103,33,56,-47
22,65,1364493480964,65,1364493481036,72,159,128,56
22,72,1364493481012,72,1364493481116,104,48,80,-24
22,65,1364493481148,65,1364493481212,64,136,96,32
22,190,1364493481311,190,1364493481380,69,163,168,99
22,32,1364493481356,32,1364493481444,88,45,64,-24
22,16,1364493481460,16,1364493482292,832,104,848,16
22,73,1364493482228,73,1364493482324,96,768,32,-64
22,32,1364493482292,32,1364493482380,88,64,56,-32
22,72,1364493482428,72,1364493482516,88,136,136,48
22,79,1364493482484,79,1364493482557,73,56,41,-32
22,80,1364493482660,80,1364493482716,56,176,159,103
22,69,1364493482756,69,1364493482836,80,96,120,40
22,32,1364493482780,32,1364493482884,104,24,48,-56
22,78,1364493482996,78,1364493483092,96,216,208,112
22,79,1364493483060,79,1364493483140,80,64,48,-32
22,69,1364493483340,69,1364493483380,40,280,240,200
22,8,1364493483580,8,1364493483628,48,240,248,200
22,84,1364493483668,84,1364493483748,80,88,120,40
22,32,1364493483748,32,1364493483828,80,80,80,0
22,66,1364493483900,66,1364493483964,64,152,136,72
22,69,1364493483940,69,1364493484012,72,40,48,-24
22,67,1364493484012,67,1364493484132,120,72,120,0
22,65,1364493484108,65,1364493484180,72,96,48,-24
22,85,1364493484180,85,1364493484268,88,72,88,0
22,83,1364493484269,83,1364493484348,79,89,80,1
22,69,1364493484308,69,1364493484388,80,39,40,-40
22,32,1364493484372,32,1364493484468,96,64,80,-16
22,65,1364493484516,65,1364493484596,80,144,128,48
22,80,1364493484596,80,1364493484668,72,80,72,0
22,80,1364493484748,80,1364493484828,80,152,160,80
22,65,1364493484796,65,1364493484868,72,48,40,-32
22,82,1364493484844,82,1364493484972,128,48,104,-24
22,69,1364493484940,69,1364493484996,56,96,24,-32
22,78,1364493484972,78,1364493485068,96,32,72,-24
22,84,1364493485068,84,1364493485148,80,96,80,0
22,76,1364493485188,76,1364493485228,40,120,80,40
22,68,1365451010124,68,1365451010237,113,159,65,-48
22,69,1365451010325,69,1365451010413,88,201,176,88
22,82,1365451010413,82,1365451010476,63,88,63,0
22,32,1365451010508,32,1365451010621,113,95,145,32
22,16,1365451010540,16,1365451010708,168,32,87,-81
22,74,1365451010692,74,1365451010804,112,152,96,-16
22,8,1365451011068,8,1365451011116,48,376,312,264
22,8,1365451011220,8,1365451011268,48,152,152,104
22,65,1365451011436,65,1365451011500,64,216,232,168
22,8,1365451011532,8,1365451011596,64,96,96,32
22,8,1365451011684,8,1365451011756,72,152,160,88
22,65,1365451011780,65,1365451011844,64,96,88,24
22,82,1365451011845,82,1365451011900,55,65,56,1
22,32,1365451011916,32,1365451012044,128,71,144,16
22,16,1365451012116,16,1365451012305,189,200,261,72
22,74,1365451012268,74,1365451012412,144,152,107,-37
22,79,1365451012348,79,1365451012460,112,80,48,-64
22,83,1365451012724,83,1365451012748,24,376,288,264
22,8,1365451012996,8,1365451013052,56,272,304,248
22,69,1365451013095,69,1365451013212,117,99,160,43
22,83,1365451013188,83,1365451013292,104,93,80,-24
22,8,1365451013644,8,1365451013684,40,456,392,352
22,8,1365451013780,8,1365451013836,56,136,152,96
22,83,1365451013876,83,1365451014004,128,96,168,40
22,69,1365451013988,69,1365451014052,64,112,48,-16
22,80,1365451014364,80,1365451014444,80,376,392,312
22,72,1365451014548,72,1365451014580,32,184,136,104
22,188,1365451014932,188,1365451015028,96,384,448,352
22,32,1365451015012,32,1365451015100,88,80,72,-16
22,13,1365451015260,13,1365451015316,56,248,216,160
22,13,1365451015420,13,1365451015468,48,160,152,104
22,13,1365451015580,13,1365451015612,32,160,144,112
22,72,1365451016132,72,1365451016220,88,552,608,520
22,69,1365451016236,69,1365451016308,72,104,88,16
22,76,1365451016332,76,1365451016388,56,96,80,24
22,76,1365451016476,76,1365451016532,56,144,144,88
22,79,1365451016620,79,1365451016684,64,144,152,88
22,190,1365451016788,190,1365451016876,88,168,192,104
22,32,1365451016844,32,1365451016948,104,56,72,-32
22,16,1365451017108,16,1365451017388,280,264,440,160
22,73,1365451017348,73,1365451017428,80,240,40,-40
22,222,1365451017492,222,1365451017596,104,144,168,64
22,77,1365451017548,77,1365451017652,104,56,56,-48
22,32,1365451017612,32,1365451017700,88,64,48,-40
22,83,1365451017732,83,1365451017844,112,120,144,32
22,79,1365451017844,79,1365451017948,104,112,104,0
22,82,1365451017948,82,1365451018028,80,104,80,0
22,82,1365451018100,82,1365451018220,120,152,192,72
22,89,1365451018220,89,1365451018292,72,120,72,0
22,32,1365451018260,32,1365451018356,96,40,64,-32
22,84,1365451018356,84,1365451018452,96,96,96,0
22,72,1365451018452,72,1365451018524,72,96,72,0
22,65,1365451018524,65,1365451018588,64,72,64,0
22,84,1365451018572,84,1365451018644,72,48,56,-16
22,32,1365451018645,32,1365451018716,71,73,72,1
22,16,1365451018692,16,1365451018828,136,47,112,-24
22,73,1365451018756,73,1365451018852,96,64,24,-72
22,32,1365451018828,32,1365451018910,82,72,58,-24
22,72,1365451018932,72,1365451019004,72,104,94,22
22,8,1365451019172,8,1365451019204,32,240,200,168
22,78,1365451019332,78,1365451019436,104,160,232,128
22,69,1365451019436,69,1365451019508,72,104,72,0
22,86,1365451019508,86,1365451019564,56,72,56,0
22,69,1365451019644,69,1365451019740,96,136,176,80
22,82,1365451019716,82,1365451019796,80,72,56,-24
22,32,1365451019796,32,1365451019892,96,80,96,0
22,83,1365451019892,83,1365451019980,88,96,88,0
22,72,1365451019964,72,1365451020092,128,72,112,-16
22,79,1365451020036,79,1365451020132,96,72,40,-56
22,32,1365451020284,32,1365451020341,57,248,209,152
22,8,1365451020589,8,1365451020645,56,305,304,248
22,87,1365451020677,87,1365451020773,96,88,128,32
22,32,1365451020773,32,1365451020845,72,96,72,0
22,85,1365451020861,85,1365451020989,128,88,144,16
22,80,1365451020941,80,1365451021037,96,80,48,-48
22,32,1365451021021,32,1365451021109,88,80,72,-16
22,84,1365451021213,84,1365451021309,96,192,200,104
22,79,1365451021309,79,1365451021397,88,96,88,0
22,32,1365451021349,32,1365451021437,88,40,40,-48
22,89,1365451021493,89,1365451021605,112,144,168,56
22,79,1365451021605,79,1365451021725,120,112,120,0
22,85,1365451021693,85,1365451021829,136,88,104,-32
22,82,1365451021829,82,1365451021925,96,136,96,0
22,32,1365451021925,32,1365451022021,96,96,96,0
22,77,1365451022133,77,1365451022261,128,208,240,112
22,8,1365451022477,8,1365451022573,96,344,312,216
22,84,1365451023197,84,1365451023293,96,720,720,624
22,72,1365451023293,72,1365451023357,64,96,64,0
22,73,1365451023405,73,1365451023493,88,112,136,48
22,78,1365451023453,78,1365451023557,104,48,64,-40
22,71,1365451023541,71,1365451023621,80,88,64,-16
22,190,1365451023677,190,1365451023765,88,136,144,56
22,32,1365451023717,32,1365451023829,112,40,64,-48
22,16,1365451023781,16,1365451024037,256,64,208,-48
22,65,1365451023941,65,1365451024061,120,160,24,-96
22,78,1365451024061,78,1365451024157,96,120,96,0
22,68,1365451024157,68,1365451024261,104,96,104,0
22,32,1365451024261,32,1365451024365,104,104,104,0
22,16,1365451024333,16,1365451024492,159,72,127,-32
22,73,1365451024453,73,1365451024541,88,120,49,-39
22,222,1365451024605,222,1365451024701,96,152,160,64
22,77,1365451024837,77,1365451024940,103,232,239,136
22,32,1365451024893,32,1365451024996,103,56,56,-47
22,84,1365451025061,84,1365451025149,88,168,153,65
22,82,1365451025109,82,1365451025197,88,48,48,-40
22,8,1365451025485,8,1365451025525,40,376,328,288
22,8,1365451025613,8,1365451025685,72,128,160,88
22,82,1365451025685,82,1365451025788,103,72,103,0
22,8,1365451026060,8,1365451026116,56,375,328,272
22,84,1365451026156,84,1365451026293,137,96,177,40
22,82,1365451026244,82,1365451026341,97,88,48,-49
22,85,1365451026365,85,1365451026444,79,121,103,24
22,76,1365451026525,76,1365451026596,71,160,152,81
22,69,1365451026628,69,1365451026724,96,103,128,32
22,89,1365451026725,89,1365451026828,103,97,104,1
22,32,1365451026796,32,1365451026892,96,71,64,-32
22,84,1365451027100,84,1365451027220,120,304,328,208
22,82,1365451027165,82,1365451027269,104,65,49,-55
22,89,1365451027356,89,1365451027436,80,191,167,87
22,73,1365451027548,73,1365451027636,88,192,200,112
22,78,1365451027572,78,1365451027692,120,24,56,-64
22,71,1365451027693,71,1365451027764,71,121,72,1
22,190,1365451027812,190,1365451027900,88,119,136,48
22,32,1365451027876,32,1365451027956,80,64,56,-24
22,16,1365451027957,16,1365451028444,487,81,488,1
22,73,1365451028364,73,1365451028468,104,407,24,-80
22,32,1365451028420,32,1365451028524,104,56,56,-48
22,65,1365451028556,65,1365451028629,73,136,105,32
22,76,1365451028645,76,1365451028733,88,89,104,16
22,83,1365451028733,83,1365451028853,120,88,120,0
22,79,1365451028837,79,1365451028956,119,104,103,-16
22,32,1365451028924,32,1365451029044,120,87,88,-32
22,83,1365451029140,83,1365451029244,104,216,200,96
22,84,1365451029228,84,1365451029316,88,88,72,-16
22,73,1365451029317,73,1365451029420,103,89,104,1
22,76,1365451029533,76,1365451029588,55,216,168,113
22,76,1365451029684,76,1365451029780,96,151,192,96
22,32,1365451029756,32,1365451029868,112,72,88,-24
22,67,1365451029868,67,1365451029972,104,112,104,0
22,65,1365451029940,65,1365451030036,96,72,64,-32
22,78,1365451030004,78,1365451030100,96,64,64,-32
22,78,1365451030188,78,1365451030324,136,184,224,88
22,79,1365451030284,79,1365451030388,104,96,64,-40
22,84,1365451030404,84,1365451030484,80,120,96,16
22,32,1365451030508,32,1365451030588,80,104,104,24
22,83,1365451030588,83,1365451030716,128,80,128,0
22,80,1365451030668,80,1365451030788,120,80,72,-48
22,69,1365451030804,69,1365451030892,88,136,104,16
22,76,1365451030892,76,1365451030956,64,88,64,0
22,76,1365451031044,76,1365451031132,88,152,176,88
22,190,1365451031252,190,1365451031340,88,208,208,120
22,32,1365451031308,32,1365451031436,128,56,96,-32
22,16,1365451031340,16,1365451031476,136,32,40,-96
22,84,1365451031436,84,1365451031548,112,96,72,-40
22,72,1365451031548,72,1365451031660,112,112,112,0
22,73,1365451031620,73,1365451031708,88,72,48,-40
22,83,1365451031708,83,1365451031788,80,88,80,0
22,32,1365451031788,32,1365451031892,104,80,104,0
22,73,1365451031924,73,1365451031988,64,136,96,32
22,83,1365451032036,83,1365451032124,88,112,136,48
22,32,1365451032124,32,1365451032172,48,88,48,0
22,66,1365451032236,66,1365451032316,80,112,144,64
22,69,1365451032284,69,1365451032383,99,48,67,-32
22,67,1365451032384,67,1365451032492,108,100,109,1
22,65,1365451032492,65,1365451032564,72,108,72,0
22,85,1365451032548,85,1365451032620,72,56,56,-16
22,83,1365451032660,83,1365451032764,104,112,144,40
22,69,1365451032700,69,1365451032788,88,40,24,-64
22,32,1365451032764,32,1365451032860,96,64,72,-24
22,16,1365451032828,16,1365451032964,136,64,104,-32
22,73,1365451032916,73,1365451032996,80,88,32,-48
22,32,1365451032964,32,1365451033060,96,48,64,-32
22,85,1365451033108,85,1365451033188,80,144,128,48
22,83,1365451033188,83,1365451033284,96,80,96,0
22,85,1365451033276,85,1365451033356,80,88,72,-8
22,65,1365451033388,65,1365451033468,80,112,112,32
22,76,1365451033484,76,1365451033532,48,96,64,16
22,76,1365451033612,76,1365451033684,72,128,152,80
22,89,1365451033660,89,1365451033748,88,48,64,-24
22,32,1365451033708,32,1365451033780,72,48,32,-40
22,72,1365451033844,72,1365451033948,104,136,168,64
22,65,1365451033932,65,1365451034004,72,88,56,-16
22,86,1365451034052,86,1365451034172,120,120,168,48
22,69,1365451034116,69,1365451034204,88,64,32,-56
22,32,1365451034188,32,1365451034300,112,72,96,-16
22,84,1365451034484,84,1365451034580,96,296,280,184
22,72,1365451034556,72,1365451034652,96,72,72,-24
22,69,1365451034640,69,1365451034772,132,84,120,-12
22,32,1365451034724,32,1365451034828,104,84,56,-48
22,67,1365451035188,67,1365451035300,112,464,472,360
22,79,1365451035260,79,1365451035332,72,72,32,-40
22,77,1365451035333,77,1365451035388,55,73,56,1
22,80,1365451035437,80,1365451035524,87,104,136,49
22,85,1365451035524,85,1365451035620,96,87,96,0
22,84,1365451035580,84,1365451035660,80,56,40,-40
22,69,1365451035708,69,1365451035780,72,128,120,48
22,82,1365451035740,82,1365451035836,96,32,56,-40
22,32,1365451035812,32,1365451035916,104,72,80,-24
22,68,1365451035932,68,1365451036012,80,120,96,16
22,79,1365451035980,79,1365451036084,104,48,72,-32
22,32,1365451036084,32,1365451036180,96,104,96,0
22,73,1365451036180,73,1365451036300,120,96,120,0
22,84,1365451036300,84,1365451036396,96,120,96,0
22,32,1365451036364,32,1365451036476,112,64,80,-32
22,70,1365451036596,70,1365451036684,88,232,208,120
22,79,1365451036620,79,1365451036732,112,24,48,-64
22,82,1365451036884,82,1365451036964,80,264,232,152
22,32,1365451036988,32,1365451037076,88,104,112,24
22,77,1365451037156,77,1365451037252,96,168,176,80
22,69,1365451037252,69,1365451037332,80,96,80,0
22,190,1365451037332,190,1365451037444,112,80,112,0
22,32,1365451037388,32,1365451037508,120,56,64,-56
22,16,1365451037444,16,1365451037853,409,56,345,-64
22,83,1365451037804,83,1365451037917,113,360,64,-49
22,79,1365451037909,79,1365451038029,120,105,112,-8
22,82,1365451038013,82,1365451038069,56,104,40,-16
22,82,1365451038157,82,1365451038229,72,144,160,88
22,89,1365451038205,89,1365451038309,104,48,80,-24
22,32,1365451038309,32,1365451038421,112,104,112,0
22,16,1365451038469,16,1365451038765,296,160,344,48
22,84,1365451038709,84,1365451038837,128,240,72,-56
22,72,1365451038837,72,1365451038933,96,128,96,0
22,65,1365451038933,65,1365451038989,56,96,56,0
22,84,1365451038989,84,1365451039053,64,56,64,0
22,32,1365451039053,32,1365451039117,64,64,64,0
22,16,1365451039149,16,1365451039325,176,96,208,32
22,73,1365451039285,73,1365451039381,96,136,56,-40
22,32,1365451039565,32,1365451039661,96,280,280,184
22,65,1365451039717,65,1365451039845,128,152,184,56
22,77,1365451039845,77,1365451039949,104,128,104,0
22,32,1365451039925,32,1365451040013,88,80,64,-24
22,85,1365451040109,85,1365451040173,64,184,160,96
22,8,1365451040741,8,1365451040813,72,632,640,568
22,8,1365451040893,8,1365451040957,64,152,144,80
22,78,1365451041349,78,1365451041437,88,456,480,392
22,65,1365451041509,65,1365451041581,72,160,144,72
22,67,1365451041709,67,1365451041757,48,200,176,128
22,67,1365451041885,67,1365451041965,80,176,208,128
22,69,1365451041965,69,1365451042037,72,80,72,0
22,80,1365451042069,80,1365451042165,96,104,128,32
22,84,1365451042197,84,1365451042269,72,128,104,32
22,65,1365451042357,65,1365451042421,64,160,152,88
22,66,1365451042461,66,1365451042525,64,104,104,40
22,76,1365451042613,76,1365451042717,104,152,192,88
22,69,1365451042717,69,1365451042765,48,104,48,0
22,8,1365451042989,8,1365451043045,56,272,280,224
22,89,1365451043173,89,1365451043276,103,184,231,128
22,32,1365451043253,32,1365451043364,111,80,88,-23
22,68,1365451044172,68,1365451044276,104,919,912,808
22,79,1365451044222,79,1365451044380,158,50,104,-54
22,73,1365451044277,73,1365451044428,151,55,48,-103
22,78,1365451044364,78,1365451044460,96,87,32,-64
22,71,1365451044461,71,1365451044540,79,97,80,1
22,32,1365451044541,32,1365451044629,88,80,89,1
22,84,1365451044613,84,1365451044700,87,72,71,-16
22,72,1365451044701,72,1365451044765,64,88,65,1
22,73,1365451044765,73,1365451044901,136,64,136,0
22,78,1365451044853,78,1365451044948,95,88,47,-48
22,71,1365451044901,71,1365451044988,87,48,40,-47
22,83,1365451044964,83,1365451045037,73,63,49,-24
22,190,1365451045061,190,1365451045156,95,97,119,24
22,32,1365451045132,32,1365451045228,96,71,72,-24
22,16,1365451045180,16,1365451045756,576,48,528,-48
22,73,1365451045716,73,1365451045836,120,536,80,-40
22,32,1365451045788,32,1365451045876,88,72,40,-48
22,72,1365451045900,72,1365451046013,113,112,137,24
22,79,1365451046013,79,1365451046092,79,113,79,0
22,80,1365451046164,80,1365451046245,81,151,153,72
22,69,1365451046245,69,1365451046332,87,81,87,0
22,32,1365451046301,32,1365451046428,127,56,96,-31
22,89,1365451046468,89,1365451046508,40,167,80,40
22,79,1365451046868,79,1365451046972,104,400,464,360
22,85,1365451046932,85,1365451047060,128,64,88,-40
22,32,1365451047020,32,1365451047132,112,88,72,-40
22,69,1365451047269,69,1365451047380,111,249,248,137
22,78,1365451047396,78,1365451047508,112,127,128,16
22,68,1365451047508,68,1365451047596,88,112,88,0
22,32,1365451047588,32,1365451047692,104,80,96,-8
22,85,1365451047668,85,1365451047812,144,80,120,-24
22,80,1365451047740,80,1365451047836,96,72,24,-72
22,32,1365451047812,32,1365451047908,96,72,72,-24
22,82,1365451047956,82,1365451048108,152,144,200,48
22,69,1365451048076,69,1365451048140,64,120,32,-32
22,65,1365451048188,65,1365451048260,72,112,120,48
22,68,1365451048276,68,1365451048372,96,88,112,16
22,73,1365451048372,73,1365451048468,96,96,96,0
22,78,1365451048396,78,1365451048524,128,24,56,-72
22,71,1365451048492,71,1365451048588,96,96,64,-32
22,32,1365451048588,32,1365451048668,80,96,80,0
22,84,1365451048668,84,1365451048780,112,80,112,0
22,72,1365451048740,72,1365451048868,128,72,88,-40
22,73,1365451048804,73,1365451048892,88,64,24,-64
22,83,1365451048868,83,1365451048972,104,64,80,-24
22,190,1365451049004,190,1365451049092,88,136,120,32
22,32,1365451049092,32,1365451049164,72,88,72,0
22,16,1365451049116,16,1365451049356,240,24,192,-48
22,73,1365451049292,73,1365451049388,96,176,32,-64
22,32,1365451049356,32,1365451049452,96,64,64,-32
22,67,1365451049524,67,1365451049604,80,168,152,72
22,72,1365451049708,72,1365451049772,64,184,168,104
22,69,1365451049772,69,1365451049860,88,64,88,0
22,82,1365451049861,82,1365451049940,79,89,80,1
22,73,1365451050156,73,1365451050228,72,295,288,216
22,83,1365451050229,83,1365451050396,167,73,168,1
22,72,1365451050324,72,1365451050420,96,95,24,-72
22,32,1365451050396,32,1365451050492,96,72,72,-24
22,79,1365451050588,79,1365451050700,112,192,208,96
22,85,1365451050652,85,1365451050748,96,64,48,-48
22,82,1365451050748,82,1365451050852,104,96,104,0
22,32,1365451050828,32,1365451050940,112,80,88,-24
22,70,1365451051044,70,1365451051148,104,216,208,104
22,82,1365451051148,82,1365451051236,88,104,88,0
22,73,1365451051260,73,1365451051340,80,112,104,24
22,69,1365451051340,69,1365451051420,80,80,80,0
22,78,1365451051420,78,1365451051508,88,80,88,0
22,68,1365451051508,68,1365451051612,104,88,104,0
22,83,1365451051716,83,1365451051820,104,208,208,104
22,72,1365451051852,72,1365451051932,80,136,112,32
22,73,1365451051932,73,1365451052068,136,80,136,0
22,80,1365451052036,80,1365451052124,88,104,56,-32
22,190,1365451052244,190,1365451052340,96,208,216,120
22,32,1365451052324,32,1365451052404,80,80,64,-16
22,16,1365451052380,16,1365451052556,176,56,152,-24
22,73,1365451052484,73,1365451052588,104,104,32,-72
22,32,1365451052556,32,1365451052644,88,72,56,-32
22,82,1365451052660,82,1365451052788,128,104,144,16
22,69,1365451052732,69,1365451052844,112,72,56,-56
22,65,1365451052820,65,1365451052908,88,88,64,-24
22,76,1365451052900,76,1365451052964,64,80,56,-8
22,76,1365451053044,76,1365451053124,80,144,160,80
22,89,1365451053132,89,1365451053244,112,88,120,8
22,32,1365451053164,32,1365451053244,80,32,0,-80
22,68,1365451053268,68,1365451053372,104,104,128,24
22,79,1365451053332,79,1365451053420,88,64,48,-40
22,190,1365451053524,190,1365451053612,88,192,192,104
22,32,1365451053596,32,1365451053676,80,72,64,-16
22,16,1365451053700,16,1365451054300,600,104,624,24
22,80,1365451054252,80,1365451054356,104,552,56,-48
22,76,1365451054436,76,1365451054548,112,184,192,80
22,69,1365451054500,69,1365451054604,104,64,56,-48
22,65,1365451054548,65,1365451054620,72,48,16,-56
22,83,1365451054708,83,1365451054812,104,160,192,88
22,69,1365451054756,69,1365451054860,104,48,48,-56
22,32,1365451054812,32,1365451054908,96,56,48,-48
22,68,1365451054940,68,1365451055052,112,128,144,32
22,79,1365451055020,79,1365451055148,128,80,96,-32
22,78,1365451055092,78,1365451055228,136,72,80,-56
22,222,1365451055180,222,1365451055325,145,88,97,-48
22,8,1365451055597,8,1365451055669,72,417,344,272
22,8,1365451055749,8,1365451055829,80,152,160,80
22,8,1365451055917,8,1365451055989,72,168,160,88
22,8,1365451056085,8,1365451056149,64,168,160,96
22,8,1365451056405,8,1365451057069,664,320,920,256
22,8,1365451056904,8,1365451057445,541,499,376,-165
22,16,1365451057661,16,1365451057917,256,757,472,216
22,73,1365451057885,73,1365451058005,120,224,88,-32
22,32,1365451057965,32,1365451058053,88,80,48,-40
22,72,1365451058085,72,1365451058197,112,120,144,32
22,79,1365451058149,79,1365451058245,96,64,48,-48
22,80,1365451058333,80,1365451058405,72,184,160,88
22,69,1365451058429,69,1365451058525,96,96,120,24
22,32,1365451058493,32,1365451058589,96,64,64,-32
22,84,1365451058565,84,1365451058653,88,72,64,-24
22,72,1365451058653,72,1365451058757,104,88,104,0
22,65,1365451058693,65,1365451058757,64,40,0,-64
22,84,1365451058757,84,1365451058829,72,64,72,0
22,32,1365451058813,32,1365451058917,104,56,88,-16
22,65,1365451059029,65,1365451059101,72,216,184,112
22,76,1365451059101,76,1365451059165,64,72,64,0
22,76,1365451059253,76,1365451059349,96,152,184,88
22,32,1365451059301,32,1365451059397,96,48,48,-48
22,73,1365451059445,73,1365451059549,104,144,152,48
22,83,1365451059549,83,1365451059629,80,104,80,0
22,32,1365451059629,32,1365451059741,112,80,112,0
22,87,1365451059741,87,1365451059829,88,112,88,0
22,69,1365451060133,69,1365451060245,112,392,416,304
22,76,1365451060245,76,1365451060301,56,112,56,0
22,76,1365451060405,76,1365451060492,87,160,191,104
22,32,1365451060453,32,1365451060541,88,48,49,-39
22,79,1365451060605,79,1365451060732,127,152,191,64
22,78,1365451060685,78,1365451060813,128,80,81,-47
22,32,1365451060813,32,1365451060924,111,128,111,0
22,89,1365451060981,89,1365451061069,88,168,145,57
22,79,1365451061093,79,1365451061205,112,112,136,24
22,85,1365451061157,85,1365451061252,95,64,47,-48
22,82,1365451061205,82,1365451061293,88,48,41,-47
22,32,1365451061309,32,1365451061421,112,104,128,16
22,69,1365451061885,69,1365451062005,120,576,584,464
22,78,1365451062005,78,1365451062100,95,120,95,0
22,68,1365451062117,68,1365451062269,152,112,169,17
22,190,1365451062245,190,1365451062325,80,128,56,-24
22,32,1365451062301,32,1365451062412,111,56,87,-24
22,16,1365451062380,16,1365451066236,3856,79,3824,-32
22,73,1365451066164,73,1365451066300,136,3784,64,-72
22,32,1365451066212,32,1365451066356,144,48,56,-88
22,80,1365451066476,80,1365451066548,72,264,192,120
22,65,1365451066580,65,1365451066676,96,104,128,32
22,85,1365451066676,85,1365451066772,96,96,96,0
22,83,1365451066772,83,1365451066900,128,96,128,0
22,69,1365451066868,69,1365451066948,80,96,48,-32
22,68,1365451067045,68,1365451067132,87,177,184,97
22,32,1365451067164,32,1365451067268,104,119,136,32
22,70,1365451067428,70,1365451067508,80,264,240,160
22,79,1365451067540,79,1365451067628,88,112,120,32
22,82,1365451067628,82,1365451067716,88,88,88,0
22,32,1365451067716,32,1365451067812,96,88,96,0
22,65,1365451067820,65,1365451067908,88,104,96,8
22,66,1365451067884,66,1365451067948,64,64,40,-24
22,79,1365451068020,79,1365451068084,64,136,136,72
22,85,1365451068060,85,1365451068172,112,40,88,-24
22,84,1365451068132,84,1365451068220,88,72,48,-40
22,32,1365451068220,32,1365451068308,88,88,88,0
22,49,1365451068348,49,1365451068436,88,128,128,40
22,48,1365451068436,48,1365451068500,64,88,64,0
22,32,1365451068468,32,1365451068588,120,32,88,-32
22,83,1365451068676,83,1365451068772,96,208,184,88
22,69,1365451068748,69,1365451068820,72,72,48,-24
22,67,1365451068900,67,1365451069004,104,152,184,80
22,79,1365451068972,79,1365451069052,80,72,48,-32
22,78,1365451069028,78,1365451069140,112,56,88,-24
22,68,1365451069100,68,1365451069204,104,72,64,-40
22,83,1365451069164,83,1365451069276,112,64,72,-40
22,32,1365451069268,32,1365451069372,104,104,96,-8
22,83,1365451069572,83,1365451069652,80,304,280,200
22,79,1365451069652,79,1365451069756,104,80,104,0
22,32,1365451069724,32,1365451069868,144,72,112,-32
22,80,1365451069964,80,1365451070068,104,240,200,96
22,69,1365451070068,69,1365451070148,80,104,80,0
22,82,1365451070108,82,1365451070188,80,40,40,-40
22,72,1365451070236,72,1365451070324,88,128,136,48
22,65,1365451070324,65,1365451070404,80,88,80,0
22,80,1365451070428,80,1365451070516,88,104,112,24
22,83,1365451070516,83,1365451070596,80,88,80,0
22,32,1365451070596,32,1365451070684,88,80,88,0
22,16,1365451070660,16,1365451070804,144,64,120,-24
22,73,1365451070764,73,1365451070852,88,104,48,-40
22,222,1365451070940,222,1365451071012,72,176,160,88
22,76,1365451071316,76,1365451071396,80,376,384,304
22,76,1365451071476,76,1365451071588,112,160,192,80
22,32,1365451071540,32,1365451071644,104,64,56,-48
22,71,1365451071692,71,1365451071748,56,152,104,48
22,73,1365451072156,73,1365451072260,104,464,512,408
22,86,1365451072260,86,1365451072348,88,104,88,0
22,69,1365451072324,69,1365451072404,80,64,56,-24
22,32,1365451072404,32,1365451072524,120,80,120,0
22,89,1365451072492,89,1365451072612,120,88,88,-32
22,79,1365451072612,79,1365451072724,112,120,112,0
22,85,1365451072700,85,1365451072789,89,88,65,-24
22,32,1365451072748,32,1365451072829,81,48,40,-41
22,65,1365451072933,65,1365451073021,88,185,192,104
22,78,1365451073037,78,1365451073133,96,104,112,16
22,32,1365451073133,32,1365451073213,80,96,80,0
22,69,1365451073197,69,1365451073277,80,64,64,-16
22,88,1365451073365,88,1365451073461,96,168,184,88
22,84,1365451073525,84,1365451073597,72,160,136,64
22,69,1365451073717,69,1365451073765,48,192,168,120
22,82,1365451073718,82,1365451073765,47,1,0,-47
22,65,1365451073741,65,1365451073821,80,23,56,-24
22,32,1365451073837,32,1365451073893,56,96,72,16
22,8,1365451074085,8,1365451074141,56,248,248,192
22,8,1365451074229,8,1365451074293,64,144,152,88
22,8,1365451074389,8,1365451074454,65,160,161,96
22,8,1365451074533,8,1365451074597,64,144,143,79
22,82,1365451074597,82,1365451074693,96,64,96,0
22,65,1365451074637,65,1365451074741,104,40,48,-56
22,32,1365451074709,32,1365451074813,104,72,72,-32
22,76,1365451074813,76,1365451074965,152,104,152,0
22,73,1365451074941,73,1365451074997,56,128,32,-24
22,84,1365451075069,84,1365451075149,80,128,152,72
22,84,1365451075237,84,1365451075317,80,168,168,88
22,76,1365451075317,76,1365451075389,72,80,72,0
22,69,1365451075389,69,1365451075485,96,72,96,0
22,32,1365451075485,32,1365451075573,88,96,88,0
22,84,1365451075909,84,1365451075997,88,424,424,336
22,73,1365451075973,73,1365451076061,88,64,64,-24
22,68,1365451076213,68,1365451076309,96,240,248,152
22,32,1365451076309,32,1365451076389,80,96,80,0
22,66,1365451076477,66,1365451076541,64,168,152,88
22,73,1365451076749,73,1365451076861,112,272,320,208
22,84,1365451076837,84,1365451076909,72,88,48,-24
22,190,1365451076989,190,1365451077124,135,152,215,80
22,32,1365451077069,32,1365451077173,104,80,49,-55
22,13,1365451077253,13,1365451077292,39,184,119,80
22,13,1365451077397,13,1365451077469,72,144,177,105
22,16,1365451077469,16,1365451077605,136,72,136,0
22,83,1365451077581,83,1365451077653,72,112,48,-24
22,73,1365451077677,73,1365451077781,104,96,128,24
22,78,1365451077741,78,1365451077829,88,64,48,-40
22,67,1365451077829,67,1365451077925,96,88,96,0
22,69,1365451077925,69,1365451078013,88,96,88,0
22,82,1365451078101,82,1365451078189,88,176,176,88
22,69,1365451078245,69,1365451078317,72,144,128,56
22,76,1365451078485,76,1365451078548,63,240,231,168
22,76,1365451078613,76,1365451078685,72,128,137,65
22,89,1365451078669,89,1365451078757,88,56,72,-16
22,188,1365451078837,188,1365451078965,128,168,208,80
22,32,1365451078912,32,1365451079013,101,75,48,-53
22,13,1365451079077,13,1365451079141,64,165,128,64
22,16,1365451079165,16,1365451079324,159,88,183,24
22,77,1365451079285,77,1365451079381,96,120,57,-39
22,69,1365451079381,69,1365451079468,87,96,87,0
22,82,1365451079445,82,1365451079572,127,64,104,-23
22,69,1365451079540,69,1365451079629,89,95,57,-32
22,190,1365451080036,190,1365451080100,64,496,471,407
22,32,1365451080101,32,1365451080164,63,65,64,1
22,80,1365621639774,80,1365621639870,96,168,184,88
22,83,1365621639894,83,1365621639958,64,120,88,24
22,190,1365621639982,190,1365621640078,96,88,120,24
22,32,1365621640054,32,1365621640150,96,72,72,-24
22,16,1365621640238,16,1365621640438,200,184,288,88
22,73,1365621640374,73,1365621640438,64,136,0,-64
22,32,1365621640414,32,1365621640502,88,40,64,-24
22,65,1365621640638,65,1365621640718,80,224,216,136
22,67,1365621641014,67,1365621641078,64,376,360,296
22,67,1365621641174,67,1365621641254,80,160,176,96
22,73,1365621641254,73,1365621641334,80,80,80,0
22,68,1365621641406,68,1365621641478,72,152,144,72
22,69,1365621641438,69,1365621641534,96,32,56,-40
22,78,1365621641502,78,1365621641582,80,64,48,-32
22,84,1365621641606,84,1365621641654,48,104,72,24
22,65,1365621641710,65,1365621641776,66,104,122,56
22,76,1365621641766,76,1365621641822,56,56,46,-10
22,76,1365621641894,76,1365621641990,96,128,168,72
22,89,1365621641967,89,1365621642070,103,73,80,-23
22,32,1365621642023,32,1365621642118,95,56,48,-47
22,84,1365621642151,84,1365621642230,79,128,112,33
22,85,1365621642271,85,1365621642342,71,120,112,41
22,82,1365621642358,82,1365621642447,89,87,105,16
22,78,1365621642447,78,1365621642559,112,89,112,0
22,69,1365621642559,69,1365621642614,55,112,55,0
22,68,1365621642710,68,1365621642806,96,151,192,96
22,32,1365621642782,32,1365621642879,97,72,73,-24
22,79,1365621642910,79,1365621642982,72,128,103,31
22,78,1365621642958,78,1365621643062,104,48,80,-24
22,32,1365621643006,32,1365621643110,104,48,48,-56
22,84,1365621643086,84,1365621643182,96,80,72,-24
22,72,1365621643183,72,1365621643278,95,97,96,1
22,69,1365621643246,69,1365621643326,80,63,48,-32
22,32,1365621643279,32,1365621643398,119,33,72,-47
22,84,1365621644742,84,1365621644822,80,1463,1424,1344
22,72,1365621644854,72,1365621644878,24,112,56,32
22,73,1365621644926,73,1365621644966,40,72,88,48
22,8,1365621645278,8,1365621645318,40,352,352,312
22,8,1365621645406,8,1365621645462,56,128,144,88
22,8,1365621645542,8,1365621645590,48,136,128,80
22,8,1365621645678,8,1365621645710,32,136,120,88
22,8,1365621645798,8,1365621645830,32,120,120,88
22,8,1365621645918,8,1365621646238,320,120,408,88
22,72,1365621646926,72,1365621646990,64,1008,752,688
22,69,1365621646990,69,1365621647062,72,64,72,0
22,32,1365621647086,32,1365621647174,88,96,112,24
22,67,1365621647278,67,1365621647382,104,192,208,104
22,65,1365621647382,65,1365621647454,72,104,72,0
22,77,1365621647489,77,1365621647574,85,107,120,35
22,69,1365621647542,69,1365621647638,96,53,64,-32
22,82,1365621647614,82,1365621647752,138,72,114,-24
22,65,1365621647718,65,1365621647814,96,104,62,-34
22,32,1365621647814,32,1365621647902,88,96,88,0
22,65,1365621647998,65,1365621648078,80,184,176,96
22,70,1365621648110,70,1365621648190,80,112,112,32
22,84,1365621648270,84,1365621648366,96,160,176,80
22,69,1365621648366,69,1365621648478,112,96,112,0
22,82,1365621648430,82,1365621648518,88,64,40,-48
22,32,1365621648470,32,1365621648590,120,40,72,-48
22,16,1365621648534,16,1365621648687,153,64,97,-56
22,73,1365621648630,73,1365621648726,96,96,39,-57
22,32,1365621648687,32,1365621648790,103,57,64,-39
22,84,1365621648806,84,1365621648910,104,119,120,16
22,89,1365621648894,89,1365621648990,96,88,80,-16
22,80,1365621649062,80,1365621649134,72,168,144,72
22,69,1365621649134,69,1365621649214,80,72,80,0
22,68,1365621649294,68,1365621649390,96,160,176,80
22,32,1365621649366,32,1365621649438,72,72,48,-24
22,73,1365621649526,73,1365621649622,96,160,184,88
22,78,1365621649590,78,1365621649686,96,64,64,-32
22,32,1365621649646,32,1365621649734,88,56,48,-40
22,77,1365621649806,77,1365621649894,88,160,160,72
22,89,1365621649895,89,1365621649966,71,89,72,1
22,32,1365621649966,32,1365621650054,88,71,88,0
22,78,1365621650926,78,1365621651022,96,960,968,872
22,69,1365621651022,69,1365621651110,88,96,88,0
22,84,1365621651110,84,1365621651174,64,88,64,0
22,32,1365621651230,32,1365621651302,72,120,128,56
22,16,1365621651534,16,1365621651678,144,304,376,232
22,73,1365621651638,73,1365621651726,88,104,48,-40
22,68,1365621651750,68,1365621651870,120,112,144,24
22,32,1365621651942,32,1365621652094,152,192,224,72
22,65,1365621652150,65,1365621652246,96,208,152,56
22,78,1365621652247,78,1365621652326,79,97,80,1
22,68,1365621652294,68,1365621652398,104,47,72,-32
22,32,1365621652366,32,1365621652478,112,72,80,-32
22,73,1365621652558,73,1365621652630,72,192,152,80
22,84,1365621652630,84,1365621652702,72,72,72,0
22,32,1365621652702,32,1365621652798,96,72,96,0
22,83,1365621652782,83,1365621652870,88,80,72,-16
22,84,1365621652838,84,1365621652910,72,56,40,-32
22,65,1365621652982,65,1365621653022,40,144,112,72
22,82,1365621653006,82,1365621653062,56,24,40,-16
22,84,1365621653135,84,1365621653238,103,129,176,73
22,69,1365621653198,69,1365621653286,88,63,48,-40
22,68,1365621653374,68,1365621653462,88,176,176,88
22,32,1365621653462,32,1365621653558,96,88,96,0
22,69,1365621653694,69,1365621653790,96,232,232,136
22,65,1365621653766,65,1365621653886,120,72,96,-24
22,82,1365621653854,82,1365621653918,64,88,32,-32
22,76,1365621654022,76,1365621654086,64,168,168,104
22,89,1365621654158,89,1365621654262,104,136,176,72
22,190,1365621654366,190,1365621654462,96,208,200,104
22,190,1365621654534,190,1365621654646,112,168,184,72
22,32,1365621654606,32,1365621654710,104,72,64,-40
22,16,1365621654710,16,1365621654830,120,104,120,0
22,72,1365621654830,72,1365621654950,120,120,120,0
22,79,1365621654950,79,1365621655022,72,120,72,0
22,80,1365621655118,80,1365621655198,80,168,176,96
22,69,1365621655214,69,1365621655294,80,96,96,16
22,70,1365621655278,70,1365621655358,80,64,64,-16
22,85,1365621655342,85,1365621655454,112,64,96,-16
22,76,1365621655454,76,1365621655526,72,112,72,0
22,76,1365621655590,76,1365621655710,120,136,184,64
22,89,1365621655638,89,1365621655742,104,48,32,-72
22,32,1365621655710,32,1365621655782,72,72,40,-32
22,73,1365621655854,73,1365621655902,48,144,120,72
22,84,1365621655926,84,1365621656006,80,72,104,24
22,32,1365621656038,32,1365621656118,80,112,112,32
22,71,1365621656102,71,1365621656174,72,64,56,-16
22,69,1365621656222,69,1365621656302,80,120,128,48
22,84,1365621656270,84,1365621656358,88,48,56,-32
22,83,1365621656422,83,1365621656494,72,152,136,64
22,32,1365621656518,32,1365621656590,72,96,96,24
22,70,1365621656630,70,1365621656710,80,112,120,40
22,73,1365621656710,73,1365621656782,72,80,72,0
22,88,1365621656854,88,1365621656934,80,144,152,72
22,69,1365621657014,69,1365621657102,88,160,168,80
22,68,1365621657190,68,1365621657279,89,176,177,88
22,190,1365621657279,190,1365621657366,87,89,87,0
22,32,1365621657310,32,1365621657406,96,31,40,-56
22,13,1365621657510,13,1365621657566,56,200,160,104
22,13,1365621657654,13,1365621657710,56,144,144,88
22,16,1365621657734,16,1365621657846,112,80,136,24
22,83,1365621657822,83,1365621657918,96,88,72,-24
22,79,1365621657934,79,1365621657998,64,112,80,16
22,82,1365621658022,82,1365621658078,56,88,80,24
22,82,1365621658150,82,1365621658230,80,128,152,72
22,32,1365621658262,32,1365621658381,119,112,151,32
22,16,1365621658310,16,1365621658502,192,48,121,-71
22,8,1365621658574,8,1365621658621,47,264,119,72
22,89,1365621658750,89,1365621658877,127,176,256,129
22,32,1365621658845,32,1365621658933,88,95,56,-32
22,16,1365621658909,16,1365621659070,161,64,137,-24
22,74,1365621659054,74,1365621659206,152,145,136,-16
22,79,1365621659126,79,1365621659246,120,72,40,-80
22,83,1365621659246,83,1365621659341,95,120,95,0
22,69,1365621659318,69,1365621659405,87,72,64,-23
22,80,1365621659550,80,1365621659622,72,232,217,145
22,72,1365621659718,72,1365621659782,64,168,160,96
22,190,1365621659862,190,1365621659966,104,144,184,80
22,32,1365621659942,32,1365621660038,96,80,72,-24
22,13,1365621660118,13,1365621660166,48,176,128,80
22,13,1365621660255,13,1365621660318,63,137,152,89
22,50,1365621660526,50,1365621660614,88,271,296,208
22,32,1365621660671,32,1365621660777,106,145,163,57
22,84,1365621660878,84,1365621660966,88,207,189,101
22,73,1365621660966,73,1365621661078,112,88,112,0
22,77,1365621661022,77,1365621661118,96,56,40,-56
22,69,1365621661079,69,1365621661206,127,57,88,-39
22,83,1365621661166,83,1365621661286,120,87,80,-40
22,32,1365621661230,32,1365621661302,72,64,16,-56
22,73,1365621661326,73,1365621661430,104,96,128,24
22,78,1365621661406,78,1365621661502,96,80,72,-24
22,32,1365621661447,32,1365621661542,95,41,40,-55
22,79,1365621661862,79,1365621661950,88,415,408,320
22,78,1365621661926,78,1365621662006,80,64,56,-24
22,69,1365621662038,69,1365621662134,96,112,128,32
22,32,1365621662126,32,1365621662206,80,88,72,-8
22,87,1365621662246,87,1365621662310,64,120,104,40
22,69,1365621662310,69,1365621662374,64,64,64,0
22,69,1365621662430,69,1365621662510,80,120,136,56
22,75,1365621662478,75,1365621662566,88,48,56,-32
22,32,1365621662526,32,1365621662638,112,48,72,-40
22,89,1365621662639,89,1365621662671,32,113,33,1
22,84,1365621662640,84,1365621662703,63,1,32,-31
22,72,1365621662671,72,1365621662742,71,31,39,-32
22,79,1365621662814,79,1365621662886,72,143,144,72
22,85,1365621662846,85,1365621662926,80,32,40,-40
22,71,1365621662958,71,1365621663039,81,112,113,32
22,72,1365621663039,72,1365621663102,63,81,63,0
22,8,1365621663422,8,1365621663470,48,383,368,320
22,8,1365621663558,8,1365621663606,48,136,136,88
22,8,1365621663686,8,1365621663726,40,128,120,80
22,8,1365621663822,8,1365621663854,32,136,128,96
22,8,1365621663958,8,1365621663990,32,136,136,104
22,8,1365621664094,8,1365621664134,40,136,144,104
22,8,1365621664231,8,1365621664318,87,137,184,97
22,84,1365621664511,84,1365621664576,65,280,258,193
22,72,1365621664598,72,1365621664662,64,87,86,22
22,79,1365621664694,79,1365621664800,106,96,138,32
22,85,1365621664766,85,1365621664830,64,72,30,-34
22,71,1365621664854,71,1365621664926,72,88,96,24
22,72,1365621664926,72,1365621665014,88,72,88,0
22,73,1365621665974,73,1365621666070,96,1048,1056,960
22,32,1365621666086,32,1365621666158,72,112,88,16
22,75,1365621666230,75,1365621666374,144,144,216,72
22,78,1365621666270,78,1365621666398,128,40,24,-104
22,79,1365621666374,79,1365621666478,104,104,80,-24
22,87,1365621666478,87,1365621666574,96,104,96,0
22,32,1365621666534,32,1365621666654,120,56,80,-40
22,89,1365621666630,89,1365621666743,113,96,89,-24
22,79,1365621666718,79,1365621666878,160,88,135,-25
22,85,1365621666838,85,1365621667006,168,120,128,-40
22,222,1365621666942,222,1365621667054,112,104,48,-64
22,76,1365621667174,76,1365621667246,72,232,192,120
22,76,1365621667334,76,1365621667438,104,160,192,88
22,32,1365621667422,32,1365621667494,72,88,56,-16
22,66,1365621667558,66,1365621667630,72,136,136,64
22,69,1365621667646,69,1365621667718,72,88,88,16
22,32,1365621667718,32,1365621667790,72,72,72,0
22,80,1365621667902,80,1365621667974,72,184,184,112
22,82,1365621668014,82,1365621668110,96,112,136,40
22,79,1365621668086,79,1365621668182,96,72,72,-24
22,85,1365621668158,85,1365621668262,104,72,80,-24
22,68,1365621668302,68,1365621668390,88,144,128,40
22,190,1365621668374,190,1365621668478,104,72,88,-16
22,32,1365621668446,32,1365621668534,88,72,56,-32
22,16,1365621668494,16,1365621668622,128,48,88,-40
22,13,1365621668622,13,1365621668678,56,128,56,0
22,13,1365621668775,13,1365621668830,55,153,152,97
22,16,1365621668854,16,1365621668998,144,79,168,24
22,72,1365621668950,72,1365621669070,120,96,72,-48
22,79,1365621669022,79,1365621669126,104,72,56,-48
22,87,1365621669150,87,1365621669230,80,128,104,24
22,32,1365621669222,32,1365621669294,72,72,64,-8
22,65,1365621669430,65,1365621669558,128,208,264,136
22,66,1365621669558,66,1365621669598,40,128,40,0
22,79,1365621669678,79,1365621669758,80,120,160,80
22,85,1365621669742,85,1365621669838,96,64,80,-16
22,84,1365621669838,84,1365621669894,56,96,56,0
22,32,1365621669862,32,1365621669950,88,24,56,-32
22,84,1365621669974,84,1365621670030,56,112,80,24
22,72,1365621670030,72,1365621670102,72,56,72,0
22,65,1365621670118,65,1365621670206,88,88,104,16
22,84,1365621670182,84,1365621670262,80,64,56,-24
22,32,1365621670238,32,1365621670334,96,56,72,-24
22,72,1365621670422,72,1365621670494,72,184,160,88
22,79,1365621670494,79,1365621670630,136,72,136,0
22,77,1365621670582,77,1365621670694,112,88,64,-48
22,69,1365621670694,69,1365621670742,48,112,48,0
22,87,1365621670822,87,1365621670910,88,128,168,80
22,79,1365621670878,79,1365621670966,88,56,56,-32
22,82,1365621670998,82,1365621671086,88,120,120,32
22,75,1365621671070,75,1365621671166,96,72,80,-16
22,32,1365621671142,32,1365621671222,80,72,56,-24
22,70,1365621671254,70,1365621671334,80,112,112,32
22,79,1365621671334,79,1365621671446,112,80,112,0
22,82,1365621671447,82,1365621671534,87,113,88,1
22,32,1365621671526,32,1365621671630,104,79,96,-8
22,84,1365621671630,84,1365621671710,80,104,80,0
22,79,1365621671686,79,1365621671790,104,56,80,-24
22,77,1365621671790,77,1365621671878,88,104,88,0
22,79,1365621671878,79,1365621671958,80,88,80,0
22,82,1365621671958,82,1365621672014,56,80,56,0
22,82,1365621672094,82,1365621672182,88,136,168,80
22,79,1365621672182,79,1365621672246,64,88,64,0
22,87,1365621672278,87,1365621672358,80,96,112,32
22,70,1365621672774,70,1365621672870,96,496,512,416
22,73,1365621672870,73,1365621672950,80,96,80,0
22,78,1365621672926,78,1365621673054,128,56,104,-24
22,73,1365621673038,73,1365621673118,80,112,64,-16
22,83,1365621673150,83,1365621673238,88,112,120,32
22,72,1365621673238,72,1365621673310,72,88,72,0
22,32,1365621673310,32,1365621673398,88,72,88,0
22,73,1365621673470,73,1365621673534,64,160,136,72
22,84,1365621673502,84,1365621673558,56,32,24,-32
22,32,1365621673777,32,1365621673862,85,275,304,219
22,89,1365621673910,89,1365621673998,88,133,136,48
22,69,1365621673998,69,1365621674078,80,88,80,0
22,84,1365621674038,84,1365621674126,88,40,48,-40
22,83,1365621674446,83,1365621674558,112,408,432,320
22,84,1365621674526,84,1365621674606,80,80,48,-32
22,65,1365621674670,65,1365621674726,56,144,120,64
22,82,1365621674710,82,1365621674774,64,40,48,-16
22,84,1365621674846,84,1365621674933,87,136,159,72
22,32,1365621674958,32,1365621675046,88,112,113,25
22,73,1365621675046,73,1365621675118,72,88,72,0
22,84,1365621675150,84,1365621675222,72,104,104,32
22,32,1365621675222,32,1365621675286,64,72,64,0
22,89,1365621675366,89,1365621675438,72,144,152,80
22,69,1365621675422,69,1365621675510,88,56,72,-16
22,84,1365621675478,84,1365621675550,72,56,40,-32
22,68,1365621676838,68,1365621676958,120,1360,1408,1288
22,79,1365621676959,79,1365621677055,96,121,97,1
22,32,1365621677039,32,1365621677119,80,80,64,-16
22,89,1365621677151,89,1365621677223,72,112,104,32
22,79,1365621677247,79,1365621677358,111,96,135,24
22,85,1365621677335,85,1365621677422,87,88,64,-23
22,32,1365621677383,32,1365621677454,71,48,32,-39
22,69,1365621677567,69,1365621677655,88,184,201,113
22,86,1365621677655,86,1365621677743,88,88,88,0
22,69,1365621677743,69,1365621677798,55,88,55,0
22,78,1365621677870,78,1365621677958,88,127,160,72
22,32,1365621677895,32,1365621678006,111,25,48,-63
22,82,1365621678086,82,1365621678230,144,191,224,80
22,69,1365621678134,69,1365621678231,97,48,1,-96
22,65,1365621678479,65,1365621678574,95,345,343,248
22,68,1365621678575,68,1365621678679,104,96,105,1
22,32,1365621678695,32,1365621678806,111,120,127,16
22,84,1365621678807,84,1365621678894,87,112,88,1
22,72,1365621678870,72,1365621678990,120,63,96,-24
22,69,1365621679006,69,1365621679110,104,136,120,16
22,83,1365621679086,83,1365621679214,128,80,104,-24
22,69,1365621679182,69,1365621679280,98,96,66,-32
22,72,1365621679982,72,1365621680086,104,800,806,702
22,65,1365621680175,65,1365621680247,72,193,161,89
22,72,1365621680231,72,1365621680334,103,56,87,-16
22,65,1365621680334,65,1365621680462,128,103,128,0
22,190,1365621680422,190,1365621680518,96,88,56,-40
22,32,1365621680486,32,1365621680566,80,64,48,-32
22,16,1365621680566,16,1365621680990,424,80,424,0
22,16,1365621681006,16,1365621681790,784,440,800,16
22,77,1365621681726,77,1365621681806,80,720,16,-64
22,65,1365621681902,65,1365621681990,88,176,184,96
22,89,1365621681950,89,1365621682038,88,48,48,-40
22,66,1365621682135,66,1365621682198,63,185,160,97
22,69,1365621682198,69,1365621682286,88,63,88,0
22,32,1365621682286,32,1365621682382,96,88,96,0
22,89,1365621682382,89,1365621682478,96,96,96,0
22,8,1365621682726,8,1365621682782,56,344,304,248
22,73,1365621682926,73,1365621682990,64,200,208,144
22,84,1365621683014,84,1365621683103,89,88,113,24
22,32,1365621683103,32,1365621683222,119,89,119,0
22,71,1365621683286,71,1365621683358,72,183,136,64
22,69,1365621683486,69,1365621683590,104,200,232,128
22,84,1365621683558,84,1365621683670,112,72,80,-32
22,83,1365621683686,83,1365621683798,112,128,128,16
22,32,1365621683798,32,1365621683902,104,112,104,0
22,70,1365621683934,70,1365621684014,80,136,112,32
22,73,1365621683990,73,1365621684102,112,56,88,-24
22,71,1365621684102,71,1365621684158,56,112,56,0
22,85,1365621684182,85,1365621684286,104,80,128,24
22,82,1365621684270,82,1365621684374,104,88,88,-16
22,69,1365621684318,69,1365621684406,88,48,32,-56
22,68,1365621684494,68,1365621684590,96,176,184,88
22,32,1365621684590,32,1365621684694,104,96,104,0
22,79,1365621684694,79,1365621684790,96,104,96,0
22,85,1365621684766,85,1365621684854,88,72,64,-24
22,84,1365621684854,84,1365621684950,96,88,96,0
22,32,1365621684966,32,1365621685038,72,112,88,16
22,76,1365621685134,76,1365621685206,72,168,168,96
22,65,1365621685207,65,1365621685279,72,73,73,1
22,84,1365621685311,84,1365621685383,72,104,104,32
22,69,1365621685439,69,1365621685503,64,128,120,56
22,82,1365621685504,82,1365621685535,31,65,32,1
22,32,1365621686207,32,1365621686311,104,703,776,672
22,8,1365621686959,8,1365621687671,712,752,1360,648
22,84,1365621688183,84,1365621688255,72,1224,584,512
22,32,1365621688295,32,1365621688367,72,112,112,40
22,84,1365621688703,84,1365621688791,88,408,424,336
22,72,1365621688791,72,1365621688879,88,88,88,0
22,82,1365621688943,82,1365621689023,80,152,144,64
22,79,1365621689087,79,1365621689183,96,144,160,64
22,85,1365621689143,85,1365621689231,88,56,48,-40
22,71,1365621689231,71,1365621689335,104,88,104,0
22,72,1365621689335,72,1365621689415,80,104,80,0
22,32,1365621689391,32,1365621689487,96,56,72,-24
22,86,1365621689687,86,1365621689783,96,296,296,200
22,73,1365621689783,73,1365621689887,104,96,104,0
22,68,1365621689887,68,1365621690031,144,104,144,0
22,69,1365621689951,69,1365621690072,121,64,41,-80
22,79,1365621690031,79,1365621690135,104,80,63,-41
22,32,1365621690095,32,1365621690191,96,64,56,-40
22,65,1365621690231,65,1365621690311,80,136,120,40
22,78,1365621690311,78,1365621690375,64,80,64,0
22,68,1365621690359,68,1365621690455,96,48,80,-16
22,32,1365621690423,32,1365621690511,88,64,56,-32
22,89,1365621690511,89,1365621690615,104,88,104,0
22,79,1365621690615,79,1365621690711,96,104,96,0
22,85,1365621690687,85,1365621690783,96,72,72,-24
22,32,1365621690727,32,1365621690807,80,40,24,-56
22,78,1365621690887,78,1365621690999,112,160,192,80
22,69,1365621690984,69,1365621691039,55,97,40,-15
22,86,1365621691095,86,1365621691151,56,111,112,56
22,69,1365621691231,69,1365621691319,88,136,168,80
22,82,1365621691287,82,1365621691375,88,56,56,-32
22,32,1365621691351,32,1365621691455,104,64,80,-24
22,82,1365621691487,82,1365621691583,96,136,128,32
22,69,1365621691551,69,1365621691679,128,64,96,-32
22,65,1365621691639,65,1365621691759,120,88,80,-40
22,68,1365621691735,68,1365621691847,112,96,88,-24
22,32,1365621691847,32,1365621691927,80,112,80,0
22,84,1365621691951,84,1365621692031,80,104,104,24
22,72,1365621691999,72,1365621692119,120,48,88,-32
22,73,1365621692055,73,1365621692143,88,56,24,-64
22,83,1365621692119,83,1365621692199,80,64,56,-24
22,190,1365621692255,190,1365621692375,120,136,176,56
22,32,1365621692335,32,1365621692463,128,80,88,-40
22,16,1365621692375,16,1365621692575,200,40,112,-88
22,84,1365621692535,84,1365621692623,88,160,48,-40
22,72,1365621692623,72,1365621692703,80,88,80,0
22,65,1365621692671,65,1365621692743,72,48,40,-32
22,84,1365621692727,84,1365621692815,88,56,72,-16
22,32,1365621692799,32,1365621692880,81,72,65,-16
22,68,1365621692911,68,1365621693023,112,112,143,31
22,79,1365621692991,79,1365621693087,96,80,64,-32
22,69,1365621693095,69,1365621693222,127,104,135,8
22,83,1365621693111,83,1365621693255,144,16,33,-111
22,78,1365621693199,78,1365621693319,120,88,64,-56
22,222,1365621693255,222,1365621693343,88,56,24,-64
22,84,1365621693343,84,1365621693407,64,88,64,0
22,32,1365621693407,32,1365621693495,88,64,88,0
22,77,1365621693503,77,1365621693566,63,96,71,8
22,65,1365621693542,65,1365621693607,65,39,41,-24
22,75,1365621693703,75,1365621693751,48,161,144,96
22,69,1365621693751,69,1365621693823,72,48,72,0
22,32,1365621693879,32,1365621693958,79,128,135,56
22,83,1365621693932,83,1365621694062,130,53,104,-26
22,69,1365621693998,69,1365621694119,121,66,57,-64
22,78,1365621694119,78,1365621694214,95,121,95,0
22,83,1365621694190,83,1365621694310,120,71,96,-24
22,69,1365621694246,69,1365621694350,104,56,40,-64
22,32,1365621694544,32,1365621694632,88,298,282,194
22,83,1365621694632,83,1365621694727,95,88,95,0
22,79,1365621694720,79,1365621694815,95,88,88,-7
22,82,1365621694816,82,1365621694855,39,96,40,1
22,82,1365621694935,82,1365621694991,56,119,136,80
22,89,1365621694967,89,1365621695065,98,32,74,-24
22,32,1365621695023,32,1365621695096,73,56,31,-42
22,16,1365621695096,16,1365621695232,136,73,136,0
22,73,1365621695191,73,1365621695280,89,95,48,-41
22,32,1365621695232,32,1365621695319,87,41,39,-48
22,74,1365621695631,74,1365621695687,56,399,368,312
22,85,1365621695791,85,1365621695864,73,160,177,104
22,83,1365621695864,83,1365621695968,104,73,104,0
22,84,1365621695927,84,1365621695999,72,63,31,-41
22,32,1365621695968,32,1365621696055,87,41,56,-31
22,87,1365621696159,87,1365621696264,105,191,209,104
22,65,1365621696239,65,1365621696383,144,80,119,-25
22,83,1365621696335,83,1365621696455,120,96,72,-48
22,32,1365621696399,32,1365621696495,96,64,40,-56
22,76,1365621696551,76,1365621696623,72,152,128,56
22,79,1365621696735,79,1365621696807,72,184,184,112
22,79,1365621696879,79,1365621696967,88,144,160,72
22,75,1365621696968,75,1365621697047,79,89,80,1
22,73,1365621697143,73,1365621697263,120,175,216,96
22,78,1365621697199,78,1365621697303,104,56,40,-64
22,71,1365621697303,71,1365621697383,80,104,80,0
22,32,1365621697407,32,1365621697472,65,104,89,24
22,65,1365621697472,65,1365621697551,79,65,79,0
22,84,1365621697552,84,1365621697647,95,80,96,1
22,32,1365621697663,32,1365621697743,80,111,96,16
22,84,1365621697744,84,1365621697831,87,81,88,1
22,72,1365621697791,72,1365621697887,96,47,56,-40
22,69,1365621697887,69,1365621697943,56,96,56,0
22,32,1365621697943,32,1365621698031,88,56,88,0
22,86,1365621698143,86,1365621698215,72,200,184,112
22,73,1365621698239,73,1365621698335,96,96,120,24
22,68,1365621698335,68,1365621698503,168,96,168,0
22,69,1365621698415,69,1365621698535,120,80,32,-88
22,79,1365621698503,79,1365621698591,88,88,56,-32
22,32,1365621698559,32,1365621698639,80,56,48,-32
22,79,1365621698695,79,1365621698775,80,136,136,56
22,70,1365621698799,70,1365621698911,112,104,136,24
22,32,1365621698871,32,1365621698951,80,72,40,-40
22,77,1365621699039,77,1365621699112,73,168,161,88
22,69,1365621699112,69,1365621699263,151,73,151,0
22,32,1365621699192,32,1365621699295,103,80,32,-71
22,84,1365621699343,84,1365621699439,96,151,144,48
22,89,1365621699439,89,1365621699519,80,96,80,0
22,80,1365621699583,80,1365621699655,72,144,136,64
22,73,1365621699743,73,1365621699880,137,160,225,88
22,78,1365621699807,78,1365621699911,104,64,31,-73
22,71,1365621699880,71,1365621699959,79,73,48,-31
22,32,1365621699983,32,1365621700071,88,103,112,24
22,65,1365621700047,65,1365621700127,80,64,56,-24
22,78,1365621700127,78,1365621700199,72,80,72,0
22,68,1365621700175,68,1365621700287,112,48,88,-24
22,32,1365621700271,32,1365621700335,64,96,48,-16
22,73,1365621700359,73,1365621700472,113,88,137,24
22,84,1365621700472,84,1365621700543,71,113,71,0
22,32,1365621700543,32,1365621700631,88,71,88,0
22,84,1365621700631,84,1365621700703,72,88,72,0
22,72,1365621700735,72,1365621700815,80,104,112,32
22,82,1365621700815,82,1365621700895,80,80,80,0
22,8,1365621701351,8,1365621701391,40,536,496,456
22,8,1365621701479,8,1365621701535,56,128,144,88
22,87,1365621701823,87,1365621701879,56,344,344,288
22,8,1365621702095,8,1365621702135,40,272,256,216
22,69,1365621702159,69,1365621702263,104,64,128,24
22,87,1365621702215,87,1365621702303,88,56,40,-48
22,32,1365621702303,32,1365621702383,80,88,80,0
22,77,1365621702559,77,1365621702639,80,256,256,176
22,69,1365621702615,69,1365621702703,88,56,64,-24
22,32,1365621702727,32,1365621702815,88,112,112,24
22,79,1365621702815,79,1365621702919,104,88,104,0
22,70,1365621702855,70,1365621702920,65,40,1,-64
22,70,1365621702999,70,1365621703087,88,144,167,79
22,32,1365621703063,32,1365621703167,104,64,80,-24
22,71,1365621703215,71,1365621703319,104,152,152,48
22,85,1365621703687,85,1365621703743,56,472,424,368
22,65,1365621703777,65,1365621703847,70,90,104,34
22,82,1365621703871,82,1365621703935,64,94,88,24
22,68,1365621704015,68,1365621704095,80,144,160,80
22,190,1365621704111,190,1365621704191,80,96,96,16
22,32,1365621704191,32,1365621704263,72,80,72,0
22,13,1365621704343,13,1365621704407,64,152,144,80
22,13,1365621704487,13,1365621704583,96,144,176,80
22,13,1365621704615,13,1365621704679,64,128,96,32
22,16,1365621704751,16,1365621705127,376,136,448,72
22,79,1365621705055,79,1365621705127,72,304,0,-72
22,79,1365621705215,79,1365621705281,66,160,154,88
22,79,1365621705383,79,1365621705431,48,168,150,102
22,80,1365621705551,80,1365621705623,72,168,192,120
22,83,1365621705719,83,1365621705791,72,168,168,96
22,32,1365621705791,32,1365621705871,80,72,80,0
22,65,1365621705911,65,1365621706007,96,120,136,40
22,82,1365621706039,82,1365621706071,32,128,64,32
22,8,1365621706199,8,1365621706239,40,160,168,128
22,8,1365621706335,8,1365621706383,48,136,144,96
22,82,1365621706415,82,1365621706535,120,80,152,32
22,65,1365621706495,65,1365621706591,96,80,56,-40
22,78,1365621706591,78,1365621706663,72,96,72,0
22,32,1365621706631,32,1365621706719,88,40,56,-32
22,79,1365621706759,79,1365621706847,88,128,128,40
22,85,1365621706831,85,1365621706919,88,72,72,-16
22,84,1365621706919,84,1365621706975,56,88,56,0
22,84,1365621707055,84,1365621707103,48,136,128,80
22,65,1365621707151,65,1365621707247,96,96,144,48
22,32,1365621707239,32,1365621707319,80,88,72,-8
22,84,1365621707383,84,1365621707463,80,144,144,64
22,73,1365621707463,73,1365621707575,112,80,112,0
22,77,1365621707495,77,1365621707607,112,32,32,-80
22,69,1365621707575,69,1365621707639,64,80,32,-32
22,190,1365621707687,190,1365621707783,96,112,144,48
22,32,1365621707743,32,1365621707831,88,56,48,-40
22,16,1365621708247,16,1365621708375,128,504,544,416
22,13,1365621708551,13,1365621708615,64,304,240,176
22,16,1365621708719,16,1365621708911,192,168,296,104
22,66,1365621708847,66,1365621708911,64,128,0,-64
22,89,1365621709023,89,1365621709087,64,176,176,112
22,89,1365621709167,89,1365621709231,64,144,144,80
22,89,1365621709311,89,1365621709367,56,144,136,80
22,69,1365621709431,69,1365621709495,64,120,128,64
22,69,1365621709735,69,1365621709783,48,304,288,240
22,69,1365621709887,69,1365621709935,48,152,152,104
22,69,1365621710055,69,1365621710111,56,168,176,120
22,16,1365621710255,16,1365621710431,176,200,320,144
22,49,1365621710375,49,1365621710479,104,120,48,-56
22,72,1365695806642,72,1365695806722,80,736,32,-48
22,69,1365695806786,69,1365695806858,72,144,136,64
22,89,1365695806898,89,1365695807002,104,112,144,40
22,32,1365695807002,32,1365695807082,80,104,80,0
22,72,1365695807194,72,1365695807258,64,192,176,112
22,69,1365695807314,69,1365695807410,96,120,152,56
22,89,1365695807378,89,1365695807458,80,64,48,-32
22,32,1365695807458,32,1365695807554,96,80,96,0
22,72,1365695807674,72,1365695807738,64,216,184,120
22,69,1365695807770,69,1365695807842,72,96,104,32
22,89,1365695807842,89,1365695807898,56,72,56,0
22,190,1365695807898,190,1365695807994,96,56,96,0
22,32,1365695807954,32,1365695808034,80,56,40,-40
22,13,1365695808114,13,1365695808178,64,160,144,80
22,13,1365695808274,13,1365695808330,56,160,152,96
22,16,1365695809058,16,1365695809514,456,784,1184,728
22,83,1365695809482,83,1365695809538,56,424,24,-32
22,84,1365695809514,84,1365695809578,64,32,40,-24
22,73,1365695809618,73,1365695809714,96,104,136,40
22,76,1365695809682,76,1365695809754,72,64,40,-32
22,76,1365695809842,76,1365695809954,112,160,200,88
22,32,1365695809906,32,1365695809994,88,64,40,-48
22,68,1365695809994,68,1365695810050,56,88,56,0
22,79,1365695810066,79,1365695810170,104,72,120,16
22,78,1365695810138,78,1365695810258,120,72,88,-32
22,222,1365695810210,222,1365695810330,120,72,72,-48
22,84,1365695810258,84,1365695810330,72,48,0,-72
22,32,1365695810322,32,1365695810394,72,64,64,-8
22,75,1365695810458,75,1365695810618,160,136,224,64
22,78,1365695810506,78,1365695810633,127,48,15,-112
22,79,1365695810594,79,1365695810697,103,88,64,-39
22,87,1365695810666,87,1365695810714,48,72,17,-31
22,32,1365695810714,32,1365695810818,104,48,104,0
22,87,1365695810842,87,1365695810930,88,128,112,24
22,72,1365695810954,72,1365695811026,72,112,96,24
22,65,1365695811057,65,1365695811129,72,103,103,31
22,84,1365695811106,84,1365695811202,96,49,73,-23
22,32,1365695811178,32,1365695811281,103,72,79,-24
22,84,1365695811306,84,1365695811393,87,128,112,25
22,79,1365695811377,79,1365695811474,97,71,81,-16
22,32,1365695811450,32,1365695811537,87,73,63,-24
22,89,1365695811617,89,1365695811681,64,167,144,80
22,84,1365695811650,84,1365695811738,88,33,57,-31
22,8,1365695811954,8,1365695811993,39,304,255,216
22,8,1365695812090,8,1365695812154,64,136,161,97
22,84,1365695812154,84,1365695812225,71,64,71,0
22,89,1365695812297,89,1365695812369,72,143,144,72
22,80,1365695812370,80,1365695812425,55,73,56,1
22,69,1365695812481,69,1365695812554,73,111,129,56
22,32,1365695812554,32,1365695812601,47,73,47,0
22,72,1365695812657,72,1365695812745,88,103,144,56
22,69,1365695812722,69,1365695812793,71,65,48,-23
22,82,1365695812769,82,1365695812889,120,47,96,-24
22,69,1365695812865,69,1365695812953,88,96,64,-24
22,190,1365695812954,190,1365695813009,55,89,56,1
22,32,1365695812986,32,1365695813049,63,32,40,-23
22,16,1365695813081,16,1365695813506,425,95,457,32
22,69,1365695813457,69,1365695813569,112,376,63,-49
22,78,1365695813570,78,1365695813649,79,113,80,1
22,74,1365695813755,74,1365695813866,111,185,217,106
22,79,1365695813905,79,1365695813993,88,150,127,39
22,89,1365695813994,89,1365695814089,95,89,96,1
22,32,1365695814041,32,1365695814121,80,47,32,-48
22,89,1365695814201,89,1365695814265,64,160,144,80
22,79,1365695814289,79,1365695814385,96,88,120,24
22,85,1365695814369,85,1365695814441,72,80,56,-16
22,82,1365695814442,82,1365695814513,71,73,72,1
22,32,1365695814529,32,1365695814609,80,87,96,16
22,68,1365695814610,68,1365695814689,79,81,80,1
22,65,1365695814690,65,1365695814745,55,80,56,1
22,89,1365695814833,89,1365695814929,96,143,184,88
22,32,1365695814897,32,1365695814985,88,64,56,-32
22,16,1365695815025,16,1365695815137,112,128,152,40
22,74,1365695815113,74,1365695815236,123,88,99,-24
22,79,1365695815185,79,1365695815273,88,72,37,-51
22,83,1365695815321,83,1365695815417,96,136,144,48
22,69,1365695815393,69,1365695815481,88,72,64,-24
22,80,1365695815505,80,1365695815561,56,112,80,24
22,72,1365695815625,72,1365695815681,56,120,120,64
22,190,1365695815761,190,1365695815857,96,136,176,80
22,32,1365695815841,32,1365695815913,72,80,56,-16
22,16,1365695816809,16,1365695817313,504,968,1400,896
22,72,1365695817281,72,1365695817353,72,472,40,-32
22,65,1365695817409,65,1365695817481,72,128,128,56
22,72,1365695817457,72,1365695817521,64,48,40,-24
22,65,1365695817561,65,1365695817705,144,104,184,40
22,32,1365695817625,32,1365695817731,106,64,26,-80
22,16,1365695817753,16,1365695818034,281,128,303,22
22,73,1365695817993,73,1365695818065,72,240,31,-41
22,32,1365695818034,32,1365695818121,87,41,56,-31
22,84,1365695818641,84,1365695818721,80,607,600,520
22,72,1365695818689,72,1365695818769,80,48,48,-32
22,73,1365695818769,73,1365695818881,112,80,112,0
22,78,1365695818881,78,1365695818937,56,112,56,0
22,75,1365695818985,75,1365695819082,97,104,145,48
22,32,1365695819041,32,1365695819130,89,56,48,-41
22,84,1365695819130,84,1365695819202,72,89,72,0
22,72,1365695819202,72,1365695819282,80,72,80,0
22,65,1365695819266,65,1365695819322,56,64,40,-16
22,84,1365695819322,84,1365695819386,64,56,64,0
22,32,1365695819386,32,1365695819450,64,64,64,0
22,69,1365695819570,69,1365695819650,80,184,200,120
22,77,1365695819666,77,1365695819802,136,96,152,16
22,80,1365695819802,80,1365695819858,56,136,56,0
22,84,1365695819994,84,1365695820058,64,192,200,136
22,79,1365695820082,79,1365695820170,88,88,112,24
22,73,1365695820274,73,1365695820338,64,192,168,104
22,8,1365695820498,8,1365695820530,32,224,192,160
22,8,1365695820634,8,1365695820682,48,136,152,104
22,8,1365695820778,8,1365695820834,56,144,152,96
22,8,1365695820922,8,1365695820994,72,144,160,88
22,79,1365695821122,79,1365695821234,112,200,240,128
22,84,1365695821234,84,1365695821314,80,112,80,0
22,73,1365695821362,73,1365695821482,120,128,168,48
22,67,1365695821658,67,1365695821730,72,296,248,176
22,79,1365695821746,79,1365695821834,88,88,104,16
22,78,1365695821818,78,1365695821890,72,72,56,-16
22,83,1365695821922,83,1365695822002,80,104,112,32
22,32,1365695822003,32,1365695822074,71,81,72,1
22,65,1365695822114,65,1365695822170,56,111,96,40
22,78,1365695822154,78,1365695822234,80,40,64,-16
22,68,1365695822234,68,1365695822298,64,80,64,0
22,32,1365695822298,32,1365695822370,72,64,72,0
22,83,1365695822442,83,1365695822490,48,144,120,72
22,80,1365695822530,80,1365695822602,72,88,112,40
22,69,1365695822626,69,1365695822682,56,96,80,24
22,76,1365695822714,76,1365695822794,80,88,112,32
22,76,1365695822866,76,1365695823034,168,152,240,72
22,73,1365695822962,73,1365695823074,112,96,40,-72
22,78,1365695823034,78,1365695823106,72,72,32,-40
22,71,1365695823130,71,1365695823194,64,96,88,24
22,32,1365695823194,32,1365695823290,96,64,96,0
22,83,1365695823290,83,1365695823394,104,96,104,0
22,72,1365695823394,72,1365695823458,64,104,64,0
22,79,1365695823490,79,1365695823578,88,96,120,32
22,85,1365695823554,85,1365695823714,160,64,136,-24
22,68,1365695823714,68,1365695823778,64,160,64,0
22,8,1365695823986,8,1365695824034,48,272,256,208
22,8,1365695824138,8,1365695824210,72,152,176,104
22,85,1365695824682,85,1365695824762,80,544,552,472
22,76,1365695824850,76,1365695824922,72,168,160,88
22,68,1365695825002,68,1365695825050,48,152,128,80
22,32,1365695825050,32,1365695825138,88,48,88,0
22,67,1365695825210,67,1365695825290,80,160,152,72
22,79,1365695825290,79,1365695825354,64,80,64,0
22,85,1365695825514,85,1365695825562,48,224,208,160
22,78,1365695825674,78,1365695825762,88,160,200,112
22,84,1365695825762,84,1365695825834,72,88,72,0
22,32,1365695825834,32,1365695825922,88,72,88,0
22,84,1365695825922,84,1365695825978,56,88,56,0
22,79,1365695826050,79,1365695826130,80,128,152,72
22,87,1365695826186,87,1365695826290,104,136,160,56
22,65,1365695826290,65,1365695826354,64,104,64,0
22,82,1365695826354,82,1365695826410,56,64,56,0
22,68,1365695826522,68,1365695826594,72,168,184,112
22,83,1365695826562,83,1365695826650,88,40,56,-32
22,32,1365695826642,32,1365695826738,96,80,88,-8
22,84,1365695826738,84,1365695826842,104,96,104,0
22,72,1365695826802,72,1365695826874,72,64,32,-40
22,69,1365695826842,69,1365695826922,80,40,48,-32
22,32,1365695826906,32,1365695827002,96,64,80,-16
22,73,1365695827306,73,1365695827402,96,400,400,304
22,78,1365695827370,78,1365695827474,104,64,72,-32
22,73,1365695827602,73,1365695827658,56,232,184,128
22,84,1365695827794,84,1365695827858,64,192,200,136
22,73,1365695827954,73,1365695828050,96,160,192,96
22,65,1365695828090,65,1365695828154,64,136,104,40
22,76,1365695828178,76,1365695828282,104,88,128,24
22,32,1365695828282,32,1365695828338,56,104,56,0
22,71,1365695829777,71,1365695829881,104,1495,1543,1439
22,82,1365695829857,82,1365695829921,64,80,40,-24
22,65,1365695830041,65,1365695830105,64,184,184,120
22,68,1365695830106,68,1365695830257,151,65,152,1
22,69,1365695830201,69,1365695830305,104,95,48,-56
22,32,1365695830330,32,1365695830401,71,129,96,25
22,79,1365695830426,79,1365695830562,136,96,161,25
22,78,1365695830529,78,1365695830657,128,103,95,-33
22,32,1365695830625,32,1365695830713,88,96,56,-32
22,84,1365695830697,84,1365695830801,104,72,88,-16
22,72,1365695830777,72,1365695830905,128,80,104,-24
22,73,1365695830865,73,1365695830961,96,88,56,-40
22,83,1365695830962,83,1365695831049,87,97,88,1
22,190,1365695831089,190,1365695831185,96,127,136,40
22,32,1365695831169,32,1365695831227,58,80,42,-16
22,16,1365695831249,16,1365695831993,744,80,766,22
22,68,1365695831953,68,1365695832065,112,704,72,-40
22,79,1365695832025,79,1365695832121,96,72,56,-40
22,32,1365695832081,32,1365695832185,104,56,64,-40
22,16,1365695832209,16,1365695832345,136,128,160,24
22,73,1365695832305,73,1365695832385,80,96,40,-40
22,32,1365695832346,32,1365695832433,87,41,48,-39
22,71,1365695832457,71,1365695832530,73,111,97,24
22,69,1365695832905,69,1365695833025,120,448,495,375
22,84,1365695833113,84,1365695833145,32,208,120,88
22,32,1365695833281,32,1365695833361,80,168,216,136
22,65,1365695833417,65,1365695833465,48,136,104,56
22,32,1365695833481,32,1365695833569,88,64,104,16
22,71,1365695833713,71,1365695833793,80,232,224,144
22,82,1365695833793,82,1365695833841,48,80,48,0
22,65,1365695833945,65,1365695834033,88,152,192,104
22,68,1365695834033,68,1365695834177,144,88,144,0
22,69,1365695834129,69,1365695834209,80,96,32,-48
22,65,1365695834753,65,1365695834873,120,624,664,544
22,77,1365695834905,77,1365695834977,72,152,104,32
22,65,1365695834977,65,1365695835025,48,72,48,0
22,90,1365695835113,90,1365695835209,96,136,184,88
22,79,1365695835209,79,1365695835289,80,96,80,0
22,78,1365695835249,78,1365695835369,120,40,80,-40
22,32,1365695835329,32,1365695835433,104,80,64,-40
22,71,1365695835673,71,1365695835745,72,344,312,240
22,73,1365695835785,73,1365695835849,64,112,104,40
22,70,1365695835873,70,1365695835945,72,88,96,24
22,84,1365695836025,84,1365695836121,96,152,176,80
22,32,1365695836097,32,1365695836177,80,72,56,-24
22,67,1365695836353,67,1365695836465,112,256,288,176
22,65,1365695836521,65,1365695836610,89,168,145,56
22,82,1365695836586,82,1365695836674,88,65,64,-24
22,68,1365695836770,68,1365695836834,64,184,160,96
22,16,1365695837298,16,1365695837498,200,528,664,464
22,69,1365695837466,69,1365695837578,112,168,80,-32
22,72,1365695837642,72,1365695837706,64,176,128,64
22,190,1365695837810,190,1365695837882,72,168,176,104
22,32,1365695837882,32,1365695837954,72,72,72,0
22,16,1365695837938,16,1365695838090,152,56,136,-16
22,69,1365695838066,69,1365695838178,112,128,88,-24
22,72,1365695838162,72,1365695838218,56,96,40,-16
22,190,1365695838346,190,1365695838434,88,184,216,128
22,32,1365695838434,32,1365695838498,64,88,64,0
22,16,1365695838498,16,1365695838658,160,64,160,0
22,69,1365695838642,69,1365695838746,104,144,88,-16
22,72,1365695838762,72,1365695838802,40,120,56,16
22,16,1365695838882,16,1365695839034,152,120,232,80
22,191,1365695838938,191,1365695839050,112,56,16,-96
22,32,1365695839034,32,1365695839130,96,96,80,-16
22,13,1365695839298,13,1365695839346,48,264,216,168
22,13,1365695839450,13,1365695839522,72,152,176,104
22,16,1365695839586,16,1365695839730,144,136,208,64
22,72,1365695839690,72,1365695839770,80,104,40,-40
22,65,1365695839810,65,1365695839874,64,120,104,40
22,72,1365695839874,72,1365695839938,64,64,64,0
22,65,1365695839954,65,1365695840034,80,80,96,16
22,190,1365695840050,190,1365695840138,88,96,104,16
22,32,1365695840114,32,1365695840178,64,64,40,-24
22,16,1365695840194,16,1365695840514,320,80,336,16
22,72,1365695840522,72,1365695840626,104,328,112,8
22,79,1365695840586,79,1365695840658,72,64,32,-40
22,80,1365695840738,80,1365695840802,64,152,144,80
22,69,1365695840802,69,1365695840898,96,64,96,0
22,32,1365695840898,32,1365695840978,80,96,80,0
22,89,1365695840954,89,1365695841042,88,56,64,-24
22,79,1365695841066,79,1365695841170,104,112,128,24
22,85,1365695841146,85,1365695841258,112,80,88,-24
22,222,1365695841202,222,1365695841330,128,56,72,-56
22,82,1365695841282,82,1365695841378,96,80,48,-48
22,69,1365695841330,69,1365695841410,80,48,32,-48
22,32,1365695841378,32,1365695841442,64,48,32,-32
22,72,1365695841474,72,1365695841554,80,96,112,32
22,65,1365695841554,65,1365695841594,40,80,40,0
22,86,1365695841666,86,1365695841762,96,112,168,72
22,73,1365695841730,73,1365695841810,80,64,48,-32
22,78,1365695841763,78,1365695841858,95,33,48,-47
22,71,1365695841858,71,1365695841914,56,95,56,0
22,32,1365695841914,32,1365695841986,72,56,72,0
22,65,1365695842010,65,1365695842066,56,96,80,24
22,32,1365695842082,32,1365695842154,72,72,88,16
22,71,1365695842170,71,1365695842226,56,88,72,16
22,79,1365695842242,79,1365695842306,64,72,80,16
22,79,1365695842402,79,1365695842474,72,160,168,96
22,68,1365695842522,68,1365695842602,80,120,128,48
22,32,1365695842602,32,1365695842674,72,80,72,0
22,16,1365695842802,16,1365695842930,128,200,256,128
22,84,1365695842882,84,1365695842978,96,80,48,-48
22,72,1365695842954,72,1365695843010,56,72,32,-24
22,85,1365695843090,85,1365695843170,80,136,160,80
22,82,1365695843154,82,1365695843226,72,64,56,-16
22,83,1365695843202,83,1365695843266,64,48,40,-24
22,68,1365695843322,68,1365695843402,80,120,136,56
22,65,1365695843378,65,1365695843434,56,56,32,-24
22,89,1365695843402,89,1365695843450,48,24,16,-32
22,190,1365695843530,190,1365695843610,80,128,160,80
22,32,1365695843594,32,1365695843674,80,64,64,-16
22,65,1365695843770,65,1365695843850,80,176,176,96
22,78,1365695843874,78,1365695843938,64,104,88,24
22,68,1365695843922,68,1365695843978,56,48,40,-16
22,32,1365695844002,32,1365695844082,80,80,104,24
22,89,1365695844146,89,1365695844218,72,144,136,64
22,79,1365695844250,79,1365695844338,88,104,120,32
22,85,1365695844314,85,1365695844386,72,64,48,-24
22,32,1365695844338,32,1365695844426,88,24,40,-48
22,67,1365695844442,67,1365695844514,72,104,88,16
22,65,1365695844514,65,1365695844586,72,72,72,0
22,78,1365695844578,78,1365695844666,88,64,80,-8
22,8,1365695844906,8,1365695844946,40,328,280,240
22,82,1365695844986,82,1365695845114,128,80,168,40
22,69,1365695845034,69,1365695845138,104,48,24,-80
22,32,1365695845114,32,1365695845194,80,80,56,-24
22,69,1365695845306,69,1365695845426,120,192,232,112
22,78,1365695845402,78,1365695845458,56,96,32,-24
22,79,1365695845506,79,1365695845602,96,104,144,48
22,85,1365695845578,85,1365695845650,72,72,48,-24
22,71,1365695845690,71,1365695845770,80,112,120,40
22,72,1365695845738,72,1365695845826,88,48,56,-32
22,32,1365695845794,32,1365695845890,96,56,64,-32
22,84,1365695845930,84,1365695846002,72,136,112,40
22,79,1365695846002,79,1365695846090,88,72,88,0
22,32,1365695846066,32,1365695846146,80,64,56,-24
22,82,1365695846986,82,1365695847097,111,920,951,840
22,69,1365695847050,69,1365695847129,79,64,32,-47
22,65,1365695847145,65,1365695847236,91,95,107,16
22,68,1365695847236,68,1365695847313,77,91,77,0
22,32,1365695847329,32,1365695847417,88,93,104,16
22,84,1365695847418,84,1365695847529,111,89,112,1
22,72,1365695847505,72,1365695847569,64,87,40,-24
22,69,1365695847530,69,1365695847609,79,25,40,-39
22,83,1365695847610,83,1365695847761,151,80,152,1
22,69,1365695847713,69,1365695847825,112,103,64,-48
22,190,1365695848041,190,1365695848138,97,328,313,216
22,32,1365695848121,32,1365695848217,96,80,79,-17
22,16,1365695848201,16,1365695848769,568,80,552,-16
22,79,1365695848729,79,1365695848817,88,528,48,-40
22,82,1365695848865,82,1365695848969,104,136,152,48
22,32,1365695848970,32,1365695849025,55,105,56,1
22,65,1365695849065,65,1365695849129,64,95,104,40
22,77,1365695849169,77,1365695849273,104,104,144,40
22,32,1365695849249,32,1365695849353,104,80,80,-24
22,16,1365695849353,16,1365695849497,144,104,144,0
22,73,1365695849441,73,1365695849529,88,88,32,-56
22,32,1365695849497,32,1365695849569,72,56,40,-32
22,74,1365695849625,74,1365695849681,56,128,112,56
22,85,1365695849745,85,1365695849841,96,120,160,64
22,83,1365695849817,83,1365695849865,48,72,24,-24
22,84,1365695849865,84,1365695849921,56,48,56,0
22,32,1365695849921,32,1365695850001,80,56,80,0
22,87,1365695850001,87,1365695850099,98,80,98,0
22,82,1365695850066,82,1365695850145,79,65,46,-33
22,73,1365695850161,73,1365695850249,88,95,104,16
22,84,1365695850289,84,1365695850353,64,128,104,40
22,73,1365695850354,73,1365695850473,119,65,120,1
22,78,1365695850425,78,1365695850521,96,71,48,-48
22,71,1365695850521,71,1365695850601,80,96,80,0
22,32,1365695850601,32,1365695850681,80,80,80,0
22,84,1365695850705,84,1365695850833,128,104,152,24
22,79,1365695850793,79,1365695850889,96,88,56,-40
22,32,1365695850825,32,1365695850913,88,32,24,-64
22,84,1365695850938,84,1365695851017,79,113,104,25
22,72,1365695850993,72,1365695851049,56,55,32,-24
22,69,1365695851050,69,1365695851145,95,57,96,1
22,32,1365695851121,32,1365695851233,112,71,88,-24
22,86,1365695851449,86,1365695851545,96,328,312,216
22,79,1365695851546,79,1365695851657,111,97,112,1
22,73,1365695851601,73,1365695851689,88,55,32,-56
22,68,1365695851690,68,1365695851769,79,89,80,1
22,72,1365695852129,72,1365695852225,96,439,456,360
22,69,1365695852249,69,1365695852329,80,120,104,24
22,76,1365695852329,76,1365695852385,56,80,56,0
22,76,1365695852465,76,1365695852553,88,136,168,80
22,79,1365695852649,79,1365695852729,80,184,176,96
22,32,1365695852705,32,1365695852801,96,56,72,-24
22,86,1365695852985,86,1365695853057,72,280,256,184
22,79,1365695853073,79,1365695853201,128,88,144,16
22,73,1365695853129,73,1365695853217,88,56,16,-72
22,68,1365695853201,68,1365695853273,72,72,56,-16
22,190,1365695853321,190,1365695853401,80,120,128,48
22,32,1365695853385,32,1365695853465,80,64,64,-16
22,16,1365695853505,16,1365695854882,1377,120,1417,40
22,13,1365695854995,13,1365695855026,31,1490,144,113
22,13,1365695855138,13,1365695855162,24,143,136,112
22,16,1365695856002,16,1365695856658,656,864,1496,840
22,68,1365695856634,68,1365695856730,96,632,72,-24
22,79,1365695856698,79,1365695856786,88,64,56,-32
22,32,1365695856786,32,1365695856850,64,88,64,0
22,68,1365695856858,68,1365695856938,80,72,88,8
22,79,1365695856939,79,1365695857018,79,81,80,1
22,32,1365695857018,32,1365695857082,64,79,64,0
22,68,1365695857122,68,1365695857202,80,104,120,40
22,79,1365695857226,79,1365695857314,88,104,112,24
22,32,1365695857266,32,1365695857362,96,40,48,-48
22,68,1365695857402,68,1365695857522,120,136,160,40
22,79,1365695857498,79,1365695857586,88,96,64,-24
22,32,1365695857538,32,1365695857642,104,40,56,-48
22,73,1365695857850,73,1365695857970,120,312,328,208
22,84,1365695857906,84,1365695858002,96,56,32,-64
22,222,1365695858002,222,1365695858098,96,96,96,0
22,83,1365695858074,83,1365695858138,64,72,40,-24
22,32,1365695858122,32,1365695858210,88,48,72,-16
22,49,1365695858266,49,1365695858354,88,144,144,56
22,50,1365695858330,50,1365695858394,64,64,40,-24
22,16,1365695858474,16,1365695858610,136,144,216,80
22,186,1365695858546,186,1365695858610,64,72,0,-64
22,48,1365695858714,48,1365695858770,56,168,160,104
22,48,1365695858866,48,1365695858946,80,152,176,96
22,32,1365695858922,32,1365695859058,136,56,112,-24
22,84,1365695859282,84,1365695859379,97,360,321,224
22,73,1365695859370,73,1365695859450,80,88,71,-9
22,77,1365695859418,77,1365695859522,104,48,72,-32
22,69,1365695859482,69,1365695859546,64,64,24,-40
22,32,1365695859602,32,1365695859674,72,120,128,56
22,70,1365695859690,70,1365695859770,80,88,96,16
22,79,1365695859770,79,1365695859866,96,80,96,0
22,82,1365695859866,82,1365695859930,64,96,64,0
22,32,1365695859914,32,1365695859994,80,48,64,-16
22,76,1365695860042,76,1365695860122,80,128,128,48
22,85,1365695860146,85,1365695860202,56,104,80,24
22,78,1365695860298,78,1365695860378,80,152,176,96
22,67,1365695860426,67,1365695860498,72,128,120,48
22,72,1365695860482,72,1365695860570,88,56,72,-16
22,32,1365695860570,32,1365695860650,80,88,80,0
22,32,1365695860778,32,1365695860890,112,208,240,128
22,13,1365695861098,13,1365695861130,32,320,240,208
22,13,1365695861226,13,1365695861290,64,128,160,96
22,16,1365695861642,16,1365695861842,200,416,552,352
22,78,1365695861874,78,1365695861906,32,232,64,32
22,69,1365695861875,69,1365695861954,79,1,48,-31
22,8,1365695862370,8,1365695862394,24,495,440,416
22,8,1365695862482,8,1365695862530,48,112,136,88
22,16,1365695862554,16,1365695862650,96,72,120,24
22,69,1365695862610,69,1365695862706,96,56,56,-40
22,78,1365695862706,78,1365695862770,64,96,64,0
22,74,1365695862866,74,1365695862970,104,160,200,96
22,79,1365695862994,79,1365695863066,72,128,96,24
22,89,1365695863130,89,1365695863218,88,136,152,64
22,32,1365695863266,32,1365695863330,64,136,112,48
22,89,1365695863426,89,1365695863522,96,160,192,96
22,79,1365695863522,79,1365695863617,95,96,95,0
22,85,1365695863602,85,1365695863690,88,80,73,-15
22,82,1365695863690,82,1365695863770,80,88,80,0
22,32,1365695863770,32,1365695863841,71,80,71,0
22,68,1365695863898,68,1365695863994,96,128,153,57
22,65,1365695863962,65,1365695864050,88,64,56,-32
22,89,1365695864065,89,1365695864154,89,103,104,15
22,32,1365695864122,32,1365695864226,104,57,72,-32
22,16,1365695864250,16,1365695864418,168,128,192,24
22,74,1365695864362,74,1365695864538,176,112,120,-56
22,79,1365695864473,79,1365695864601,128,111,63,-65
22,83,1365695864617,83,1365695864730,113,144,129,16
22,69,1365695864730,69,1365695864810,80,113,80,0
22,80,1365695864810,80,1365695864881,71,80,71,0
22,72,1365695864929,72,1365695865001,72,119,120,48
22,190,1365695865081,190,1365695865177,96,152,176,80
22,32,1365695865137,32,1365695865241,104,56,64,-40
22,73,1365695867081,73,1365695867177,96,1944,1936,1840
22,32,1365695867145,32,1365695867225,80,64,48,-32
22,72,1365695867281,72,1365695867402,121,136,177,56
22,79,1365695867378,79,1365695867441,63,97,39,-24
22,80,1365695867537,80,1365695867617,80,159,176,96
22,69,1365695867641,69,1365695867729,88,104,112,24
22,32,1365695867730,32,1365695867801,71,89,72,1
22,73,1365695867825,73,1365695867913,88,95,112,24
22,84,1365695867914,84,1365695867969,55,89,56,1
22,222,1365695867993,222,1365695868113,120,79,144,24
22,83,1365695868081,83,1365695868153,72,88,40,-32
22,32,1365695868154,32,1365695868241,87,73,88,1
22,65,1365695868242,65,1365695868297,55,88,56,1
22,32,1365695868321,32,1365695868393,72,79,96,24
22,71,1365695868417,71,1365695868497,80,96,104,24
22,79,1365695868497,79,1365695868553,56,80,56,0
22,79,1365695868657,79,1365695868753,96,160,200,104
22,68,1365695868754,68,1365695868849,95,97,96,1
22,32,1365695868850,32,1365695868929,79,96,80,1
22,79,1365695868962,79,1365695869065,103,112,136,33
22,78,1365695869017,78,1365695869113,96,55,48,-48
22,69,1365695869137,69,1365695869217,80,120,104,24
22,190,1365695869217,190,1365695869313,96,80,96,0
22,32,1365695869281,32,1365695869369,88,64,56,-32
22,16,1365695869417,16,1365695869561,144,136,192,48
22,84,1365695869530,84,1365695869617,87,113,56,-31
22,72,1365695869602,72,1365695869681,79,72,64,-15
22,69,1365695869681,69,1365695869761,80,79,80,0
22,32,1365695869801,32,1365695869881,80,120,120,40
22,72,1365695869945,72,1365695870025,80,144,144,64
22,79,1365695870025,79,1365695870138,113,80,113,0
22,77,1365695870138,77,1365695870217,79,113,79,0
22,69,1365695870201,69,1365695870265,64,63,48,-16
22,87,1365695870353,87,1365695870433,80,152,168,88
22,79,1365695870409,79,1365695870489,80,56,56,-24
22,82,1365695870537,82,1365695870601,64,128,112,48
22,75,1365695870601,75,1365695870689,88,64,88,0
22,32,1365695870689,32,1365695870761,72,88,72,0
22,73,1365695870801,73,1365695870881,80,112,120,40
22,83,1365695870905,83,1365695870977,72,104,96,24
22,32,1365695870978,32,1365695871049,71,73,72,1
22,68,1365695871081,68,1365695871177,96,103,128,32
22,85,1365695871177,85,1365695871265,88,96,88,0
22,69,1365695871265,69,1365695871361,96,88,96,0
22,32,1365695871362,32,1365695871449,87,97,88,1
22,84,1365695871465,84,1365695871538,73,103,89,16
22,79,1365695871570,79,1365695871634,64,105,96,32
22,68,1365695871754,68,1365695871866,112,184,232,120
22,65,1365695871826,65,1365695871906,80,72,40,-40
22,89,1365695871866,89,1365695871930,64,40,24,-40
22,190,1365695872034,190,1365695872122,88,168,192,104
22,32,1365695872090,32,1365695872170,80,56,48,-32
22,13,1365695872402,13,1365695872450,48,312,280,232
22,13,1365695872546,13,1365695872610,64,144,160,96
22,13,1365695872706,13,1365695872770,64,160,160,96
22,16,1365695872946,16,1365695873106,160,240,336,176
22,77,1365695873066,77,1365695873154,88,120,48,-40
22,69,1365695873154,69,1365695873234,80,88,80,0
22,82,1365695873210,82,1365695873330,120,56,96,-24
22,69,1365695873306,69,1365695873370,64,96,40,-24
22,68,1365695873434,68,1365695873514,80,128,144,64
22,73,1365695873514,73,1365695873570,56,80,56,0
22,84,1365695873610,84,1365695873674,64,96,104,40
22,72,1365695873674,72,1365695873714,40,64,40,0
22,69,1366056454292,69,1366056454364,72,152,120,48
22,89,1366056454348,89,1366056454412,64,56,48,-16
22,89,1366056454516,89,1366056454556,40,168,144,104
22,89,1366056454644,89,1366056454708,64,128,152,88
22,89,1366056454812,89,1366056454852,40,168,144,104
22,89,1366056454940,89,1366056455036,96,128,184,88
22,32,1366056455037,32,1366056455100,63,97,64,1
22,16,1366056455068,16,1366056455228,160,31,128,-32
22,74,1366056455180,74,1366056455332,152,112,104,-48
22,79,1366056455276,79,1366056455372,96,96,40,-56
22,83,1366056455399,83,1366056455500,101,123,128,27
22,69,1366056455452,69,1366056455556,104,53,56,-48
22,80,1366056455580,80,1366056455636,56,128,80,24
22,72,1366056455676,72,1366056455748,72,96,112,40
22,190,1366056455836,190,1366056455964,128,160,216,88
22,32,1366056455917,32,1366056456020,103,81,56,-47
22,13,1366056456076,13,1366056456124,48,159,104,56
22,13,1366056456228,13,1366056456292,64,152,168,104
22,16,1366056456428,16,1366056456636,208,200,344,136
22,66,1366056456589,66,1366056456676,87,161,40,-47
22,65,1366056456700,65,1366056456820,120,111,144,24
22,67,1366056456804,67,1366056456964,160,104,144,-16
22,75,1366056456900,75,1366056456980,80,96,16,-64
22,32,1366056456964,32,1366056457052,88,64,72,-16
22,65,1366056457036,65,1366056457140,104,72,88,-16
22,71,1366056457340,71,1366056457406,66,304,266,200
22,65,1366056457468,65,1366056457556,88,128,150,62
22,73,1366056457556,73,1366056457644,88,88,88,0
22,78,1366056457604,78,1366056457692,88,48,48,-40
22,190,1366056457772,190,1366056457892,120,168,200,80
22,32,1366056457844,32,1366056457924,80,72,32,-48
22,16,1366056457892,16,1366056458028,136,48,104,-32
22,73,1366056457996,73,1366056458124,128,104,96,-32
22,32,1366056458068,32,1366056458148,80,72,24,-56
22,84,1366056458124,84,1366056458197,73,56,49,-24
22,72,1366056458197,72,1366056458244,47,73,47,0
22,79,1366056458268,79,1366056458372,104,71,128,24
22,85,1366056458348,85,1366056458420,72,80,48,-24
22,71,1366056458396,71,1366056458500,104,48,80,-24
22,72,1366056458500,72,1366056458580,80,104,80,0
22,84,1366056458580,84,1366056458716,136,80,136,0
22,32,1366056458644,32,1366056458740,96,64,24,-72
22,89,1366056458716,89,1366056458780,64,72,40,-24
22,79,1366056458804,79,1366056458924,120,88,144,24
22,85,1366056458892,85,1366056458948,56,88,24,-32
22,32,1366056458924,32,1366056459036,112,32,88,-24
22,87,1366056459060,87,1366056459117,57,136,81,24
22,69,1366056459092,69,1366056459164,72,32,47,-25
22,82,1366056459252,82,1366056459364,112,160,200,88
22,69,1366056459332,69,1366056459444,112,80,80,-32
22,32,1366056459444,32,1366056459564,120,112,120,0
22,84,1366056459580,84,1366056459700,120,136,136,16
22,82,1366056459655,82,1366056459740,85,75,40,-45
22,89,1366056459772,89,1366056459828,56,117,88,32
22,73,1366056459876,73,1366056460004,128,104,176,48
22,78,1366056459956,78,1366056460060,104,80,56,-48
22,71,1366056460004,71,1366056460108,104,48,48,-56
22,32,1366056460108,32,1366056460208,100,104,100,0
22,84,1366056460188,84,1366056460284,96,80,76,-20
22,79,1366056460308,79,1366056460404,96,120,120,24
22,32,1366056460404,32,1366056460492,88,96,88,0
22,70,1366056460540,70,1366056460628,88,136,136,48
22,73,1366056460628,73,1366056460732,104,88,104,0
22,78,1366056460692,78,1366056460836,144,64,104,-40
22,73,1366056460836,73,1366056460916,80,144,80,0
22,83,1366056460916,83,1366056461076,160,80,160,0
22,72,1366056461020,72,1366056461108,88,104,32,-56
22,32,1366056461076,32,1366056461156,80,56,48,-32
22,66,1366056461228,66,1366056461284,56,152,128,72
22,89,1366056461405,89,1366056461508,103,177,224,121
22,32,1366056461460,32,1366056461580,120,55,72,-48
22,76,1366056461948,76,1366056462044,96,488,464,368
22,65,1366056462060,65,1366056462108,48,112,64,16
22,83,1366056462228,83,1366056462284,56,168,176,120
22,84,1366056462284,84,1366056462356,72,56,72,0
22,32,1366056462356,32,1366056462420,64,72,64,0
22,87,1366056462444,87,1366056462516,72,88,96,24
22,69,1366056462492,69,1366056462556,64,48,40,-24
22,69,1366056462636,69,1366056462708,72,144,152,80
22,75,1366056462684,75,1366056462772,88,48,64,-24
22,190,1366056462788,190,1366056462916,128,104,144,16
22,32,1366056462884,32,1366056462972,88,96,56,-32
22,16,1366056462972,16,1366056463148,176,88,176,0
22,65,1366056463124,65,1366056463204,80,152,56,-24
22,80,1366056463236,80,1366056463292,56,112,88,32
22,80,1366056463388,80,1366056463468,80,152,176,96
22,65,1366056463444,65,1366056463532,88,56,64,-24
22,82,1366056463532,82,1366056463684,152,88,152,0
22,69,1366056463612,69,1366056463708,96,80,24,-72
22,78,1366056463684,78,1366056463763,79,72,55,-24
22,84,1366056463796,84,1366056463902,106,112,139,33
22,76,1366056463902,76,1366056463980,78,106,78,0
22,89,1366056463980,89,1366056464052,72,78,72,0
22,32,1366056464069,32,1366056464155,86,89,103,17
22,78,1366056464228,78,1366056464348,120,159,193,73
22,79,1366056464276,79,1366056464387,111,48,39,-72
22,84,1366056464452,84,1366056464523,71,176,136,65
22,190,1366056464572,190,1366056464675,103,120,152,49
22,32,1366056464612,32,1366056464731,119,40,56,-63
22,16,1366056464812,16,1366056465500,688,200,769,81
22,66,1366056465452,66,1366056465532,80,640,32,-48
22,69,1366056465563,69,1366056465668,105,111,136,31
22,67,1366056465668,67,1366056465772,104,105,104,0
22,65,1366056465731,65,1366056465796,65,63,24,-41
22,85,1366056465772,85,1366056465852,80,41,56,-24
22,83,1366056465875,83,1366056465980,105,103,128,23
22,69,1366056465923,69,1366056466019,96,48,39,-57
22,32,1366056465980,32,1366056466059,79,57,40,-39
22,84,1366056466092,84,1366056466164,72,112,105,33
22,72,1366056466164,72,1366056466267,103,72,103,0
22,73,1366056466227,73,1366056466323,96,63,56,-40
22,83,1366056466291,83,1366056466387,96,64,64,-32
22,32,1366056466388,32,1366056466475,87,97,88,1
22,73,1366056466492,73,1366056466587,95,104,112,17
22,83,1366056466555,83,1366056466659,104,63,72,-32
22,32,1366056466660,32,1366056466747,87,105,88,1
22,65,1366056466764,65,1366056466867,103,104,120,17
22,76,1366056466844,76,1366056466891,47,80,24,-23
22,76,1366056466996,76,1366056467107,111,152,216,105
22,32,1366056467036,32,1366056467139,103,40,32,-71
22,83,1366056467108,83,1366056467211,103,72,72,-31
22,84,1366056467163,84,1366056467267,104,55,56,-48
22,73,1366056467228,73,1366056467307,79,65,40,-39
22,76,1366056467308,76,1366056467355,47,80,48,1
22,76,1366056467459,76,1366056467539,80,151,184,104
22,32,1366056467491,32,1366056467572,81,32,33,-48
22,72,1366056467643,72,1366056467683,40,152,111,71
22,69,1366056467645,69,1366056467731,86,2,48,-38
22,82,1366056467699,82,1366056467811,112,54,80,-32
22,69,1366056467812,69,1366056467893,81,113,82,1
22,190,1366056467971,190,1366056468067,96,159,174,78
22,32,1366056468011,32,1366056468123,112,40,56,-56
22,87,1366056468347,87,1366056468483,136,336,360,224
22,69,1366056468419,69,1366056468483,64,72,0,-64
22,76,1366056468484,76,1366056468515,31,65,32,1
22,76,1366056468612,76,1366056468707,95,128,192,97
22,32,1366056468667,32,1366056468755,88,55,48,-40
22,73,1366056468803,73,1366056468883,80,136,128,48
22,70,1366056468891,70,1366056468971,80,88,88,8
22,32,1366056468931,32,1366056469011,80,40,40,-40
22,89,1366056468972,89,1366056469068,96,41,57,-39
22,79,1366056469092,79,1366056469204,112,120,136,24
22,85,1366056469172,85,1366056469268,96,80,64,-32
22,32,1366056469244,32,1366056469324,80,72,56,-24
22,78,1366056469406,78,1366056469508,102,162,184,82
22,69,1366056469508,69,1366056469556,48,102,48,0
22,69,1366056469644,69,1366056469708,64,136,152,88
22,68,1366056469796,68,1366056469900,104,152,192,88
22,32,1366056469901,32,1366056469980,79,105,80,1
22,77,1366056470092,77,1366056470204,112,191,224,112
22,79,1366056470172,79,1366056470268,96,80,64,-32
22,82,1366056470268,82,1366056470380,112,96,112,0
22,69,1366056470332,69,1366056470428,96,64,48,-48
22,32,1366056470428,32,1366056470532,104,96,104,0
22,68,1366056470828,68,1366056470892,64,400,360,296
22,84,1366056470980,84,1366056471092,112,152,200,88
22,65,1366056471076,65,1366056471172,96,96,80,-16
22,32,1366056471212,32,1366056471316,104,136,144,40
22,16,1366056471284,16,1366056471460,176,72,144,-32
22,8,1366056471532,8,1366056471580,48,248,120,72
22,8,1366056471692,8,1366056471732,40,160,152,112
22,8,1366056471820,8,1366056471893,73,128,161,88
22,65,1366056471893,65,1366056471972,79,73,79,0
22,84,1366056471916,84,1366056472020,104,23,48,-56
22,65,1366056472084,65,1366056472212,128,168,192,64
22,32,1366056472212,32,1366056472300,88,128,88,0
22,16,1366056472268,16,1366056472620,352,56,320,-32
22,77,1366056472716,77,1366056472788,72,448,168,96
22,89,1366056472916,89,1366056473020,104,200,232,128
22,32,1366056472972,32,1366056473068,96,56,48,-48
22,70,1366056473332,70,1366056473420,88,360,352,264
22,73,1366056473420,73,1366056473548,128,88,128,0
22,78,1366056473460,78,1366056473604,144,40,56,-88
22,71,1366056473532,71,1366056473604,72,72,0,-72
22,69,1366056473684,69,1366056473772,88,152,168,80
22,82,1366056473732,82,1366056473868,136,48,96,-40
22,83,1366056473868,83,1366056473980,112,136,112,0
22,32,1366056473980,32,1366056474124,144,112,144,0
22,72,1366056474092,72,1366056474204,112,112,80,-32
22,65,1366056474164,65,1366056474244,80,72,40,-40
22,86,1366056474300,86,1366056474412,112,136,168,56
22,69,1366056474372,69,1366056474444,72,72,32,-40
22,32,1366056474404,32,1366056474548,144,32,104,-40
22,82,1366056474548,82,1366056474660,112,144,112,0
22,69,1366056474628,69,1366056474732,104,80,72,-32
22,84,1366056474733,84,1366056474812,79,105,80,1
22,85,1366056474837,85,1366056474932,95,104,120,25
22,82,1366056474932,82,1366056475036,104,95,104,0
22,78,1366056475036,78,1366056475140,104,104,104,0
22,69,1366056475118,69,1366056475180,62,82,40,-22
22,68,1366056475300,68,1366056475340,40,182,160,120
22,49,1366056475676,49,1366056475980,304,376,640,336
22,13,1366056476172,13,1366056476244,72,496,264,192
22,13,1366056476348,13,1366056476413,65,176,169,104
22,16,1366056476556,16,1366056476908,352,208,495,143
22,78,1366056476892,78,1366056477012,120,336,104,-16
22,79,1366056476980,79,1366056477060,80,88,48,-32
22,84,1366056477060,84,1366056477124,64,80,64,0
22,73,1366056477164,73,1366056477276,112,104,152,40
22,67,1366056477276,67,1366056477428,152,112,152,0
22,69,1366056477452,69,1366056477572,120,176,144,24
22,32,1366056477604,32,1366056477692,88,152,120,32
22,16,1366056477724,16,1366056477876,152,120,184,32
22,73,1366056477812,73,1366056477924,112,88,48,-64
22,32,1366056477908,32,1366056477956,48,96,32,-16
22,67,1366056478156,67,1366056478252,96,248,296,200
22,72,1366056478252,72,1366056478300,48,96,48,0
22,65,1366056478340,65,1366056478404,64,88,104,40
22,78,1366056478428,78,1366056478516,88,88,112,24
22,71,1366056478476,71,1366056478580,104,48,64,-40
22,69,1366056478540,69,1366056478628,88,64,48,-40
22,68,1366056478724,68,1366056478836,112,184,208,96
22,32,1366056478796,32,1366056478900,104,72,64,-40
22,87,1366056479060,87,1366056479164,104,264,264,160
22,65,1366056479164,65,1366056479300,136,104,136,0
22,84,1366056479244,84,1366056479324,80,80,24,-56
22,67,1366056479444,67,1366056479556,112,200,232,120
22,72,1366056479532,72,1366056479636,104,88,80,-24
22,69,1366056479636,69,1366056479788,152,104,152,0
22,83,1366056479724,83,1366056479836,112,88,48,-64
22,32,1366056479836,32,1366056479924,88,112,88,0
22,84,1366056479956,84,1366056480036,80,120,112,32
22,79,1366056480052,79,1366056480124,72,96,88,16
22,79,1366056480196,79,1366056480260,64,144,136,72
22,84,1366056481108,84,1366056481212,104,912,952,848
22,82,1366056481308,82,1366056481388,80,200,176,96
22,73,1366056481388,73,1366056481476,88,80,88,0
22,67,1366056481516,67,1366056481628,112,128,152,40
22,75,1366056481580,75,1366056481628,48,64,0,-48
22,89,1366056481708,89,1366056481812,104,128,184,80
22,32,1366056481780,32,1366056481860,80,72,48,-32
22,84,1366056482004,84,1366056482092,88,224,232,144
22,67,1366056482220,67,1366056482356,136,216,264,128
22,73,1366056482356,73,1366056482435,79,136,79,0
22,8,1366056482660,8,1366056482700,40,304,265,225
22,8,1366056482787,8,1366056482876,89,127,176,87
22,82,1366056482876,82,1366056482955,79,89,79,0
22,73,1366056483004,73,1366056483107,103,128,152,49
22,67,1366056483155,67,1366056483259,104,151,152,48
22,75,1366056483235,75,1366056483315,80,80,56,-24
22,89,1366056483411,89,1366056483491,80,176,176,96
22,190,1366056483595,190,1366056483683,88,184,192,104
22,190,1366056483763,190,1366056483827,64,168,144,80
22,190,1366056483908,190,1366056484003,95,145,176,81
22,32,1366056483964,32,1366056484067,103,56,64,-39
22,84,1366056484123,84,1366056484284,161,159,217,56
22,82,1366056484252,82,1366056484339,87,129,55,-32
22,89,1366056484340,89,1366056484403,63,88,64,1
22,73,1366056484451,73,1366056484572,121,111,169,48
22,78,1366056484539,78,1366056484668,129,88,96,-33
22,71,1366056484595,71,1366056484691,96,56,23,-73
22,32,1366056484668,32,1366056484771,103,73,80,-23
22,84,1366056484819,84,1366056484868,49,151,97,48
22,82,1366056484821,82,1366056484868,47,2,0,-47
22,79,1366056484868,79,1366056484939,71,47,71,0
22,32,1366056484908,32,1366056485003,95,40,64,-31
22,8,1366056485155,8,1366056485203,48,247,200,152
22,8,1366056485307,8,1366056485355,48,152,152,104
22,8,1366056485467,8,1366056485523,56,160,168,112
22,79,1366056485787,79,1366056485867,80,320,344,264
22,32,1366056485868,32,1366056485963,95,81,96,1
22,67,1366056485964,67,1366056486099,135,96,136,1
22,79,1366056486059,79,1366056486163,104,95,64,-40
22,78,1366056486164,78,1366056486252,88,105,89,1
22,70,1366056486332,70,1366056486435,103,168,183,80
22,85,1366056486436,85,1366056486523,87,104,88,1
22,83,1366056486572,83,1366056486684,112,136,161,49
22,69,1366056486637,69,1366056486756,119,65,72,-47
22,32,1366056486757,32,1366056486836,79,120,80,1
22,89,1366056486924,89,1366056486996,72,167,160,88
22,79,1366056487044,79,1366056487140,96,120,144,48
22,85,1366056487108,85,1366056487196,88,64,56,-32
22,32,1366056487172,32,1366056487252,80,64,56,-24
22,72,1366056487324,72,1366056487413,89,152,161,72
22,69,1366056487413,69,1366056487500,87,89,87,0
22,82,1366056487460,82,1366056487596,136,47,96,-40
22,69,1366056487556,69,1366056487660,104,96,64,-40
22,190,1366056487700,190,1366056487804,104,144,144,40
22,32,1366056487748,32,1366056487860,112,48,56,-56
22,13,1366056488605,13,1366056488668,63,857,808,745
22,13,1366056488788,13,1366056488820,32,183,152,120
22,16,1366056489052,16,1366056489340,288,264,520,232
22,73,1366056489300,73,1366056489412,112,248,72,-40
22,83,1366056489468,83,1366056489596,128,168,184,56
22,32,1366056489572,32,1366056489692,120,104,96,-24
22,73,1366056489692,73,1366056489780,88,120,88,0
22,84,1366056489780,84,1366056489868,88,88,88,0
22,32,1366056489869,32,1366056489956,87,89,88,1
22,87,1366056490012,87,1366056490084,72,143,128,56
22,79,1366056490108,79,1366056490204,96,96,120,24
22,82,1366056490212,82,1366056490260,48,104,56,8
22,75,1366056490316,75,1366056490364,48,104,104,56
22,73,1366056490484,73,1366056490588,104,168,224,120
22,78,1366056490532,78,1366056490644,112,48,56,-56
22,71,1366056490644,71,1366056490708,64,112,64,0
22,84,1366056491156,84,1366056491260,104,512,552,448
22,72,1366056491220,72,1366056491316,96,64,56,-40
22,73,1366056491316,73,1366056491388,72,96,72,0
22,83,1366056491372,83,1366056491468,96,56,80,-16
22,32,1366056491444,32,1366056491532,88,72,64,-24
22,84,1366056491588,84,1366056491660,72,144,128,56
22,73,1366056491628,73,1366056491748,120,40,88,-32
22,77,1366056491708,77,1366056491820,112,80,72,-40
22,69,1366056491804,69,1366056491908,104,96,88,-16
22,32,1366056491908,32,1366056491996,88,104,88,0
22,80,1366056492212,80,1366056492285,73,304,289,216
22,69,1366056492285,69,1366056492372,87,73,87,0
22,82,1366056492340,82,1366056492428,88,55,56,-32
22,72,1366056492444,72,1366056492540,96,104,112,16
22,65,1366056492540,65,1366056492628,88,96,88,0
22,80,1366056492644,80,1366056492700,56,104,72,16
22,83,1366056492724,83,1366056492852,128,80,152,24
22,32,1366056492796,32,1366056492900,104,72,48,-56
22,73,1366056492876,73,1366056492980,104,80,80,-24
22,84,1366056492948,84,1366056493036,88,72,56,-32
22,32,1366056493036,32,1366056493132,96,88,96,0
22,87,1366056493132,87,1366056493228,96,96,96,0
22,79,1366056493212,79,1366056493316,104,80,88,-16
22,78,1366056493292,78,1366056493404,112,80,88,-24
22,222,1366056493364,222,1366056493476,112,72,72,-40
22,84,1366056493428,84,1366056493540,112,64,64,-48
22,32,1366056493500,32,1366056493588,88,72,48,-40
22,73,1366056493700,73,1366056493812,112,200,224,112
22,68,1366056493828,68,1366056493925,97,128,113,16
22,69,1366056494020,69,1366056494092,72,192,167,95
22,78,1366056494132,78,1366056494220,88,112,128,40
22,84,1366056494236,84,1366056494308,72,104,88,16
22,73,1366056494468,73,1366056494548,80,232,240,160
22,70,1366056494636,70,1366056494740,104,168,192,88
22,89,1366056494804,89,1366056494916,112,168,176,64
22,32,1366056494876,32,1366056494988,112,72,72,-40
22,77,1366056495108,77,1366056495196,88,232,208,120
22,69,1366056495220,69,1366056495324,104,112,128,24
22,32,1366056495324,32,1366056495412,88,104,88,0
22,65,1366056495436,65,1366056495508,72,112,96,24
22,78,1366056495540,78,1366056495588,48,104,80,32
22,8,1366056495972,8,1366056496020,48,432,432,384
22,83,1366056496044,83,1366056496148,104,72,128,24
22,32,1366056496124,32,1366056496212,88,80,64,-24
22,16,1366056496228,16,1366056496524,296,104,312,16
22,77,1366056496428,77,1366056496532,104,200,8,-96
22,69,1366056496604,69,1366056496708,104,176,176,72
22,190,1366056496684,190,1366056496804,120,80,96,-24
22,32,1366056496748,32,1366056496860,112,64,56,-56
22,66,1366056496964,66,1366056497012,48,216,152,104
22,85,1366056497124,85,1366056497212,88,160,200,112
22,84,1366056497212,84,1366056497300,88,88,88,0
22,32,1366056497300,32,1366056497364,64,88,64,0
22,77,1366056497476,77,1366056497580,104,176,216,112
22,65,1366056497580,65,1366056497644,64,104,64,0
22,89,1366056497692,89,1366056497788,96,112,144,48
22,66,1366056498084,66,1366056498156,72,392,368,296
22,69,1366056498199,69,1366056498260,61,115,104,43
22,32,1366056498260,32,1366056498364,104,61,104,0
22,83,1366056498388,83,1366056498508,120,128,144,24
22,79,1366056498468,79,1366056498596,128,80,88,-40
22,77,1366056498532,77,1366056498636,104,64,40,-64
22,69,1366056498636,69,1366056498724,88,104,88,0
22,32,1366056498724,32,1366056498828,104,88,104,0
22,79,1366056498876,79,1366056498979,103,152,151,48
22,84,1366056498964,84,1366056499052,88,88,73,-15
22,72,1366056499036,72,1366056499132,96,72,80,-16
22,69,1366056499107,69,1366056499179,72,71,47,-25
22,82,1366056499156,82,1366056499252,96,49,73,-23
22,32,1366056499252,32,1366056499331,79,96,79,0
22,70,1366056499379,70,1366056499499,120,127,168,48
22,69,1366056499435,69,1366056499563,128,56,64,-64
22,77,1366056499667,77,1366056499756,89,232,193,104
22,65,1366056499780,65,1366056499876,96,113,120,24
22,76,1366056499868,76,1366056499964,96,88,88,-8
22,69,1366056499996,69,1366056500084,88,128,120,32
22,190,1366056500060,190,1366056500187,127,64,103,-24
22,32,1366056500148,32,1366056500260,112,88,73,-39
22,8,1366056500860,8,1366056500915,55,712,655,600
22,8,1366056501012,8,1366056501075,63,152,160,97
22,190,1366056501355,190,1366056501419,64,343,344,280
22,190,1366056501507,190,1366056501563,56,152,144,88
22,190,1366056501651,190,1366056501707,56,144,144,88
22,13,1366056501828,13,1366056501876,48,177,169,121
22,13,1366056501971,13,1366056502059,88,143,183,95
22,16,1366056502083,16,1366056502259,176,112,200,24
22,77,1366056502179,77,1366056502260,81,96,1,-80
22,85,1366056502372,85,1366056502444,72,193,184,112
22,65,1366056502483,65,1366056502563,80,111,119,39
22,72,1366056502555,72,1366056502627,72,72,64,-8
22,65,1366056502643,65,1366056502755,112,88,128,16
22,72,1366056502731,72,1366056502795,64,88,40,-24
22,65,1366056502843,65,1366056502915,72,112,120,48
22,72,1366056502891,72,1366056502963,72,48,48,-24
22,65,1366056503028,65,1366056503083,55,137,120,65
22,72,1366056503059,72,1366056503139,80,31,56,-24
22,65,1366056503187,65,1366056503243,56,128,104,48
22,72,1366056503227,72,1366056503331,104,40,88,-16
22,65,1366056503332,65,1366056503459,127,105,128,1
22,13,1366056503500,13,1366056503555,55,168,96,41
22,13,1366056503643,13,1366056503707,64,143,152,88
22,79,1366056504108,79,1366056504348,240,465,641,401
22,8,1366056504716,8,1366056504924,208,608,576,368
22,222,1366056508820,222,1366056508916,96,4104,3992,3896
22,77,1366056509076,77,1366056509196,120,256,280,160
22,32,1366056509164,32,1366056509244,80,88,48,-32
22,71,1366056509252,71,1366056509324,72,88,80,8
22,79,1366056509324,79,1366056509460,136,72,136,0
22,73,1366056509372,73,1366056509500,128,48,40,-88
22,78,1366056509460,78,1366056509572,112,88,72,-40
22,71,1366056509500,71,1366056509572,72,40,0,-72
22,32,1366056509540,32,1366056509628,88,40,56,-32
22,84,1366056509644,84,1366056509741,97,104,113,16
22,8,1366056509900,8,1366056509940,40,256,199,159
22,72,1366056510060,72,1366056510148,88,160,208,120
22,79,1366056510148,79,1366056510276,128,88,128,0
22,77,1366056510260,77,1366056510396,136,112,120,-16
22,69,1366056510300,69,1366056510396,96,40,0,-96
22,32,1366056510396,32,1366056510508,112,96,112,0
22,84,1366056510484,84,1366056510580,96,88,72,-24
22,79,1366056510572,79,1366056510660,88,88,80,-8
22,32,1366056510612,32,1366056510716,104,40,56,-48
22,68,1366056510836,68,1366056510956,120,224,240,120
22,79,1366056510908,79,1366056511004,96,72,48,-48
22,32,1366056510948,32,1366056511044,96,40,40,-56
22,84,1366056511044,84,1366056511164,120,96,120,0
22,72,1366056511116,72,1366056511212,96,72,48,-48
22,69,1366056511212,69,1366056511276,64,96,64,0
22,32,1366056511276,32,1366056511388,112,64,112,0
22,83,1366056511396,83,1366056511444,48,120,56,8
22,77,1366056511604,77,1366056511724,120,208,280,160
22,69,1366056511692,69,1366056511764,72,88,40,-32
22,8,1366056511908,8,1366056511940,32,216,176,144
22,8,1366056512092,8,1366056512164,72,184,224,152
22,65,1366056512324,65,1366056512404,80,232,240,160
22,77,1366056512420,77,1366056512548,128,96,144,16
22,80,1366056512500,80,1366056512596,96,80,48,-48
22,76,1366056512692,76,1366056512812,120,192,216,96
22,69,1366056512756,69,1366056512836,80,64,24,-56
22,32,1366056512812,32,1366056512924,112,56,88,-24
22,79,1366056512924,79,1366056513028,104,112,104,0
22,78,1366056512996,78,1366056513092,96,72,64,-32
22,69,1366056513068,69,1366056513156,88,72,64,-24
22,32,1366056513132,32,1366056513236,104,64,80,-24
22,78,1366056513332,78,1366056513460,128,200,224,96
22,79,1366056513396,79,1366056513500,104,64,40,-64
22,87,1366056513460,87,1366056513540,80,64,40,-40
22,190,1366056513644,190,1366056513764,120,184,224,104
22,32,1366056513764,32,1366056513860,96,120,96,0
22,13,1366056513916,13,1366056513980,64,152,120,56
22,13,1366056514076,13,1366056514148,72,160,168,96
22,13,1366056514236,13,1366056514316,80,160,168,88
22,16,1366056514372,16,1366056514540,168,136,224,56
22,84,1366056514524,84,1366056514596,72,152,56,-16
22,65,1366056514644,65,1366056514748,104,120,152,48
22,76,1366056514748,76,1366056514860,112,104,112,0
22,75,1366056514788,75,1366056514892,104,40,32,-72
22,32,1366056514860,32,1366056514964,104,72,72,-32
22,84,1366056514972,84,1366056515060,88,112,96,8
22,79,1366056515012,79,1366056515148,136,40,88,-48
22,32,1366056515116,32,1366056515188,72,104,40,-32
22,89,1366056515188,89,1366056515284,96,72,96,0
22,79,1366056515284,79,1366056515412,128,96,128,0
22,85,1366056515364,85,1366056515468,104,80,56,-48
22,32,1366056515412,32,1366056515508,96,48,40,-56
22,79,1366056515860,79,1366056515940,80,448,432,352
22,79,1366056516020,79,1366056516100,80,160,160,80
22,79,1366056516180,79,1366056516244,64,160,144,80
22,79,1366056516332,79,1366056516396,64,152,152,88
22,79,1366056516484,79,1366056516571,87,152,175,88
22,78,1366056516708,78,1366056516787,79,224,216,137
22,190,1366056516940,190,1366056517036,96,232,249,153
22,32,1366056517004,32,1366056517091,87,64,55,-32
23,73,1363980227619,73,1363980227723,104,136,56,-48
23,84,1363980228059,84,1363980228115,56,440,392,336
23,32,1363980228147,32,1363980228235,88,88,120,32
23,87,1363980228331,87,1363980228491,160,184,256,96
23,65,1363980228395,65,1363980228563,168,64,72,-96
23,83,1363980228659,83,1363980228771,112,264,208,96
23,32,1363980228803,32,1363980228875,72,144,104,32
23,84,1363980228955,84,1363980229035,80,152,160,80
23,72,1363980229083,72,1363980229171,88,128,136,48
23,69,1363980229187,69,1363980229283,96,104,112,16
23,66,1363980229483,66,1363980229595,112,296,312,200
23,69,1363980229699,69,1363980229787,88,216,192,104
23,83,1363980229867,83,1363980229979,112,168,192,80
23,84,1363980230027,84,1363980230107,80,160,128,48
23,32,1363980230091,32,1363980230171,80,64,64,-16
23,79,1363980230275,79,1363980230363,88,184,192,104
23,70,1363980230363,70,1363980230443,80,88,80,0
23,32,1363980230435,32,1363980230499,64,72,56,-8
23,8,1363980230819,8,1363980230875,56,384,376,320
23,8,1363980230971,8,1363980231027,56,152,152,96
23,8,1363980231131,8,1363980231171,40,160,144,104
23,8,1363980231275,8,1363980231331,56,144,160,104
23,8,1363980231427,8,1363980231483,56,152,152,96
23,8,1363980231571,8,1363980231635,64,144,152,88
23,8,1363980231755,8,1363980231979,224,184,344,120
23,8,1363980232179,8,1363980232267,88,424,288,200
23,32,1363980232363,32,1363980232435,72,184,168,96
23,66,1363980232571,66,1363980232651,80,208,216,136
23,69,1363980232731,69,1363980232835,104,160,184,80
23,83,1363980232899,83,1363980232987,88,168,152,64
23,84,1363980233011,84,1363980233107,96,112,120,24
23,79,1363980233259,79,1363980233363,104,248,256,152
23,70,1363980233323,70,1363980233443,120,64,80,-40
23,32,1363980233411,32,1363980233539,128,88,96,-32
23,8,1363980233819,8,1363980233867,48,408,328,280
23,8,1363980233964,8,1363980234019,55,145,152,97
23,8,1363980234107,8,1363980234187,80,143,168,88
23,32,1363980234251,32,1363980234323,72,144,136,64
23,79,1363980234611,79,1363980234715,104,360,392,288
23,70,1363980234931,70,1363980235035,104,320,320,216
23,32,1363980235107,32,1363980235203,96,176,168,72
23,84,1363980235243,84,1363980235363,120,136,160,40
23,73,1363980235363,73,1363980235531,168,120,168,0
23,77,1363980235467,77,1363980235611,144,104,80,-64
23,69,1363980235595,69,1363980235675,80,128,64,-16
23,83,1363980235811,83,1363980235875,64,216,200,136
23,188,1363980236291,188,1363980236419,128,480,544,416
23,32,1363980236419,32,1363980236475,56,128,56,0
23,73,1363980236611,73,1363980236715,104,192,240,136
23,84,1363980236827,84,1363980236963,136,216,248,112
23,32,1363980237051,32,1363980237123,72,224,160,88
23,87,1363980237171,87,1363980237339,168,120,216,48
23,65,1363980237259,65,1363980237419,160,88,80,-80
23,83,1363980237547,83,1363980237642,95,288,223,128
23,32,1363980237771,32,1363980237867,96,224,225,129
23,84,1363980237931,84,1363980238010,79,160,143,64
23,72,1363980238035,72,1363980238122,87,104,112,25
23,69,1363980238123,69,1363980238202,79,88,80,1
23,32,1363980238154,32,1363980238258,104,31,56,-48
23,87,1363980238338,87,1363980238419,81,184,161,80
23,79,1363980238419,79,1363980238538,119,81,119,0
23,82,1363980238506,82,1363980238626,120,87,88,-32
23,68,1363980238819,68,1363980238842,23,313,216,193
23,8,1363980239346,8,1363980239428,82,527,586,504
23,83,1363980239451,83,1363980239538,87,105,110,23
23,84,1363980239578,84,1363980239658,80,127,120,40
23,32,1363980239690,32,1363980239786,96,112,128,32
23,79,1363980239906,79,1363980239978,72,216,192,120
23,70,1363980240010,70,1363980240098,88,104,120,32
23,32,1363980240074,32,1363980240202,128,64,104,-24
23,84,1363980240290,84,1363980240386,96,216,184,88
23,73,1363980240370,73,1363980240546,176,80,160,-16
23,77,1363980240450,77,1363980240594,144,80,48,-96
23,69,1363980240547,69,1363980240627,80,97,33,-47
23,83,1363980240747,83,1363980240819,72,200,192,120
23,188,1363980240915,188,1363980240963,48,168,144,96
23,32,1363980241627,32,1363980241691,64,712,728,664
23,73,1363980242043,73,1363980242115,72,416,424,352
23,84,1363980242179,84,1363980242219,40,136,104,64
23,32,1363980242627,32,1363980242699,72,448,480,408
23,87,1363980242803,87,1363980242939,136,176,240,104
23,65,1363980242875,65,1363980243011,136,72,72,-64
23,83,1363980243107,83,1363980243227,120,232,216,96
23,32,1363980243315,32,1363980243387,72,208,160,88
23,84,1363980243403,84,1363980243515,112,88,128,16
23,72,1363980243595,72,1363980243659,64,192,144,80
23,69,1363980243659,69,1363980243739,80,64,80,0
23,32,1363980243715,32,1363980243795,80,56,56,-24
23,71,1363980243875,71,1363980243923,48,160,128,80
23,8,1363980244707,8,1363980244787,80,832,864,784
23,65,1363980244947,65,1363980245099,152,240,312,160
23,71,1363980245395,71,1363980245459,64,448,360,296
23,69,1363980245579,69,1363980245675,96,184,216,120
23,32,1363980245891,32,1363980245971,80,312,296,216
23,79,1363980246091,79,1363980246195,104,200,224,120
23,70,1363980246195,70,1363980246267,72,104,72,0
23,32,1363980246267,32,1363980246363,96,72,96,0
23,87,1363980246483,87,1363980246539,56,216,176,120
23,73,1363980246595,73,1363980246683,88,112,144,56
23,83,1363980246979,83,1363980247043,64,384,360,296
23,68,1363980247259,68,1363980247347,88,280,304,216
23,79,1363980247347,79,1363980247547,200,88,200,0
23,77,1363980247483,77,1363980247595,112,136,48,-64
23,188,1363980248251,188,1363980248331,80,768,736,656
23,32,1363980248395,32,1363980248443,48,144,112,64
23,73,1363980248539,73,1363980248643,104,144,200,96
23,84,1363980248683,84,1363980248755,72,144,112,40
23,32,1363980248827,32,1363980248899,72,144,144,72
23,87,1363980248971,87,1363980249083,112,144,184,72
23,65,1363980249059,65,1363980249203,144,88,120,-24
23,83,1363980249227,83,1363980249331,104,168,128,24
23,32,1363980249403,32,1363980249467,64,176,136,72
23,84,1363980249451,84,1363980249563,112,48,96,-16
23,72,1363980249627,72,1363980249707,80,176,144,64
23,69,1363980249667,69,1363980249795,128,40,88,-40
23,32,1363980249763,32,1363980249867,104,96,72,-32
23,71,1363980250147,71,1363980250179,32,384,312,280
23,8,1363980250475,8,1363980250563,88,328,384,296
23,65,1363980250563,65,1363980250691,128,88,128,0
23,71,1363980250651,71,1363980250755,104,88,64,-40
23,79,1363980250803,79,1363980250843,40,152,88,48
23,8,1363980251203,8,1363980251275,72,400,432,360
23,69,1363980251323,69,1363980251435,112,120,160,48
23,32,1363980251483,32,1363980251579,96,160,144,48
23,79,1363980252083,79,1363980252171,88,600,592,504
23,70,1363980252203,70,1363980252267,64,120,96,32
23,32,1363980252235,32,1363980252339,104,32,72,-32
23,70,1363980252875,70,1363980252939,64,640,600,536
23,79,1363980253099,79,1363980253179,80,224,240,160
23,79,1363980253515,79,1363980253603,88,416,424,336
23,76,1363980253731,76,1363980253867,136,216,264,128
23,73,1363980253891,73,1363980254010,119,160,143,24
23,83,1363980254411,83,1363980254515,104,520,505,401
23,72,1363980254515,72,1363980254578,63,104,63,0
23,78,1363980254827,78,1363980254914,87,312,336,249
23,69,1363980254954,69,1363980255018,64,127,104,40
23,83,1363980255147,83,1363980255227,80,193,209,129
23,83,1363980255330,83,1363980255402,72,183,175,103
23,188,1363980255643,188,1363980255771,128,313,369,241
23,32,1363980255843,32,1363980255907,64,200,136,72
23,73,1363980256251,73,1363980256338,87,408,431,344
23,84,1363980256362,84,1363980256418,56,111,80,24
23,32,1363980256498,32,1363980256578,80,136,160,80
23,87,1363980256667,87,1363980256827,160,169,249,89
23,65,1363980256771,65,1363980256890,119,104,63,-56
23,83,1363980256962,83,1363980257075,113,191,185,72
23,32,1363980257154,32,1363980257242,88,192,167,79
23,84,1363980257227,84,1363980257330,103,73,88,-15
23,72,1363980257426,72,1363980257506,80,199,176,96
23,69,1363980257467,69,1363980257570,103,41,64,-39
23,32,1363980257571,32,1363980257642,71,104,72,1
23,69,1363980257730,69,1363980257794,64,159,152,88
23,80,1363980258146,80,1363980258291,145,416,497,352
23,79,1363980258315,79,1363980258435,120,169,144,24
23,67,1363980258451,67,1363980258555,104,136,120,16
23,72,1363980258771,72,1363980258843,72,320,288,216
23,32,1363980259235,32,1363980259315,80,464,472,392
23,79,1363980259699,79,1363980259795,96,464,480,384
23,70,1363980259795,70,1363980259883,88,96,88,0
23,32,1363980259859,32,1363980259979,120,64,96,-24
23,66,1363980260115,66,1363980260187,72,256,208,136
23,69,1363980260291,69,1363980260355,64,176,168,104
23,76,1363980260443,76,1363980260563,120,152,208,88
23,73,1363980260491,73,1363980260635,144,48,72,-72
23,69,1363980260667,69,1363980260771,104,176,136,32
23,70,1363980260827,70,1363980260915,88,160,144,56
23,188,1363980261075,188,1363980261163,88,248,248,160
23,32,1363980261739,32,1363980261811,72,664,648,576
23,73,1363980262179,73,1363980262267,88,440,456,368
23,84,1363980262251,84,1363980262323,72,72,56,-16
23,32,1363980262339,32,1363980262419,80,88,96,16
23,87,1363980262491,87,1363980262651,160,152,232,72
23,65,1363980262587,65,1363980262763,176,96,112,-64
23,83,1363980262787,83,1363980262899,112,200,136,24
23,84,1363980262955,84,1363980263075,120,168,176,56
23,8,1363980263499,8,1363980263595,96,544,520,424
23,32,1363980263627,32,1363980263715,88,128,120,32
23,84,1363980263683,84,1363980263787,104,56,72,-32
23,69,1363980263827,69,1363980263891,64,144,104,40
23,72,1363980263851,72,1363980263963,112,24,72,-40
23,8,1363980264971,8,1363980265075,104,1120,1112,1008
23,8,1363980265179,8,1363980265331,152,208,256,104
23,72,1363980265491,72,1363980265595,104,312,264,160
23,69,1363980265611,69,1363980265715,104,120,120,16
23,32,1363980265715,32,1363980265811,96,104,96,0
23,69,1363980266443,69,1363980266531,88,728,720,632
23,67,1363980266651,67,1363980266691,40,208,160,120
23,8,1363980266987,8,1363980267043,56,336,352,296
23,80,1363980267691,80,1363980267827,136,704,784,648
23,79,1363980268699,79,1363980268779,80,1008,952,872
23,67,1363980268835,67,1363980268947,112,136,168,56
23,75,1363980269163,75,1363980269275,112,328,328,216
23,8,1363980270547,8,1363980270635,88,1384,1360,1272
23,8,1363980270747,8,1363980270803,56,200,168,112
23,67,1363980271803,67,1363980271900,97,1056,1097,1000
23,72,1363980271947,72,1363980272051,104,144,151,47
23,32,1363980272155,32,1363980272235,80,208,184,104
23,79,1363980272578,79,1363980272666,88,423,431,343
23,70,1363980272674,70,1363980272730,56,96,64,8
23,32,1363980272731,32,1363980272842,111,57,112,1
23,73,1363980273427,73,1363980273610,183,696,768,585
23,78,1363980273546,78,1363980273658,112,119,48,-64
23,67,1363980273659,67,1363980273746,87,113,88,1
23,82,1363980273874,82,1363980273970,96,215,224,128
23,69,1363980273930,69,1363980274051,121,56,81,-40
23,68,1363980274194,68,1363980274275,81,264,224,143
23,85,1363980274354,85,1363980274418,64,160,143,79
23,76,1363980274554,76,1363980274706,152,200,288,136
23,73,1363980274642,73,1363980274778,136,88,72,-64
23,84,1363980275851,84,1363980275907,56,1209,1129,1073
23,89,1363980276292,89,1363980276363,71,441,456,385
23,188,1363980276819,188,1363980276923,104,527,560,456
23,32,1363980277500,32,1363980277579,79,681,656,577
23,73,1363980278115,73,1363980278187,72,615,608,536
23,84,1363980278276,84,1363980278339,63,161,152,89
23,32,1363980278371,32,1363980278435,64,95,96,32
23,87,1363980278523,87,1363980278683,160,152,248,88
23,65,1363980278635,65,1363980278835,200,112,152,-48
23,83,1363980278819,83,1363980278955,136,184,120,-16
23,32,1363980278979,32,1363980279084,105,160,129,24
23,84,1363980279084,84,1363980279147,63,105,63,0
23,72,1363980279299,72,1363980279411,112,215,264,152
23,69,1363980279411,69,1363980279484,73,112,73,0
23,32,1363980280747,32,1363980280811,64,1336,1327,1263
23,83,1363980280979,83,1363980281139,160,232,328,168
23,69,1363980281075,69,1363980281211,136,96,72,-64
23,65,1363980281299,65,1363980281427,128,224,216,88
23,83,1363980281507,83,1363980281603,96,208,176,80
23,79,1363980281635,79,1363980281795,160,128,192,32
23,78,1363980281715,78,1363980281795,80,80,0,-80
23,32,1363980281795,32,1363980281851,56,80,56,0
23,79,1363980281923,79,1363980282019,96,128,168,72
23,70,1363980281971,70,1363980282059,88,48,40,-48
23,32,1363980282091,32,1363980282131,40,120,72,32
23,16,1363980282283,16,1363980282451,168,192,320,152
23,76,1363980282379,76,1363980282531,152,96,80,-72
23,73,1363980282451,73,1363980282603,152,72,72,-80
23,71,1363980282699,71,1363980282811,112,248,208,96
23,72,1363980282843,72,1363980282963,120,144,152,32
23,84,1363980282963,84,1363980283027,64,120,64,0
23,188,1363980283155,188,1363980283283,128,192,256,128
23,32,1363980283819,32,1363980283907,88,664,624,536
23,73,1363980284771,73,1363980284907,136,952,1000,864
23,84,1363980284883,84,1363980284955,72,112,48,-24
23,32,1363980284955,32,1363980285011,56,72,56,0
23,87,1363980285219,87,1363980285395,176,264,384,208
23,65,1363980285323,65,1363980285491,168,104,96,-72
23,83,1363980285531,83,1363980285635,104,208,144,40
23,32,1363980285676,32,1363980285763,87,145,128,41
23,84,1363980285827,84,1363980285915,88,151,152,64
23,72,1363980285979,72,1363980286083,104,152,168,64
23,69,1363980286083,69,1363980286187,104,104,104,0
23,32,1363980286163,32,1363980286243,80,80,56,-24
23,83,1363980286475,83,1363980286635,160,312,392,232
23,69,1363980286571,69,1363980286667,96,96,32,-64
23,65,1363980286707,65,1363980286843,136,136,176,40
23,83,1363980286939,83,1363980287051,112,232,208,96
23,79,1363980287099,79,1363980287259,160,160,208,48
23,78,1363980287171,78,1363980287283,112,72,24,-88
23,32,1363980294227,32,1363980294339,112,7056,7056,6944
23,79,1363980294411,79,1363980294515,104,184,176,72
23,70,1363980294459,70,1363980294571,112,48,56,-56
23,32,1363980294539,32,1363980294627,88,80,56,-32
23,16,1363980294691,16,1363980294875,184,152,248,64
23,68,1363980294827,68,1363980294947,120,136,72,-48
23,65,1363980295091,65,1363980295219,128,264,272,144
23,82,1363980295235,82,1363980295315,80,144,96,16
23,75,1363980295435,75,1363980295547,112,200,232,120
23,78,1363980295747,78,1363980295859,112,312,312,200
23,69,1363980295827,69,1363980295899,72,80,40,-32
23,83,1363980295995,83,1363980296043,48,168,144,96
23,83,1363980296155,83,1363980296211,56,160,168,112
23,188,1363980296299,188,1363980296427,128,144,216,88
23,32,1363980296467,32,1363980296515,48,168,88,40
23,73,1363980296683,73,1363980296795,112,216,280,168
23,84,1363980296819,84,1363980296883,64,136,88,24
23,32,1363980296979,32,1363980297043,64,160,160,96
23,87,1363980297067,87,1363980297195,128,88,152,24
23,65,1363980297163,65,1363980297267,104,96,72,-32
23,83,1363980297315,83,1363980297435,120,152,168,48
23,32,1363980297435,32,1363980297571,136,120,136,0
23,84,1363980297611,84,1363980297691,80,176,120,40
23,72,1363980297771,72,1363980297860,89,160,169,80
23,69,1363980297860,69,1363980297955,95,89,95,0
23,32,1363980297955,32,1363980298051,96,95,96,0
23,83,1363980298643,83,1363980298739,96,688,688,592
23,80,1363980298891,80,1363980298963,72,248,224,152
23,82,1363980299003,82,1363980299099,96,112,136,40
23,73,1363980299067,73,1363980299259,192,64,160,-32
23,78,1363980299171,78,1363980299291,120,104,32,-88
23,71,1363980299331,71,1363980299363,32,160,72,40
23,32,1363980300227,32,1363980300307,80,896,944,864
23,79,1363980300459,79,1363980300571,112,232,264,152
23,70,1363980300531,70,1363980300627,96,72,56,-40
23,32,1363980300611,32,1363980300723,112,80,96,-16
23,72,1363980300856,72,1363980301019,163,245,296,133
23,79,1363980301043,79,1363980301123,80,187,104,24
23,80,1363980301203,80,1363980301331,128,160,208,80
23,69,1363980301387,69,1363980301451,64,184,120,56
23,188,1363980301563,188,1363980301699,136,176,248,112
23,32,1363980302043,32,1363980302123,80,480,424,344
23,73,1363980302235,73,1363980302323,88,192,200,112
23,84,1363980302339,84,1363980302411,72,104,88,16
23,32,1363980302531,32,1363980302635,104,192,224,120
23,87,1363980302747,87,1363980302883,136,216,248,112
23,65,1363980302857,65,1363980303011,154,110,128,-26
23,83,1363980303011,83,1363980303147,136,154,136,0
23,32,1363980303147,32,1363980303267,120,136,120,0
23,84,1363980303323,84,1363980303387,64,176,120,56
23,72,1363980303427,72,1363980303523,96,104,136,40
23,69,1363980303507,69,1363980303619,112,80,96,-16
23,32,1363980303579,32,1363980303683,104,72,64,-40
23,87,1363980304467,87,1363980304531,64,888,848,784
23,73,1363980304763,73,1363980304931,168,296,400,232
23,78,1363980304843,78,1363980304931,88,80,0,-88
23,84,1363980304931,84,1363980305011,80,88,80,0
23,69,1363980305123,69,1363980305387,264,192,376,112
23,82,1363980305219,82,1363980305387,168,96,0,-168
23,32,1363980305499,32,1363980305603,104,280,216,112
23,79,1363980305659,79,1363980305755,96,160,152,56
23,70,1363980305755,70,1363980305865,110,96,110,0
23,32,1363980305819,32,1363980305923,104,64,58,-46
23,68,1363980306099,68,1363980306235,136,280,312,176
23,69,1363980306347,69,1363980306411,64,248,176,112
23,83,1363980306523,83,1363980306603,80,176,192,112
23,80,1363980306739,80,1363980306827,88,216,224,136
23,65,1363980307123,65,1363980307187,64,384,360,296
23,73,1363980307267,73,1363980307331,64,144,144,80
23,82,1363980307339,82,1363980307387,48,72,56,8
23,188,1363980307523,188,1363980307619,96,184,232,136
23,32,1363980307739,32,1363980307795,56,216,176,120
23,87,1363980308211,87,1363980308418,207,472,623,416
23,69,1363980308362,69,1363980308482,120,151,64,-56
23,32,1363980308531,32,1363980308618,87,169,136,49
23,72,1363980308762,72,1363980308906,144,231,288,144
23,65,1363980309283,65,1363980309339,56,521,433,377
23,83,1363980309451,83,1363980309475,24,168,136,112
23,8,1363980309923,8,1363980309995,72,472,520,448
23,16,1363980309995,16,1363980310154,159,72,159,0
23,68,1363980310106,68,1363980310259,153,111,105,-48
23,8,1363980310963,8,1363980311019,56,857,760,704
23,68,1363980311171,68,1363980311275,104,208,256,152
23,32,1363980311363,32,1363980311435,72,192,160,88
23,69,1363980311819,69,1363980311899,80,456,464,384
23,86,1363980311963,86,1363980312051,88,144,152,64
23,69,1363980312123,69,1363980312243,120,160,192,72
23,82,1363980312211,82,1363980312291,80,88,48,-32
23,72,1363980312571,72,1363980312691,120,360,400,280
23,8,1363980312867,8,1363980312915,48,296,224,176
23,84,1363980313067,84,1363980313131,64,200,216,152
23,72,1363980313187,72,1363980313283,96,120,152,56
23,73,1363980313283,73,1363980313435,152,96,152,0
23,78,1363980313403,78,1363980313555,152,120,120,-32
23,71,1363980313539,71,1363980313635,96,136,80,-16
23,32,1363980314147,32,1363980314211,64,608,576,512
23,66,1363980314627,66,1363980314715,88,480,504,416
23,69,1363980314788,69,1363980314859,71,161,144,73
23,70,1363980314947,70,1363980315043,96,159,184,88
23,79,1363980315091,79,1363980315179,88,144,136,48
23,82,1363980315163,82,1363980315323,160,72,144,-16
23,69,1363980315243,69,1363980315395,152,80,72,-80
23,32,1363980315379,32,1363980315475,96,136,80,-16
23,85,1363980315699,85,1363980315771,72,320,296,224
23,80,1363980315891,80,1363980315979,88,192,208,120
23,188,1363980316339,188,1363980316411,72,448,432,360
23,32,1363980316507,32,1363980316579,72,168,168,96
23,87,1363980316803,87,1363980316947,144,296,368,224
23,69,1363980316883,69,1363980317003,120,80,56,-64
23,32,1363980317003,32,1363980317075,72,120,72,0
23,72,1363980318515,72,1363980318603,88,1512,1528,1440
23,65,1363980318643,65,1363980318771,128,128,168,40
23,68,1363980318755,68,1363980318857,102,112,86,-16
23,32,1363980318858,32,1363980318923,65,103,66,1
23,78,1363980318963,78,1363980319075,112,105,152,40
23,79,1363980319043,79,1363980319164,121,80,89,-32
23,84,1363980319140,84,1363980319203,63,97,39,-24
23,72,1363980319259,72,1363980319395,136,119,192,56
23,73,1363980319395,73,1363980319635,240,136,240,0
23,78,1363980319515,78,1363980319635,120,120,0,-120
23,71,1363980319595,71,1363980319635,40,80,0,-40
23,37,1363980321675,37,1363980323196,1521,2080,3561,2040
23,39,1363980323499,39,1363980323579,80,1824,383,303
23,89,1363980324219,89,1363980324267,48,720,688,640
23,39,1363980324363,39,1363980325851,1488,144,1584,96
23,39,1363980324862,39,1363980326162,1300,499,311,-989
23,32,1363980327570,32,1363980327650,80,2708,1488,1408
23,66,1363980327898,66,1363980327986,88,328,336,248
23,69,1363980328058,69,1363980328179,121,160,193,72
23,79,1363980328483,79,1363980328515,32,425,336,304
23,8,1363980328835,8,1363980328883,48,352,368,320
23,70,1363980328931,70,1363980329003,72,96,120,48
23,79,1363980329051,79,1363980329155,104,120,152,48
23,82,1363980329139,82,1363980329283,144,88,128,-16
23,69,1363980329227,69,1363980329363,136,88,80,-56
23,85,1363980329492,85,1363980329571,79,265,208,129
23,83,1363980329571,83,1363980329683,112,79,112,0
23,8,1363980329987,8,1363980330035,48,416,352,304
23,8,1363980330147,8,1363980330203,56,160,168,112
23,32,1363980330275,32,1363980330323,48,128,120,72
23,85,1363980330443,85,1363980330571,128,168,248,120
23,83,1363980330603,83,1363980330667,64,160,96,32
23,188,1363980331891,188,1363980331955,64,1288,1288,1224
23,32,1363980332027,32,1363980332091,64,136,136,72
23,87,1363980332163,87,1363980332291,128,136,200,72
23,69,1363980332243,69,1363980332379,136,80,88,-48
23,32,1363980332379,32,1363980332475,96,136,96,0
23,87,1363980332803,87,1363980332915,112,424,440,328
23,69,1363980332915,69,1363980332979,64,112,64,0
23,82,1363980333075,82,1363980333203,128,160,224,96
23,69,1363980333171,69,1363980333307,136,96,104,-32
23,32,1363980333547,32,1363980333619,72,376,312,240
23,65,1363980333739,65,1363980333827,88,192,208,120
23,76,1363980334091,76,1363980334139,48,352,312,264
23,76,1363980334227,76,1363980334323,96,136,184,88
23,32,1363980334411,32,1363980334475,64,184,152,88
23,71,1363980335059,71,1363980335163,104,648,688,584
23,79,1363980335187,79,1363980335331,144,128,168,24
23,73,1363980335299,73,1363980335515,216,112,184,-32
23,78,1363980335419,78,1363980335571,152,120,56,-96
23,71,1363980335683,71,1363980335779,96,264,208,112
23,32,1363980335939,32,1363980336003,64,256,224,160
23,68,1363980336203,68,1363980336259,56,264,256,200
23,73,1363980336395,73,1363980336499,104,192,240,136
23,82,1363980336571,82,1363980336667,96,176,168,72
23,69,1363980336627,69,1363980336731,104,56,64,-40
23,67,1363980336827,67,1363980336923,96,200,192,96
23,84,1363980337043,84,1363980337099,56,216,176,120
23,32,1363980337163,32,1363980337267,104,120,168,64
23,84,1363980337331,84,1363980337395,64,168,128,64
23,79,1363980337395,79,1363980337475,80,64,80,0
23,8,1363980338275,8,1363980338323,48,880,848,800
23,32,1363980338355,32,1363980338427,72,80,104,32
23,16,1363980338483,16,1363980338659,176,128,232,56
23,72,1363980338579,72,1363980338683,104,96,24,-80
23,69,1363980338715,69,1363980338856,141,136,173,32
23,65,1363980338819,65,1363980338963,144,104,107,-37
23,86,1363980339171,86,1363980339235,64,352,272,208
23,69,1363980339315,69,1363980339403,88,144,168,80
23,78,1363980339491,78,1363980339571,80,176,168,88
23,188,1363980339803,188,1363980339859,56,312,288,232
23,32,1363980340635,32,1363980340739,104,832,880,776
23,87,1363980340827,87,1363980340947,120,192,208,88
23,69,1363980340875,69,1363980341011,136,48,64,-72
23,32,1363980341035,32,1363980341115,80,160,104,24
23,87,1363980341243,87,1363980341387,144,208,272,128
23,69,1363980341339,69,1363980341427,88,96,40,-48
23,82,1363980341507,82,1363980341627,120,168,200,80
23,69,1363980341571,69,1363980341747,176,64,120,-56
23,32,1363980341731,32,1363980341803,72,160,56,-16
23,65,1363980341995,65,1363980342099,104,264,296,192
23,76,1363980342267,76,1363980342315,48,272,216,168
23,76,1363980342394,76,1363980342507,113,127,192,79
23,32,1363980342531,32,1363980342594,63,137,87,24
23,71,1363980342659,71,1363980342747,88,128,153,65
23,79,1363980342747,79,1363980342914,167,88,167,0
23,73,1363980342859,73,1363980343075,216,112,161,-55
23,78,1363980342946,78,1363980343106,160,87,31,-129
23,71,1363980343075,71,1363980343146,71,129,40,-31
23,32,1363980343131,32,1363980343243,112,56,97,-15
23,68,1363980343395,68,1363980343482,87,264,239,152
23,73,1363980343683,73,1363980343826,143,288,344,201
23,82,1363980343827,82,1363980343946,119,144,120,1
23,69,1363980343906,69,1363980344011,105,79,65,-40
23,67,1363980344098,67,1363980344186,88,192,175,87
23,84,1363980344314,84,1363980344394,80,216,208,128
23,32,1363980344506,32,1363980344586,80,192,192,112
23,84,1363980344994,84,1363980345066,72,488,480,408
23,72,1363980345122,72,1363980345194,72,128,128,56
23,69,1363980345162,69,1363980345306,144,40,112,-32
23,32,1363980345282,32,1363980345371,89,120,65,-24
23,79,1363980345475,79,1363980345571,96,193,200,104
23,84,1363980345621,84,1363980345685,64,146,114,50
23,72,1363980345757,72,1363980345844,87,136,159,72
23,69,1363980345828,69,1363980345948,120,71,104,-16
23,82,1363980345884,82,1363980346004,120,56,56,-64
23,32,1363980345980,32,1363980346044,64,96,40,-24
23,87,1363980346140,87,1363980346285,145,160,241,96
23,65,1363980346244,65,1363980346412,168,104,127,-41
23,89,1363980346412,89,1363980346500,88,168,88,0
23,190,1363980346756,190,1363980346884,128,344,384,256
23,84,1364503735023,84,1364503735111,88,264,1,-87
23,72,1364503735158,72,1364503735302,144,135,191,47
23,73,1364503735238,73,1364503735358,120,80,56,-64
23,83,1364503735359,83,1364503735422,63,121,64,1
23,32,1364503735558,32,1364503735678,120,199,256,136
23,73,1364503735710,73,1364503735814,104,152,136,32
23,83,1364503735854,83,1364503735966,112,144,152,40
23,32,1364503735942,32,1364503736070,128,88,104,-24
23,84,1364503736174,84,1364503736262,88,232,192,104
23,72,1364503736278,72,1364503736374,96,104,112,16
23,69,1364503736438,69,1364503736534,96,160,160,64
23,32,1364503736486,32,1364503736606,120,48,72,-48
23,70,1364503736734,70,1364503736806,72,248,200,128
23,73,1364503736838,73,1364503736918,80,104,112,32
23,82,1364503736918,82,1364503736974,56,80,56,0
23,83,1364503737086,83,1364503737254,168,168,280,112
23,84,1364503737294,84,1364503737390,96,208,136,40
23,32,1364503737406,32,1364503737502,96,112,112,16
23,84,1364503737566,84,1364503737670,104,160,168,64
23,73,1364503737686,73,1364503737838,152,120,168,16
23,77,1364503737766,77,1364503737886,120,80,48,-72
23,69,1364503737838,69,1364503737934,96,72,48,-48
23,32,1364503737902,32,1364503738006,104,64,72,-32
23,68,1364503738150,68,1364503738238,88,248,232,144
23,79,1364503738238,79,1364503738318,80,88,80,0
23,73,1364503738558,73,1364503738694,136,320,376,240
23,78,1364503738614,78,1364503738718,104,56,24,-80
23,71,1364503738719,71,1364503738798,79,105,80,1
23,32,1364503738926,32,1364503738990,64,207,192,128
23,84,1364503743039,84,1364503743095,56,4113,4105,4049
23,72,1364503743095,72,1364503743183,88,56,88,0
23,73,1364503743151,73,1364503743263,112,56,80,-32
23,83,1364503743191,83,1364503743279,88,40,16,-72
23,32,1364503743303,32,1364503743375,72,112,96,24
23,68,1364503743631,68,1364503743735,104,328,360,256
23,65,1364503743711,65,1364503743815,104,80,80,-24
23,84,1364503743855,84,1364503743983,128,144,168,40
23,65,1364503743943,65,1364503744087,144,88,104,-40
23,32,1364503744079,32,1364503744143,64,136,56,-8
23,67,1364503744343,67,1364503744471,128,264,328,200
23,79,1364503744471,79,1364503744495,24,128,24,0
23,76,1364503744759,76,1364503744839,80,288,344,264
23,69,1364503744823,69,1364503744895,72,64,56,-16
23,67,1364503744935,67,1364503745063,128,112,168,40
23,8,1364503745615,8,1364503745671,56,680,608,552
23,8,1364503745783,8,1364503745847,64,168,176,112
23,76,1364503746103,76,1364503746199,96,320,352,256
23,69,1364503746551,69,1364503746599,48,448,400,352
23,67,1364503746719,67,1364503746783,64,168,184,120
23,84,1364503746950,84,1364503747039,89,231,256,167
23,73,1364503747039,73,1364503747303,264,89,264,0
23,79,1364503747143,79,1364503747335,192,104,32,-160
23,78,1364503747231,78,1364503747399,168,88,64,-104
23,190,1364503747511,190,1364503747607,96,280,208,112
23,32,1364503749616,32,1364503749679,63,2105,2072,2009
23,16,1364503749967,16,1364503750143,176,351,464,288
23,68,1364503750087,68,1364503750182,95,120,39,-56
23,79,1364503750143,79,1364503750238,95,56,56,-39
23,32,1364503750343,32,1364503750390,47,200,152,105
23,78,1364503750663,78,1364503750782,119,320,392,273
23,79,1364503750742,79,1364503750894,152,79,112,-40
23,84,1364503750854,84,1364503750926,72,112,32,-40
23,75,1364503751174,75,1364503751247,73,320,321,248
23,8,1364503751462,8,1364503751526,64,288,279,215
23,32,1364503751559,32,1364503751623,64,97,97,33
23,75,1364503751686,75,1364503751847,161,127,224,63
23,77,1364503751847,77,1364503751950,103,161,103,0
23,78,1364503751848,78,1364503751966,118,1,16,-102
23,79,1364503751870,79,1364503752070,200,22,104,-96
23,87,1364503752054,87,1364503752102,48,184,32,-16
23,83,1364503752055,83,1364503752102,47,1,0,-47
23,8,1364503752326,8,1364503752390,64,271,288,224
23,8,1364503752478,8,1364503752526,48,152,136,88
23,8,1364503752622,8,1364503752686,64,144,160,96
23,8,1364503752782,8,1364503752846,64,160,160,96
23,8,1364503752942,8,1364503752990,48,160,144,96
23,8,1364503753094,8,1364503753142,48,152,152,104
23,75,1364503753806,75,1364503753926,120,712,784,664
23,78,1364503753894,78,1364503754046,152,88,120,-32
23,79,1364503753982,79,1364503754126,144,88,80,-64
23,87,1364503754126,87,1364503754206,80,144,80,0
23,32,1364503754238,32,1364503754318,80,112,112,32
23,87,1364503754918,87,1364503755006,88,680,688,600
23,72,1364503755006,72,1364503755110,104,88,104,0
23,65,1364503755110,65,1364503755238,128,104,128,0
23,84,1364503755182,84,1364503755294,112,72,56,-56
23,32,1364503755294,32,1364503755398,104,112,104,0
23,84,1364503755430,84,1364503755518,88,136,120,32
23,79,1364503755518,79,1364503755582,64,88,64,0
23,32,1364503755622,32,1364503755702,80,104,120,40
23,84,1364503755838,84,1364503755910,72,216,208,136
23,89,1364503756094,89,1364503756190,96,256,280,184
23,80,1364503756270,80,1364503756382,112,176,192,80
23,69,1364503756438,69,1364503756518,80,168,136,56
23,32,1364503756870,32,1364503757046,176,432,528,352
23,73,1364503757830,73,1364503758014,184,960,968,784
23,78,1364503757926,78,1364503758054,128,96,40,-88
23,32,1364503758031,32,1364503758110,79,105,56,-23
23,84,1364503758158,84,1364503758246,88,127,136,48
23,72,1364503758270,72,1364503758382,112,112,136,24
23,73,1364503758358,73,1364503758462,104,88,80,-24
23,83,1364503758502,83,1364503758598,96,144,136,40
23,32,1364503758678,32,1364503758726,48,176,128,80
23,66,1364503758815,66,1364503758911,96,137,185,89
23,79,1364503758943,79,1364503759039,96,128,128,32
23,88,1364503759071,88,1364503759222,151,128,183,32
23,190,1364503759311,190,1364503759439,128,240,217,89
23,32,1364503759551,32,1364503759639,88,240,200,112
23,8,1364503760047,8,1364503760111,64,496,472,408
23,190,1364503760303,190,1364503760351,48,256,240,192
23,190,1364503760455,190,1364503760519,64,152,168,104
23,32,1364503760831,32,1364503760911,80,376,392,312
23,77,1364503761167,77,1364503761247,80,336,336,256
23,65,1364503761263,65,1364503761359,96,96,112,16
23,89,1364503761391,89,1364503761471,80,128,112,32
23,8,1364503762095,8,1364503762143,48,704,672,624
23,8,1364503762408,8,1364503762479,71,313,336,265
23,8,1364503762567,8,1364503762639,72,159,160,88
23,32,1364503763015,32,1364503763079,64,448,440,376
23,8,1364503763543,8,1364503763599,56,528,520,464
23,16,1364503763711,16,1364503763935,224,168,336,112
23,77,1364503763855,77,1364503763935,80,144,0,-80
23,65,1364503764247,65,1364503764343,96,392,408,312
23,89,1364503764399,89,1364503764503,104,152,160,56
23,66,1364503764599,66,1364503764695,96,200,192,96
23,69,1364503764783,69,1364503764886,103,184,191,88
23,32,1364503764871,32,1364503764974,103,88,88,-15
23,74,1364503765095,74,1364503765159,64,224,185,121
23,85,1364503765247,85,1364503765327,80,152,168,88
23,83,1364503765327,83,1364503765423,96,80,96,0
23,84,1364503765471,84,1364503765567,96,144,144,48
23,32,1364503765631,32,1364503765719,88,160,152,64
23,87,1364503768238,87,1364503768310,72,2607,2591,2519
23,82,1364503768646,82,1364503768702,56,408,392,336
23,73,1364503768750,73,1364503768830,80,104,128,48
23,84,1364503768830,84,1364503768935,105,80,105,0
23,69,1364503768935,69,1364503769015,80,105,80,0
23,32,1364503769334,32,1364503769398,64,399,383,319
23,68,1364503769510,68,1364503769574,64,176,176,112
23,79,1364503769606,79,1364503769694,88,96,120,32
23,87,1364503769718,87,1364503769806,88,112,112,24
23,78,1364503769854,78,1364503769918,64,136,112,48
23,32,1364503769958,32,1364503770038,80,104,120,40
23,87,1364503770446,87,1364503770518,72,488,480,408
23,72,1364503770558,72,1364503770614,56,112,96,40
23,65,1364503770678,65,1364503770815,137,120,201,64
23,84,1364503770750,84,1364503770854,104,72,39,-65
23,8,1364503771486,8,1364503771542,56,736,688,632
23,8,1364503771654,8,1364503771702,48,168,160,112
23,8,1364503771822,8,1364503771854,32,168,152,120
23,8,1364503771974,8,1364503772022,48,152,168,120
23,8,1364503772166,8,1364503772190,24,192,168,144
23,32,1364503772590,32,1364503772662,72,424,472,400
23,84,1364503772766,84,1364503772846,80,176,184,104
23,72,1364503772878,72,1364503772966,88,112,120,32
23,69,1364503772934,69,1364503773054,120,56,88,-32
23,32,1364503773022,32,1364503773094,72,88,40,-32
23,84,1364503773246,84,1364503773342,96,224,248,152
23,65,1364503773350,65,1364503773414,64,104,72,8
23,83,1364503773510,83,1364503773590,80,160,176,96
23,75,1364503773590,75,1364503773662,72,80,72,0
23,83,1364503774262,83,1364503774334,72,672,672,600
23,32,1364503774390,32,1364503774494,104,128,160,56
23,70,1364503774614,70,1364503774670,56,224,176,120
23,79,1364503774734,79,1364503774782,48,120,112,64
23,82,1364503774814,82,1364503774910,96,80,128,32
23,32,1364503774910,32,1364503775086,176,96,176,0
23,79,1364503775822,79,1364503775926,104,912,840,736
23,8,1364503776230,8,1364503776295,65,408,369,304
23,84,1364503776343,84,1364503776423,80,113,128,48
23,79,1364503776471,79,1364503776575,104,128,152,48
23,68,1364503776559,68,1364503776695,136,88,120,-16
23,65,1364503776647,65,1364503776751,104,88,56,-48
23,89,1364503776775,89,1364503776847,72,128,96,24
23,190,1364503777031,190,1364503777143,112,256,296,184
23,13,1364503777383,13,1364503777447,64,352,304,240
23,16,1364503778055,16,1364503778247,192,672,800,608
23,70,1364503778151,70,1364503778247,96,96,0,-96
23,73,1364503778247,73,1364503778343,96,96,96,0
23,83,1364503778711,83,1364503778799,88,464,456,368
23,84,1364503779135,84,1364503779230,95,424,431,336
23,8,1364503779559,8,1364503779599,40,424,369,329
23,82,1364503779767,82,1364503779855,88,208,256,168
23,84,1364503779975,84,1364503780055,80,208,200,120
23,32,1364503780383,32,1364503780439,56,408,384,328
23,8,1364503780847,8,1364503780895,48,464,456,408
23,76,1364503781071,76,1364503781263,192,224,368,176
23,89,1364503781304,89,1364503781408,104,233,145,41
23,188,1364503781647,188,1364503781751,104,343,343,239
23,8,1364503782255,8,1364503782311,56,608,560,504
23,8,1364503782415,8,1364503782487,72,160,176,104
23,8,1364503782599,8,1364503782655,56,184,168,112
23,8,1364503782767,8,1364503782839,72,168,184,112
23,8,1364503782935,8,1364503782983,48,168,144,96
23,8,1364503783095,8,1364503783159,64,160,176,112
23,82,1364503783407,82,1364503783495,88,312,336,248
23,83,1364503783711,83,1364503783814,103,304,319,216
23,84,1364503783878,84,1364503783950,72,167,136,64
23,76,1364503784023,76,1364503784190,167,145,240,73
23,89,1364503784142,89,1364503784230,88,119,40,-48
23,188,1364503784398,188,1364503784494,96,256,264,168
23,32,1364503784591,32,1364503784656,65,193,162,97
23,87,1364503784822,87,1364503784910,88,231,254,166
23,82,1364503785231,82,1364503785310,79,409,400,321
23,73,1364503785375,73,1364503785494,119,144,184,65
23,84,1364503785535,84,1364503785622,87,160,128,41
23,69,1364503785702,69,1364503785790,88,167,168,80
23,32,1364503785838,32,1364503785926,88,136,136,48
23,68,1364503786006,68,1364503786063,57,168,137,80
23,79,1364503786063,79,1364503786127,64,57,64,0
23,87,1364503786198,87,1364503786286,88,135,159,71
23,78,1364503786326,78,1364503786398,72,128,112,40
23,8,1364503788487,8,1364503788574,87,2161,2176,2089
23,8,1364503788710,8,1364503788766,56,223,192,136
23,8,1364503788910,8,1364503788966,56,200,200,144
23,8,1364503789110,8,1364503789166,56,200,200,144
23,8,1364503789302,8,1364503789358,56,192,192,136
23,8,1364503789502,8,1364503789550,48,200,192,144
23,8,1364503789670,8,1364503789726,56,168,176,120
23,8,1364503789854,8,1364503789910,56,184,184,128
23,8,1364503790030,8,1364503790078,48,176,168,120
23,8,1364503790190,8,1364503790262,72,160,184,112
23,70,1364503793406,70,1364503793494,88,3216,3232,3144
23,73,1364503793494,73,1364503793622,128,88,128,0
23,78,1364503794335,78,1364503794463,128,841,841,713
23,73,1364503794383,73,1364503794527,144,48,64,-80
23,83,1364503794487,83,1364503794575,88,104,48,-40
23,72,1364503794599,72,1364503794703,104,112,128,24
23,32,1364503794791,32,1364503794847,56,192,144,88
23,80,1364503805350,80,1364503805430,80,10559,10583,10503
23,65,1364503805431,65,1364503805502,71,81,72,1
23,82,1364503805551,82,1364503805646,95,120,144,49
23,84,1364503805734,84,1364503805838,104,183,192,88
23,73,1364503805886,73,1364503805974,88,152,136,48
23,65,1364503806126,65,1364503806182,56,240,208,152
23,76,1364503806238,76,1364503806350,112,112,168,56
23,32,1364503806318,32,1364503806430,112,80,80,-32
23,80,1364503806526,80,1364503806606,80,208,176,96
23,65,1364503806590,65,1364503806678,88,64,72,-16
23,82,1364503806710,82,1364503806774,64,120,96,32
23,83,1364503806894,83,1364503806990,96,184,216,120
23,73,1364503807038,73,1364503807142,104,144,152,48
23,78,1364503807102,78,1364503807206,104,64,64,-40
23,71,1364503807190,71,1364503807262,72,88,56,-16
23,190,1364503807358,190,1364503807462,104,168,200,96
23,68,1364824635663,68,1364824635759,96,152,48,-48
23,65,1364824635935,65,1364824636095,160,272,336,176
23,82,1364824636207,82,1364824636343,136,272,248,112
23,8,1364824636559,8,1364824636623,64,352,280,216
23,8,1364824636719,8,1364824636799,80,160,176,96
23,69,1364824636815,69,1364824636967,152,96,168,16
23,65,1364824636911,65,1364824637015,104,96,48,-56
23,82,1364824637016,82,1364824637119,103,105,104,1
23,32,1364824637199,32,1364824637287,88,183,168,80
23,82,1364824637639,82,1364824637743,104,440,456,352
23,79,1364824637743,79,1364824637911,168,104,168,0
23,70,1364824637855,70,1364824637991,136,112,80,-56
23,69,1364824637935,69,1364824638023,88,80,32,-56
23,83,1364824638143,83,1364824638207,64,208,184,120
23,83,1364824638263,83,1364824638383,120,120,176,56
23,79,1364824638479,79,1364824638583,104,216,200,96
23,82,1364824638583,82,1364824638671,88,104,88,0
23,32,1364824638671,32,1364824638767,96,88,96,0
23,8,1364824639591,8,1364824639679,88,920,912,824
23,16,1364824639735,16,1364824639935,200,144,256,56
23,89,1364824639831,89,1364824639935,104,96,0,-104
23,65,1364824640031,65,1364824640143,112,200,208,96
23,78,1364824640143,78,1364824640247,104,112,104,0
23,71,1364824640303,71,1364824640391,88,160,144,56
23,188,1364824640999,188,1364824641055,56,696,664,608
23,13,1364824641207,13,1364824641279,72,208,224,152
23,32,1364824641415,32,1364824641519,104,208,240,136
23,32,1364824641575,32,1364824641687,112,160,168,56
23,72,1364824643207,72,1364824643287,80,1632,1600,1520
23,73,1364824643351,73,1364824643447,96,144,160,64
23,83,1364824643463,83,1364824643599,136,112,152,16
23,32,1364824643647,32,1364824643719,72,184,120,48
23,73,1364824643951,73,1364824644047,96,304,328,232
23,83,1364824644127,83,1364824644215,88,176,168,80
23,32,1364824644279,32,1364824644367,88,152,152,64
23,16,1364824644447,16,1364824644591,144,168,224,80
23,76,1364824644551,76,1364824644695,144,104,104,-40
23,65,1364824644695,65,1364824644830,135,144,135,0
23,78,1364824644799,78,1364824644895,96,104,65,-31
23,66,1364824644951,66,1364824645007,56,152,112,56
23,79,1364824645039,79,1364824645134,95,88,127,32
23,188,1364824645287,188,1364824645407,120,248,273,153
23,8,1364824646239,8,1364824647070,831,952,1663,832
23,8,1364824646738,8,1364824647287,549,499,217,-332
23,8,1364824646771,8,1364824647454,683,33,167,-516
23,89,1364824650430,89,1364824650486,56,3659,3032,2976
23,32,1364824650550,32,1364824650646,96,120,160,64
23,78,1364824650728,78,1364824650839,111,178,193,82
23,65,1364824650935,65,1364824650991,56,207,152,96
23,77,1364824651135,77,1364824651239,104,200,248,144
23,69,1364824651239,69,1364824651367,128,104,128,0
23,32,1364824651335,32,1364824651447,112,96,80,-32
23,73,1364824651735,73,1364824651823,88,400,376,288
23,83,1364824651847,83,1364824651975,128,112,152,24
23,32,1364824651959,32,1364824652087,128,112,112,-16
23,16,1364824652463,16,1364824652615,152,504,528,376
23,76,1364824652575,76,1364824652727,152,112,112,-40
23,65,1364824652727,65,1364824652839,112,152,112,0
23,78,1364824652839,78,1364824652903,64,112,64,0
23,66,1364824652967,66,1364824653047,80,128,144,64
23,79,1364824653047,79,1364824653103,56,80,56,0
23,188,1364824653271,188,1364824653367,96,224,264,168
23,8,1364824653615,8,1364824653679,64,344,312,248
23,190,1364824654124,190,1364824654175,51,509,496,445
23,32,1364824654311,32,1364824654391,80,187,216,136
23,32,1364824654967,32,1364824655055,88,656,664,576
23,72,1364824655151,72,1364824655207,56,184,152,96
23,65,1364824655263,65,1364824655383,120,112,176,56
23,86,1364824655447,86,1364824655575,128,184,192,64
23,69,1364824655575,69,1364824655719,144,128,144,0
23,32,1364824655735,32,1364824655823,88,160,104,16
23,67,1364824656391,67,1364824656519,128,656,696,568
23,79,1364824656448,79,1364824656567,119,57,48,-71
23,85,1364824656519,85,1364824656663,144,71,96,-48
23,80,1364824656663,80,1364824656775,112,144,112,0
23,76,1364824656871,76,1364824656999,128,208,224,96
23,69,1364824656967,69,1364824657095,128,96,96,-32
23,32,1364824657055,32,1364824657175,120,88,80,-40
23,79,1364824657143,79,1364824657215,72,88,40,-32
23,70,1364824657279,70,1364824657351,72,136,136,64
23,32,1364824657375,32,1364824657479,104,96,128,24
23,81,1364824657671,81,1364824657727,56,296,248,192
23,85,1364824657759,85,1364824657839,80,88,112,32
23,69,1364824657911,69,1364824657983,72,152,144,72
23,83,1364824658103,83,1364824658191,88,192,208,120
23,84,1364824658303,84,1364824658367,64,200,176,112
23,73,1364824658399,73,1364824658639,240,96,272,32
23,79,1364824658471,79,1364824658663,192,72,24,-168
23,78,1364824658527,78,1364824658663,136,56,0,-136
23,83,1364824658935,83,1364824659023,88,408,360,272
23,32,1364824659087,32,1364824659159,72,152,136,64
23,66,1364824659631,66,1364824659663,32,544,504,472
23,65,1364824659831,65,1364824659895,64,200,232,168
23,8,1364824660183,8,1364824660239,56,352,344,288
23,8,1364824660335,8,1364824660431,96,152,192,96
23,65,1364824660431,65,1364824660535,104,96,104,0
23,66,1364824660591,66,1364824660687,96,160,152,56
23,79,1364824660711,79,1364824660935,224,120,248,24
23,85,1364824660823,85,1364824660935,112,112,0,-112
23,84,1364824660911,84,1364824661007,96,88,72,-24
23,32,1364824661167,32,1364824661207,40,256,200,160
23,72,1364824661695,72,1364824661775,80,528,568,488
23,79,1364824661751,79,1364824661943,192,56,168,-24
23,77,1364824661919,77,1364824662023,104,168,80,-24
23,69,1364824662023,69,1364824662159,136,104,136,0
23,32,1364824662159,32,1364824662247,88,136,88,0
23,8,1364824662575,8,1364824662638,63,416,391,328
23,87,1364824662687,87,1364824662751,64,112,113,49
23,79,1364824662823,79,1364824662918,95,136,167,72
23,82,1364824662894,82,1364824662974,80,71,56,-24
23,68,1364824663095,68,1364824663206,111,201,232,121
23,8,1364824663495,8,1364824663574,79,400,368,289
23,75,1364824663927,75,1364824664014,87,432,440,353
23,32,1364824664142,32,1364824664246,104,215,232,128
23,52,1364824664462,52,1364824664542,80,320,296,216
23,190,1364824664862,190,1364824664910,48,400,368,320
23,32,1364824665014,32,1364824665086,72,152,176,104
23,16,1364824665190,16,1364824665454,264,176,368,104
23,73,1364824665374,73,1364824665455,81,184,1,-80
23,32,1364824665526,32,1364824665606,80,152,151,71
23,87,1364824666086,87,1364824666166,80,560,560,480
23,79,1364824666182,79,1364824666382,200,96,216,16
23,78,1364824666262,78,1364824666382,120,80,0,-120
23,68,1364824666383,68,1364824666438,55,121,56,1
23,69,1364824666558,69,1364824666694,136,175,256,120
23,82,1364824666646,82,1364824666766,120,88,72,-48
23,32,1364824666767,32,1364824666854,87,121,88,1
23,68,1364824667047,68,1364824667118,71,280,264,193
23,79,1364824667134,79,1364824667214,80,87,96,16
23,89,1364824667278,89,1364824667350,72,144,136,64
23,32,1364824667846,32,1364824667918,72,568,568,496
23,8,1364824668118,8,1364824668191,73,272,273,200
23,8,1364824668271,8,1364824668359,88,153,168,80
23,32,1364824668391,32,1364824668463,72,120,104,32
23,89,1364824668583,89,1364824668672,89,192,209,120
23,79,1364824668656,79,1364824668919,263,73,247,-16
23,85,1364824668815,85,1364824668919,104,159,0,-104
23,32,1364824668983,32,1364824669071,88,168,152,64
23,72,1364824669047,72,1364824669143,96,64,72,-24
23,65,1364824669183,65,1364824669319,136,136,176,40
23,86,1364824669343,86,1364824669463,120,160,144,24
23,69,1364824669423,69,1364824669519,96,80,56,-40
23,32,1364824669464,32,1364824669591,127,41,72,-55
23,67,1364824670639,67,1364824670751,112,1175,1160,1048
23,79,1364824670719,79,1364824670887,168,80,136,-32
23,85,1364824670807,85,1364824670967,160,88,80,-80
23,80,1364824670935,80,1364824671063,128,128,96,-32
23,76,1364824671135,76,1364824671279,144,200,216,72
23,69,1364824671223,69,1364824671375,152,88,96,-56
23,32,1364824671327,32,1364824671431,104,104,56,-48
23,79,1364824671455,79,1364824671543,88,128,112,24
23,70,1364824671551,70,1364824671631,80,96,88,8
23,32,1364824671631,32,1364824671759,128,80,128,0
23,77,1364824672159,77,1364824672287,128,528,528,400
23,73,1364824672255,73,1364824672431,176,96,144,-32
23,78,1364824672407,78,1364824672503,96,152,72,-24
23,85,1364824672615,85,1364824672695,80,208,192,112
23,84,1364824672743,84,1364824672831,88,128,136,48
23,69,1364824672783,69,1364824672895,112,40,64,-48
23,83,1364824673023,83,1364824673151,128,240,256,128
23,32,1364824673279,32,1364824673359,80,256,208,128
23,8,1364824673735,8,1364824673799,64,456,440,376
23,188,1364824674159,188,1364824674247,88,424,448,360
23,32,1364824674303,32,1364824674351,48,144,104,56
23,83,1364824674791,83,1364824674903,112,488,552,440
23,79,1364824674919,79,1364824675007,88,128,104,16
23,32,1364824675023,32,1364824675111,88,104,104,16
23,84,1364824675175,84,1364824675239,64,152,128,64
23,72,1364824675287,72,1364824675367,80,112,128,48
23,65,1364824675399,65,1364824675561,162,112,194,32
23,84,1364824675561,84,1364824675679,118,162,118,0
23,32,1364824675655,32,1364824675759,104,94,80,-24
23,16,1364824675967,16,1364824676143,176,312,384,208
23,73,1364824676095,73,1364824676175,80,128,32,-48
23,32,1364824676223,32,1364824676319,96,128,144,48
23,67,1364824676415,67,1364824676559,144,192,240,96
23,65,1364824676495,65,1364824676656,161,80,97,-64
23,78,1364824676735,78,1364824676831,96,240,175,79
23,32,1364824676911,32,1364824676991,80,176,160,80
23,67,1364824678143,67,1364824678263,120,1232,1272,1152
23,8,1364824679511,8,1364824679558,47,1368,1295,1248
23,67,1364824680975,67,1364824681095,120,1464,1537,1417
23,79,1364824681095,79,1364824681279,184,120,184,0
23,77,1364824681182,77,1364824681319,137,87,40,-97
23,69,1364824681279,69,1364824681375,96,97,56,-40
23,32,1364824681375,32,1364824681510,135,96,135,0
23,84,1364824681598,84,1364824681678,80,223,168,88
23,79,1364824681711,79,1364824681814,103,113,136,33
23,32,1364824681798,32,1364824681886,88,87,72,-16
23,65,1364824681958,65,1364824682086,128,160,200,72
23,83,1364824682126,83,1364824682263,137,168,177,40
23,75,1364824682295,75,1364824682414,119,169,151,32
23,32,1364824682486,32,1364824682566,80,191,152,72
23,89,1364824682670,89,1364824682790,120,184,224,104
23,79,1364824682750,79,1364824682974,224,80,184,-40
23,85,1364824682902,85,1364824682998,96,152,24,-72
23,190,1364824683134,190,1364824683262,128,232,264,136
23,32,1364824683630,32,1364824683734,104,496,472,368
23,72,1364824684222,72,1364824684302,80,592,568,488
23,83,1364824684510,83,1364824684630,120,288,328,208
23,32,1364824684679,32,1364824684742,63,169,112,49
23,8,1364824685014,8,1364824685054,40,335,312,272
23,8,1364824685158,8,1364824685238,80,144,184,104
23,69,1364824685606,69,1364824685687,81,448,449,368
23,32,1364824685719,32,1364824685839,120,113,152,32
23,70,1364824687287,70,1364824687335,48,1568,1496,1448
23,73,1364824687383,73,1364824687463,80,96,128,48
23,83,1364824687655,83,1364824687727,72,272,264,192
23,8,1364824687983,8,1364824688047,64,328,320,256
23,82,1364824688047,82,1364824688119,72,64,72,0
23,83,1364824688159,83,1364824688327,168,112,208,40
23,84,1364824688303,84,1364824688415,112,144,88,-24
23,32,1364824688439,32,1364824688503,64,136,88,24
23,79,1364824688727,79,1364824688879,152,288,376,224
23,78,1364824688783,78,1364824688919,136,56,40,-96
23,69,1364824688880,69,1364824689031,151,97,112,-39
23,32,1364824688999,32,1364824689095,96,119,64,-32
23,73,1364824689135,73,1364824689207,72,136,112,40
23,83,1364824689255,83,1364824689407,152,120,200,48
23,32,1364824689407,32,1364824689479,72,152,72,0
23,65,1364824689559,65,1364824689663,104,152,184,80
23,66,1364824689703,66,1364824689807,104,144,144,40
23,79,1364824689808,79,1364824689975,167,105,168,1
23,85,1364824689919,85,1364824690007,88,111,32,-56
23,84,1364824689976,84,1364824690039,63,57,32,-31
23,32,1364824690103,32,1364824690223,120,127,184,64
23,84,1364824690223,84,1364824690319,96,120,96,0
23,72,1364824690319,72,1364824690399,80,96,80,0
23,69,1364824690423,69,1364824690559,136,104,160,24
23,32,1364824690559,32,1364824690647,88,136,88,0
23,73,1364824690967,73,1364824691015,48,408,368,320
23,8,1364824691343,8,1364824691399,56,376,384,328
23,70,1364824691471,70,1364824691543,72,128,144,72
23,73,1364824691591,73,1364824691687,96,120,144,48
23,82,1364824691639,82,1364824691727,88,48,40,-48
23,84,1364824691823,84,1364824691903,80,184,176,96
23,83,1364824691991,83,1364824692127,136,168,224,88
23,84,1364824692127,84,1364824692247,120,136,120,0
23,32,1364824692279,32,1364824692351,72,152,104,32
23,81,1364824692503,81,1364824692575,72,224,224,152
23,85,1364824692599,85,1364824692679,80,96,104,24
23,69,1364824692711,69,1364824692823,112,112,144,32
23,8,1364824693207,8,1364824693271,64,496,448,384
23,8,1364824693383,8,1364824693447,64,176,176,112
23,8,1364824693543,8,1364824693607,64,160,160,96
23,8,1364824693703,8,1364824693767,64,160,160,96
23,8,1364824693871,8,1364824693919,48,168,152,104
23,8,1364824694015,8,1364824694087,72,144,168,96
23,8,1364824694463,8,1364824694519,56,448,432,376
23,83,1364824694567,83,1364824694727,160,104,208,48
23,84,1364824694751,84,1364824694847,96,184,120,24
23,32,1364824694959,32,1364824695047,88,208,200,112
23,81,1364824695375,81,1364824695415,40,416,368,328
23,85,1364824695631,85,1364824695719,88,256,304,216
23,69,1364824695719,69,1364824695799,80,88,80,0
23,83,1364824695895,83,1364824696015,120,176,216,96
23,73,1364824696215,73,1364824696479,264,320,464,200
23,8,1364824696647,8,1364824696719,72,432,240,168
23,8,1364824696807,8,1364824696879,72,160,160,88
23,8,1364824696967,8,1364824697039,72,160,160,88
23,84,1364824697143,84,1364824697239,96,176,200,104
23,73,1364824697239,73,1364824697487,248,96,248,0
23,79,1364824697303,79,1364824697487,184,64,0,-184
23,78,1364824697399,78,1364824697511,112,96,24,-88
23,190,1364824697623,190,1364824697743,120,224,232,112
23,13,1364824697903,13,1364824697974,71,280,231,160
23,13,1364824698262,13,1364824698342,80,359,368,288
23,16,1364824698630,16,1364824698919,289,368,577,288
23,66,1364824698791,66,1364824698942,151,161,23,-128
23,69,1364824698919,69,1364824699135,216,128,193,-23
23,83,1364824699135,83,1364824699238,103,216,103,0
23,84,1364824699254,84,1364824699390,136,119,152,16
23,32,1364824699366,32,1364824699471,105,112,81,-24
23,82,1364824699543,82,1364824699654,111,177,183,72
23,69,1364824699607,69,1364824699718,111,64,64,-47
23,71,1364824699791,71,1364824699886,95,184,168,73
23,83,1364824700014,83,1364824700054,40,223,168,128
23,8,1364824700398,8,1364824700494,96,384,440,344
23,65,1364824700590,65,1364824700694,104,192,200,96
23,82,1364824700718,82,1364824700814,96,128,120,24
23,68,1364824700934,68,1364824701046,112,216,232,120
23,83,1364824701142,83,1364824701254,112,208,208,96
23,188,1364824701278,188,1364824701374,96,136,120,24
23,13,1364824701511,13,1364824701590,79,233,216,137
23,16,1364824701670,16,1364824701854,184,159,264,80
23,76,1364824701782,76,1364824701934,152,112,80,-72
23,65,1364824701935,65,1364824702102,167,153,168,1
23,78,1364824702103,78,1364824702150,47,168,48,1
23,66,1364824702246,66,1364824702334,88,143,184,96
23,79,1364824702382,79,1364824702462,80,136,128,48
23,84,1364936780819,84,1364936780907,88,95,32,-56
23,72,1364936780907,72,1364936781035,128,88,128,0
23,73,1364936780987,73,1364936781107,120,80,72,-48
23,83,1364936781035,83,1364936781155,120,48,48,-72
23,32,1364936781243,32,1364936781315,72,208,160,88
23,73,1364936781435,73,1364936781523,88,192,208,120
23,83,1364936781475,83,1364936781587,112,40,64,-48
23,32,1364936781587,32,1364936781667,80,112,80,0
23,84,1364936781723,84,1364936781803,80,136,136,56
23,72,1364936781835,72,1364936781923,88,112,120,32
23,69,1364936781883,69,1364936782003,120,48,80,-40
23,32,1364936781963,32,1364936782051,88,80,48,-40
23,84,1364936782243,84,1364936782307,64,280,256,192
23,89,1364936782395,89,1364936782451,56,152,144,88
23,80,1364936782427,80,1364936782587,160,32,136,-24
23,69,1364936783163,69,1364936783235,72,736,648,576
23,32,1364936783259,32,1364936783387,128,96,152,24
23,68,1364936783483,68,1364936783579,96,224,192,96
23,65,1364936783555,65,1364936783659,104,72,80,-24
23,84,1364936783699,84,1364936783811,112,144,152,40
23,65,1364936783811,65,1364936783915,104,112,104,0
23,32,1364936783891,32,1364936783955,64,80,40,-24
23,70,1364936784099,70,1364936784171,72,208,216,144
23,79,1364936784235,79,1364936784307,72,136,136,64
23,82,1364936784307,82,1364936784363,56,72,56,0
23,32,1364936784475,32,1364936784571,96,168,208,112
23,84,1364936785610,84,1364936785698,88,1135,1127,1039
23,79,1364936785699,79,1364936785794,95,89,96,1
23,68,1364936785842,68,1364936785970,128,143,176,48
23,65,1364936785954,65,1364936786074,120,112,104,-16
23,89,1364936786066,89,1364936786139,73,112,65,-8
23,190,1364936786298,190,1364936786395,97,232,256,159
23,32,1364936786490,32,1364936786538,48,192,143,95
23,16,1364936789554,16,1364936789730,176,3064,3192,3016
23,80,1364936789658,80,1364936789754,96,104,24,-72
23,82,1364936789786,82,1364936789922,136,128,168,32
23,69,1364936789858,69,1364936789995,137,72,73,-64
23,83,1364936790603,83,1364936790699,96,745,704,608
23,69,1364936790643,69,1364936790763,120,40,64,-56
23,78,1364936790811,78,1364936790915,104,168,152,48
23,84,1364936790915,84,1364936790979,64,104,64,0
23,65,1364936790963,65,1364936791067,104,48,88,-16
23,84,1364936791163,84,1364936791235,72,200,168,96
23,73,1364936791235,73,1364936791459,224,72,224,0
23,79,1364936791307,79,1364936791475,168,72,16,-152
23,78,1364936791387,78,1364936791523,136,80,48,-88
23,32,1364936791539,32,1364936791603,64,152,80,16
23,83,1364936791843,83,1364936791907,64,304,304,240
23,84,1364936791995,84,1364936792059,64,152,152,88
23,82,1364936792179,82,1364936792259,80,184,200,120
23,85,1364936792315,85,1364936792403,88,136,144,56
23,67,1364936792723,67,1364936792811,88,408,408,320
23,85,1364936793027,85,1364936793091,64,304,280,216
23,8,1364936793395,8,1364936793459,64,368,368,304
23,84,1364936793459,84,1364936793531,72,64,72,0
23,85,1364936793611,85,1364936793691,80,152,160,80
23,82,1364936793675,82,1364936793795,120,64,104,-16
23,69,1364936793723,69,1364936793843,120,48,48,-72
23,32,1364936793827,32,1364936793931,104,104,88,-16
23,70,1364936794043,70,1364936794115,72,216,184,112
23,79,1364936794155,79,1364936794227,72,112,112,40
23,82,1364936794227,82,1364936794283,56,72,56,0
23,32,1364936794747,32,1364936794811,64,520,528,464
23,77,1364936796275,77,1364936796375,100,1528,1564,1464
23,69,1364936796347,69,1364936796435,88,72,60,-28
23,71,1364936796499,71,1364936796595,96,152,160,64
23,8,1364936797019,8,1364936797083,64,520,488,424
23,84,1364936797411,84,1364936797483,72,392,400,328
23,8,1364936797875,8,1364936797939,64,464,456,392
23,8,1364936798035,8,1364936798107,72,160,168,96
23,8,1364936798203,8,1364936798259,56,168,152,96
23,78,1364936798635,78,1364936798747,112,432,488,376
23,69,1364936798747,69,1364936798827,80,112,80,0
23,84,1364936798827,84,1364936798907,80,80,80,0
23,87,1364936799299,87,1364936799371,72,472,464,392
23,79,1364936799371,79,1364936799459,88,72,88,0
23,82,1364936799459,82,1364936799539,80,88,80,0
23,75,1364936799619,75,1364936799739,120,160,200,80
23,32,1364936799803,32,1364936799891,88,184,152,64
23,83,1364936799979,83,1364936800123,144,176,232,88
23,69,1364936800027,69,1364936800179,152,48,56,-96
23,81,1364936800419,81,1364936800507,88,392,328,240
23,85,1364936800507,85,1364936800595,88,88,88,0
23,82,1364936801339,82,1364936801419,80,832,824,744
23,73,1364936801419,73,1364936801498,79,80,79,0
23,84,1364936801547,84,1364936801595,48,128,97,49
23,89,1364936801595,89,1364936801714,119,48,119,0
23,190,1364936802218,190,1364936802339,121,623,625,504
23,8,1364936803163,8,1364936803218,55,945,879,824
23,8,1364936803314,8,1364936803394,80,151,176,96
23,8,1364936803498,8,1364936803562,64,184,168,104
23,8,1364936803682,8,1364936803747,65,184,185,120
23,8,1364936803866,8,1364936803946,80,184,199,119
23,82,1364936806291,82,1364936806386,95,2425,2440,2345
23,73,1364936806387,73,1364936806482,95,96,96,1
23,84,1364936806546,84,1364936806578,32,159,96,64
23,89,1364936807122,89,1364936807194,72,576,616,544
23,190,1364936807363,190,1364936807467,104,241,273,169
23,32,1364936807675,32,1364936807739,64,312,272,208
23,16,1364936808387,16,1364936808555,168,712,816,648
23,70,1364936808483,70,1364936808587,104,96,32,-72
23,73,1364936808523,73,1364936808627,104,40,40,-64
23,82,1364936808691,82,1364936808763,72,168,136,64
23,83,1364936808939,83,1364936809011,72,248,248,176
23,84,1364936809075,84,1364936809171,96,136,160,64
23,8,1364936809331,8,1364936809403,72,256,232,160
23,8,1364936809507,8,1364936809555,48,176,152,104
23,8,1364936809643,8,1364936809715,72,136,160,88
23,8,1364936809795,8,1364936809875,80,152,160,80
23,73,1364936810003,73,1364936810115,112,208,240,128
23,82,1364936810115,82,1364936810163,48,112,48,0
23,83,1364936810235,83,1364936810347,112,120,184,72
23,84,1364936810371,84,1364936810459,88,136,112,24
23,76,1364936810555,76,1364936810707,152,184,248,96
23,89,1364936810675,89,1364936810779,104,120,72,-32
23,188,1364936810955,188,1364936811035,80,280,256,176
23,32,1364936811115,32,1364936811171,56,160,136,80
23,77,1364936812547,77,1364936812683,136,1432,1512,1376
23,79,1364936812627,79,1364936812771,144,80,88,-56
23,84,1364936812739,84,1364936812835,96,112,64,-32
23,73,1364936812835,73,1364936812971,136,96,136,0
23,86,1364936813099,86,1364936813187,88,264,216,128
23,65,1364936813147,65,1364936813291,144,48,104,-40
23,84,1364936813483,84,1364936813547,64,336,256,192
23,73,1364936813563,73,1364936813779,216,80,232,16
23,79,1364936813635,79,1364936813811,176,72,32,-144
23,78,1364936813691,78,1364936813811,120,56,0,-120
23,32,1364936813811,32,1364936813867,56,120,56,0
23,70,1364936813995,70,1364936814059,64,184,192,128
23,79,1364936814059,79,1364936814123,64,64,64,0
23,82,1364936814171,82,1364936814235,64,112,112,48
23,32,1364936814259,32,1364936814355,96,88,120,24
23,84,1364936814907,84,1364936815003,96,648,648,552
23,72,1364936815003,72,1364936815075,72,96,72,0
23,69,1364936815051,69,1364936815179,128,48,104,-24
23,32,1364936815131,32,1364936815227,96,80,48,-48
23,80,1364936815995,80,1364936816083,88,864,856,768
23,82,1364936816107,82,1364936816195,88,112,112,24
23,79,1364936816235,79,1364936816331,96,128,136,40
23,66,1364936816331,66,1364936816427,96,96,96,0
23,76,1364936816475,76,1364936816571,96,144,144,48
23,69,1364936816611,69,1364936816691,80,136,120,40
23,77,1364936816755,77,1364936816883,128,144,192,64
23,190,1364936817147,190,1364936817251,104,392,368,264
23,32,1364936817675,32,1364936817779,104,528,528,424
23,16,1364936817899,16,1364936818179,280,224,400,120
23,83,1364936818035,83,1364936818179,144,136,0,-144
23,69,1364936818180,69,1364936818291,111,145,112,1
23,67,1364936818427,67,1364936818539,112,247,248,136
23,79,1364936818539,79,1364936818683,144,112,144,0
23,78,1364936818595,78,1364936818715,120,56,32,-88
23,68,1364936818667,68,1364936818739,72,72,24,-48
23,76,1364936819027,76,1364936819163,136,360,424,288
23,89,1364936819147,89,1364936819235,88,120,72,-16
23,188,1364936819746,188,1364936819842,96,599,607,511
23,32,1364936820018,32,1364936820066,48,272,224,176
23,84,1364936821202,84,1364936821298,96,1184,1232,1136
23,72,1364936821290,72,1364936821378,88,88,80,-8
23,69,1364936821354,69,1364936821466,112,64,88,-24
23,32,1364936821402,32,1364936821515,113,48,49,-64
23,76,1364936821547,76,1364936821754,207,145,239,32
23,73,1364936821619,73,1364936821770,151,72,16,-135
23,77,1364936821794,77,1364936821970,176,175,200,24
23,73,1364936821922,73,1364936822091,169,128,121,-48
23,84,1364936822258,84,1364936822315,57,336,224,167
23,65,1364936822315,65,1364936822386,71,57,71,0
23,84,1364936822450,84,1364936822538,88,135,152,64
23,73,1364936822506,73,1364936822682,176,56,144,-32
23,79,1364936822570,79,1364936822722,152,64,40,-112
23,78,1364936822650,78,1364936822762,112,80,40,-72
23,32,1364936822763,32,1364936822818,55,113,56,1
23,79,1364936822842,79,1364936822955,113,79,137,24
23,70,1364936822987,70,1364936823083,96,145,128,32
23,32,1364936823555,32,1364936823642,87,568,559,472
23,80,1364936823698,80,1364936823794,96,143,152,56
23,82,1364936823842,82,1364936823906,64,144,112,48
23,69,1364936824162,69,1364936824202,40,320,296,256
23,8,1364936824626,8,1364936824674,48,464,472,424
23,73,1364936824818,73,1364936824890,72,192,216,144
23,8,1364936826163,8,1364936826235,72,1345,1345,1273
23,69,1364936826308,69,1364936826363,55,145,128,73
23,86,1364936826563,86,1364936826635,72,255,272,200
23,73,1364936826691,73,1364936826811,120,128,176,56
23,79,1364936826795,79,1364936827027,232,104,216,-16
23,85,1364936826931,85,1364936827043,112,136,16,-96
23,83,1364936827083,83,1364936827171,88,152,128,40
23,76,1364936827251,76,1364936827363,112,168,192,80
23,8,1364936827571,8,1364936827643,72,320,280,208
23,32,1364936827675,32,1364936827755,80,104,112,32
23,87,1364936827803,87,1364936827875,72,128,120,48
23,79,1364936827875,79,1364936827987,112,72,112,0
23,82,1364936827988,82,1364936828051,63,113,64,1
23,75,1364936828347,75,1364936828428,81,359,377,296
23,190,1364936828563,190,1364936828667,104,216,239,135
23,32,1364936828731,32,1364936828803,72,168,136,64
23,72,1364936829859,72,1364936829971,112,1128,1168,1056
23,73,1364936829931,73,1364936830075,144,72,104,-40
23,82,1364936830059,82,1364936830171,112,128,96,-16
23,68,1364936830595,68,1364936830691,96,536,520,424
23,188,1364936830963,188,1364936831083,120,368,392,272
23,32,1364936831179,32,1364936831259,80,216,176,96
23,80,1364936831411,80,1364936831491,80,232,232,152
23,82,1364936831523,82,1364936831595,72,112,104,32
23,79,1364936831619,79,1364936831747,128,96,152,24
23,80,1364936832587,80,1364936832723,136,968,976,840
23,79,1364936832675,79,1364936832851,176,88,128,-48
23,83,1364936832787,83,1364936832875,88,112,24,-64
23,69,1364936833339,69,1364936833427,88,552,552,464
23,76,1364936833523,76,1364936833619,96,184,192,96
23,32,1364936833667,32,1364936833739,72,144,120,48
23,65,1364936834307,65,1364936834363,56,640,624,568
23,8,1364936834699,8,1364936834763,64,392,400,336
23,8,1364936834867,8,1364936834923,56,168,160,104
23,8,1364936835139,8,1364936835219,80,272,296,216
23,68,1364936835443,68,1364936835515,72,304,296,224
23,32,1364936835587,32,1364936835667,80,144,152,72
23,65,1364936836147,65,1364936836211,64,560,544,480
23,80,1364936836291,80,1364936836339,48,144,128,80
23,80,1364936836427,80,1364936836499,72,136,160,88
23,82,1364936836547,82,1364936836627,80,120,128,48
23,79,1364936836667,79,1364936836755,88,120,128,40
23,65,1364936836755,65,1364936836843,88,88,88,0
23,67,1364936836923,67,1364936837050,127,168,207,80
23,72,1364936837026,72,1364936837123,97,103,73,-24
23,190,1364936837291,190,1364936837371,80,265,248,168
23,32,1364936837466,32,1364936837522,56,175,151,95
23,16,1364936838755,16,1364936839722,967,1289,2200,1233
23,8,1364936839794,8,1364936839866,72,1039,144,72
23,8,1364936839954,8,1364936840034,80,160,168,88
23,32,1364936840074,32,1364936840130,56,120,96,40
23,16,1364936840194,16,1364936840402,208,120,272,64
23,65,1364936840682,65,1364936840762,80,488,360,280
23,78,1364936840810,78,1364936840890,80,128,128,48
23,68,1364936840850,68,1364936840978,128,40,88,-40
23,32,1364936840979,32,1364936841090,111,129,112,1
23,73,1364936841618,73,1364936841714,96,639,624,528
23,84,1364936841746,84,1364936841818,72,128,104,32
23,83,1364936842010,83,1364936842098,88,264,280,192
23,32,1364936842138,32,1364936842234,96,128,136,40
23,65,1364936842547,65,1364936842643,96,409,409,313
23,68,1364936842979,68,1364936843059,80,432,416,336
23,86,1364936843435,86,1364936843539,104,456,480,376
23,65,1364936843491,65,1364936843619,128,56,80,-48
23,78,1364936843707,78,1364936843819,112,216,200,88
23,84,1364936843931,84,1364936844019,88,224,200,112
23,65,1364936844019,65,1364936844131,112,88,112,0
23,71,1364936844187,71,1364936844307,120,168,176,56
23,69,1364936844283,69,1364936844411,128,96,104,-24
23,8,1364936845155,8,1364936845203,48,872,792,744
23,79,1364936845371,79,1364936845547,176,216,344,168
23,85,1364936845459,85,1364936845603,144,88,56,-88
23,83,1364936845603,83,1364936845675,72,144,72,0
23,190,1364936845923,190,1364936846043,120,320,368,248
23,8,1364936846643,8,1364936846707,64,720,664,600
23,8,1364936846811,8,1364936846883,72,168,176,104
23,8,1364936846995,8,1364936847067,72,184,184,112
23,8,1364936847179,8,1364936847251,72,184,184,112
23,8,1364936847355,8,1364936847427,72,176,176,104
23,8,1364936847547,8,1364936847627,80,192,200,120
23,65,1364936848235,65,1364936848339,104,688,712,608
23,71,1364936848379,71,1364936848475,96,144,136,40
23,69,1364936848475,69,1364936848523,48,96,48,0
23,190,1364936848651,190,1364936848723,72,176,200,128
23,32,1364936849395,32,1364936849451,56,744,728,672
23,70,1365015076134,70,1365015076246,112,112,48,-64
23,73,1365015076223,73,1365015076318,95,89,72,-23
23,82,1365015076366,82,1365015076438,72,143,120,48
23,83,1365015076558,83,1365015076702,144,192,264,120
23,84,1365015076726,84,1365015076822,96,168,120,24
23,32,1365015076926,32,1365015076998,72,200,176,104
23,8,1365015077326,8,1365015077390,64,400,392,328
23,76,1365015078518,76,1365015078638,120,1192,1248,1128
23,89,1365015078710,89,1365015078782,72,192,144,72
23,188,1365015078982,188,1365015079142,160,272,360,200
23,32,1365015079222,32,1365015079334,112,240,192,80
23,84,1365015079406,84,1365015079478,72,184,144,72
23,72,1365015079446,72,1365015079590,144,40,112,-32
23,73,1365015079558,73,1365015079662,104,112,72,-32
23,83,1365015079590,83,1365015079726,136,32,64,-72
23,32,1365015079838,32,1365015079902,64,248,176,112
23,77,1365015079886,77,1365015080054,168,48,152,-16
23,79,1365015079982,79,1365015080158,176,96,104,-72
23,82,1365015080606,82,1365015080622,16,624,464,448
23,78,1365015080710,78,1365015080846,136,104,224,88
23,73,1365015080846,73,1365015081014,168,136,168,0
23,78,1365015080966,78,1365015081062,96,120,48,-48
23,71,1365015081062,71,1365015081102,40,96,40,0
23,32,1365015081102,32,1365015081183,81,40,81,0
23,68,1365015081447,68,1365015081559,112,345,376,264
23,73,1365015081559,73,1365015081639,80,112,80,0
23,68,1365015081799,68,1365015081927,128,240,288,160
23,32,1365015081983,32,1365015082087,104,184,160,56
23,85,1365015083287,85,1365015083423,136,1304,1336,1200
23,73,1365015083407,73,1365015083479,72,120,56,-16
23,8,1365015083671,8,1365015083719,48,264,240,192
23,8,1365015083815,8,1365015083895,80,144,176,96
23,81,1365015084239,81,1365015084295,56,424,400,344
23,73,1365015084367,73,1365015084447,80,128,152,72
23,8,1365015084751,8,1365015084831,80,384,384,304
23,8,1365015084919,8,1365015084999,80,168,168,88
23,65,1365015085263,65,1365015085367,104,344,368,264
23,32,1365015085487,32,1365015085615,128,224,248,120
23,81,1365015085679,81,1365015085767,88,192,152,64
23,85,1365015085959,85,1365015086078,119,280,311,192
23,73,1365015086006,73,1365015086158,152,47,80,-72
23,84,1365015086487,84,1365015086582,95,481,424,329
23,69,1365015086639,69,1365015086734,95,152,152,57
23,32,1365015087582,32,1365015087662,80,943,928,848
23,71,1365015088070,71,1365015088086,16,488,424,408
23,79,1365015088102,79,1365015088118,16,32,32,16
23,79,1365015088230,79,1365015088310,80,128,192,112
23,68,1365015088638,68,1365015088726,88,408,416,328
23,32,1365015088742,32,1365015088854,112,104,128,16
23,80,1365015088942,80,1365015089050,108,200,196,88
23,82,1365015089050,82,1365015089182,132,108,132,0
23,69,1365015089182,69,1365015089294,112,132,112,0
23,83,1365015089576,83,1365015089734,158,394,440,282
23,69,1365015089662,69,1365015089782,120,86,48,-72
23,78,1365015089783,78,1365015089886,103,121,104,1
23,84,1365015089871,84,1365015089966,95,88,80,-15
23,65,1365015089934,65,1365015090062,128,63,96,-32
23,84,1365015090094,84,1365015090190,96,160,128,32
23,73,1365015090190,73,1365015090414,224,96,224,0
23,79,1365015090270,79,1365015090430,160,80,16,-144
23,78,1365015090327,78,1365015090463,136,57,33,-103
23,32,1365015090431,32,1365015090504,73,104,41,-32
23,65,1365015090647,65,1365015090766,119,216,262,143
23,66,1365015090814,66,1365015090919,105,167,153,48
23,79,1365015090934,79,1365015091102,168,120,183,15
23,85,1365015090966,85,1365015091142,176,32,40,-136
23,84,1365015091142,84,1365015091190,48,176,48,0
23,32,1365015091414,32,1365015091438,24,272,248,224
23,73,1365015093662,73,1365015093766,104,2248,2328,2224
23,8,1365015093998,8,1365015094062,64,336,296,232
23,73,1365015095886,73,1365015096094,208,1888,2032,1824
23,78,1365015096006,78,1365015096118,112,120,24,-88
23,70,1365015096150,70,1365015096238,88,144,120,32
23,82,1365015096358,82,1365015096510,152,208,272,120
23,69,1365015096470,69,1365015096582,112,112,72,-40
23,69,1365015096886,69,1365015096934,48,416,352,304
23,8,1365015097342,8,1365015097398,56,456,464,408
23,8,1365015097502,8,1365015097550,48,160,152,104
23,8,1365015097630,8,1365015097718,88,128,168,80
23,69,1365015097790,69,1365015097886,96,160,168,72
23,82,1365015097982,82,1365015098054,72,192,168,96
23,69,1365015098518,69,1365015098606,88,536,552,464
23,78,1365015098663,78,1365015098799,136,145,193,57
23,67,1365015098799,67,1365015098959,160,136,160,0
23,69,1365015098879,69,1365015099007,128,80,48,-80
23,32,1365015099127,32,1365015099191,64,248,184,120
23,8,1365015099471,8,1365015099543,72,344,352,280
23,8,1365015099647,8,1365015099727,80,176,184,104
23,73,1365015099879,73,1365015100063,184,232,336,152
23,78,1365015099959,78,1365015100095,136,80,32,-104
23,71,1365015100071,71,1365015100175,104,112,80,-24
23,32,1365015100175,32,1365015100271,96,104,96,0
23,80,1365015100271,80,1365015100359,88,96,88,0
23,82,1365015100399,82,1365015100511,112,128,152,40
23,79,1365015100527,79,1365015100623,96,128,112,16
23,84,1365015100967,84,1365015101039,72,440,416,344
23,79,1365015102239,79,1365015102327,88,1272,1288,1200
23,67,1365015102551,67,1365015102711,160,312,384,224
23,79,1365015102655,79,1365015102711,56,104,0,-56
23,76,1365015102839,76,1365015102927,88,184,216,128
23,32,1365015103439,32,1365015103511,72,600,584,512
23,70,1365015104150,70,1365015104215,65,711,704,639
23,79,1365015104215,79,1365015104318,103,65,103,0
23,82,1365015104319,82,1365015104398,79,104,80,1
23,77,1365015104510,77,1365015104614,104,191,216,112
23,65,1365015104582,65,1365015104710,128,72,96,-32
23,84,1365015104726,84,1365015104798,72,144,88,16
23,83,1365015104934,83,1365015105014,80,208,216,136
23,190,1365015105126,190,1365015105230,104,192,216,112
23,32,1365015105262,32,1365015105326,64,136,96,32
23,16,1365015105463,16,1365015105670,207,201,344,137
23,65,1365015105582,65,1365015105694,112,119,24,-88
23,70,1365015105806,70,1365015105879,73,224,185,112
23,84,1365015106031,84,1365015106102,71,225,223,152
23,69,1365015106238,69,1365015106318,80,207,216,136
23,82,1365015106319,82,1365015106390,71,81,72,1
23,32,1365015106606,32,1365015106671,65,287,281,216
23,84,1365015107134,84,1365015107198,64,528,527,463
23,72,1365015107246,72,1365015107326,80,112,128,48
23,69,1365015107327,69,1365015107390,63,81,64,1
23,32,1365015107350,32,1365015107486,136,23,96,-40
23,80,1365015107718,80,1365015107806,88,368,320,232
23,82,1365015107871,82,1365015108030,159,153,224,65
23,69,1365015107966,69,1365015108070,104,95,40,-64
23,83,1365015108198,83,1365015108366,168,232,296,128
23,69,1365015108278,69,1365015108414,136,80,48,-88
23,78,1365015108430,78,1365015108574,144,152,160,16
23,84,1365015108534,84,1365015108630,96,104,56,-40
23,65,1365015108606,65,1365015108750,144,72,120,-24
23,84,1365015108750,84,1365015108846,96,144,96,0
23,73,1365015108862,73,1365015109086,224,112,240,16
23,79,1365015108950,79,1365015109110,160,88,24,-136
23,78,1365015109006,78,1365015109134,128,56,24,-104
23,188,1365015109311,188,1365015109439,128,305,305,177
23,32,1365015109478,32,1365015109534,56,167,95,39
23,67,1365015112206,67,1365015112326,120,2728,2792,2672
23,79,1365015112278,79,1365015112438,160,72,112,-48
23,85,1365015112342,85,1365015112478,136,64,40,-96
23,82,1365015112478,82,1365015112526,48,136,48,0
23,83,1365015112606,83,1365015112734,128,128,208,80
23,69,1365015112686,69,1365015112814,128,80,80,-48
23,32,1365015112790,32,1365015112870,80,104,56,-24
23,73,1365015113110,73,1365015113294,184,320,424,240
23,78,1365015113174,78,1365015113310,136,64,16,-120
23,68,1365015113294,68,1365015113334,40,120,24,-16
23,8,1365015113598,8,1365015113662,64,304,328,264
23,83,1365015113838,83,1365015113918,80,240,256,176
23,84,1365015114030,84,1365015114078,48,192,160,112
23,82,1365015114222,82,1365015114302,80,192,224,144
23,85,1365015114358,85,1365015114462,104,136,160,56
23,67,1365015114510,67,1365015114590,80,152,128,48
23,84,1365015114718,84,1365015114758,40,208,168,128
23,79,1365015115142,79,1365015115246,104,424,488,384
23,82,1365015115278,82,1365015115326,48,136,80,32
23,32,1365015115518,32,1365015115566,48,240,240,192
23,65,1365015115950,65,1365015116078,128,432,512,384
23,83,1365015115982,83,1365015116247,265,32,169,-96
23,75,1365015116639,75,1365015116735,96,657,488,392
23,69,1365015116775,69,1365015116847,72,136,112,40
23,68,1365015116935,68,1365015117039,104,160,192,88
23,32,1365015117039,32,1365015117111,72,104,72,0
23,67,1365015117495,67,1365015117615,120,456,504,384
23,79,1365015117567,79,1365015117711,144,72,96,-48
23,85,1365015117615,85,1365015117799,184,48,88,-96
23,80,1365015117775,80,1365015117935,160,160,136,-24
23,76,1365015118015,76,1365015118191,176,240,256,80
23,69,1365015118127,69,1365015118247,120,112,56,-64
23,32,1365015118223,32,1365015118335,112,96,88,-24
23,79,1365015118471,79,1365015118607,136,248,272,136
23,70,1365015118631,70,1365015118687,56,160,80,24
23,32,1365015118759,32,1365015118855,96,128,168,72
23,81,1365015119343,81,1365015119439,96,584,584,488
23,85,1365015119471,85,1365015119607,136,128,168,32
23,73,1365015119567,73,1365015119663,96,96,56,-40
23,8,1365015120087,8,1365015120151,64,520,488,424
23,69,1365015120247,69,1365015120295,48,160,144,96
23,83,1365015120583,83,1365015120647,64,336,352,288
23,84,1365015120726,84,1365015120798,72,143,151,79
23,78,1365015120967,78,1365015121103,136,241,305,169
23,83,1365015121495,83,1365015121558,63,528,455,392
23,32,1365015121646,32,1365015121702,56,151,144,88
23,65,1365015122271,65,1365015122366,95,625,664,569
23,66,1365015122446,66,1365015122542,96,175,176,80
23,79,1365015122572,79,1365015122759,187,126,217,30
23,85,1365015122639,85,1365015122759,120,67,0,-120
23,84,1365015122734,84,1365015122806,72,95,47,-25
23,32,1365015122807,32,1365015122958,151,73,152,1
23,84,1365015123054,84,1365015123118,64,247,160,96
23,72,1365015123182,72,1365015123294,112,128,176,64
23,69,1365015123271,69,1365015123392,121,89,98,-23
23,32,1365015123358,32,1365015123447,89,87,55,-34
23,83,1365015123926,83,1365015123966,40,568,519,479
23,80,1365015124366,80,1365015124440,74,440,474,400
23,69,1365015125334,69,1365015125374,40,968,934,894
23,69,1365015125470,69,1365015125558,88,136,184,96
23,68,1365015125911,68,1365015125958,47,441,400,353
23,32,1365015126070,32,1365015126134,64,159,176,112
23,79,1365015126318,79,1365015126422,104,248,288,184
23,82,1365015126398,82,1365015126494,96,80,72,-24
23,32,1365015126494,32,1365015126582,88,96,88,0
23,84,1365015126718,84,1365015126774,56,224,192,136
23,82,1365015126870,82,1365015126974,104,152,200,96
23,65,1365015126950,65,1365015127071,121,80,97,-24
23,73,1365015127071,73,1365015127182,111,121,111,0
23,78,1365015127206,78,1365015127326,120,135,144,24
23,73,1365015127326,73,1365015127478,152,120,152,0
23,78,1365015127430,78,1365015127542,112,104,64,-48
23,71,1365015127494,71,1365015127559,65,64,17,-48
23,32,1365015127559,32,1365015127630,71,65,71,0
23,84,1365015127758,84,1365015127830,72,199,200,128
23,73,1365015127910,73,1365015128078,168,152,248,80
23,77,1365015128030,77,1365015128166,136,120,88,-48
23,69,1365015128142,69,1365015128246,104,112,80,-24
23,32,1365015128247,32,1365015128334,87,105,88,1
23,73,1365015128662,73,1365015128806,144,415,472,328
23,83,1365015128942,83,1365015128990,48,280,184,136
23,83,1365015129086,83,1365015129182,96,144,192,96
23,85,1365015129222,85,1365015129326,104,136,144,40
23,69,1365015129334,69,1365015129422,88,112,96,8
23,32,1365015129518,32,1365015129598,80,184,176,96
23,65,1365015129686,65,1365015129782,96,168,184,88
23,66,1365015129846,66,1365015129958,112,160,176,64
23,79,1365015129990,79,1365015130118,128,144,160,32
23,85,1365015130030,85,1365015130182,152,40,64,-88
23,84,1365015130134,84,1365015130198,64,104,16,-48
23,32,1365015130286,32,1365015130358,72,152,160,88
23,65,1365015131038,65,1365015131182,144,752,824,680
23,190,1365015131678,190,1365015131766,88,640,584,496
23,32,1365015131918,32,1365015131974,56,240,208,152
23,73,1365015134351,73,1365015134423,72,2433,2449,2377
23,84,1365015134455,84,1365015134503,48,104,80,32
23,72,1365015134575,72,1365015134631,56,120,128,72
23,8,1365015136863,8,1365015136919,56,2288,2288,2232
23,8,1365015137023,8,1365015137083,60,160,164,104
23,8,1365015137191,8,1365015137239,48,168,156,108
23,8,1365015137327,8,1365015137399,72,136,160,88
23,16,1365015137599,16,1365015137847,248,272,448,200
23,65,1365015137687,65,1365015137847,160,88,0,-160
23,78,1365015137975,78,1365015138079,104,288,232,128
23,68,1365015138111,68,1365015138167,56,136,88,32
23,8,1365015138815,8,1365015138879,64,704,712,648
23,8,1365015138967,8,1365015139039,72,152,160,88
23,8,1365015139167,8,1365015139182,15,200,143,128
23,16,1365015139718,16,1365015139934,216,551,752,536
23,65,1365015139806,65,1365015139935,129,88,1,-128
23,83,1365015140047,83,1365015140126,79,241,191,112
23,32,1365015140199,32,1365015140263,64,152,137,73
23,84,1365015140359,84,1365015140414,55,160,151,96
23,72,1365015140494,72,1365015140582,88,135,168,80
23,69,1365015140558,69,1365015140663,105,64,81,-24
23,32,1365015140663,32,1365015140726,63,105,63,0
23,67,1365015141847,67,1365015141950,103,1184,1224,1121
23,79,1365015141951,79,1365015142038,87,104,88,1
23,82,1365015142094,82,1365015142142,48,143,104,56
23,8,1365015142406,8,1365015142462,56,312,320,264
23,68,1365015142494,68,1365015142558,64,88,96,32
23,69,1365015142671,69,1365015142727,56,177,169,113
23,32,1365015142814,32,1365015142926,112,143,199,87
23,79,1365015143599,79,1365015143702,103,785,776,673
23,70,1365015143774,70,1365015143854,80,175,152,72
23,32,1365015143871,32,1365015143974,103,97,120,17
23,70,1365015144398,70,1365015144478,80,527,504,424
23,65,1365015144422,65,1365015144566,144,24,88,-56
23,83,1365015144566,83,1365015144734,168,144,168,0
23,84,1365015144734,84,1365015144822,88,168,88,0
23,32,1365015144806,32,1365015144894,88,72,72,-16
23,76,1365015145038,76,1365015145150,112,232,256,144
23,68,1365015145190,68,1365015145310,120,152,160,40
23,65,1365015145286,65,1365015145414,128,96,104,-24
23,32,1365015145526,32,1365015145582,56,240,168,112
23,73,1365015145630,73,1365015145750,120,104,168,48
23,83,1365015145774,83,1365015145862,88,144,112,24
23,32,1365015146262,32,1365015146318,56,488,456,400
23,73,1365015147438,73,1365015147614,176,1176,1296,1120
23,77,1365015147558,77,1365015147750,192,120,136,-56
23,80,1365015147710,80,1365015147854,144,152,104,-40
23,79,1365015147822,79,1365015147958,136,112,104,-32
23,82,1365015147894,82,1365015147958,64,72,0,-64
23,84,1365015148078,84,1365015148166,88,184,208,120
23,65,1365015149862,65,1365015149958,96,1784,1792,1696
23,78,1365015150614,78,1365015150694,80,752,736,656
23,84,1365015151383,84,1365015151407,24,769,713,689
23,32,1365015151551,32,1365015151623,72,168,216,144
23,70,1365015151735,70,1365015151831,96,184,208,112
23,79,1365015151831,79,1365015151879,48,96,48,0
23,82,1365015152071,82,1365015152111,40,240,232,192
23,32,1365015152903,32,1365015152967,64,832,856,792
23,72,1365015153535,72,1365015153655,120,632,688,568
23,73,1365015153607,73,1365015153743,136,72,88,-48
23,83,1365015153719,83,1365015153807,88,112,64,-24
23,32,1365015153855,32,1365015153919,64,136,112,48
23,82,1365015154079,82,1365015154191,112,224,272,160
23,69,1365015154167,69,1365015154295,128,88,104,-24
23,83,1365015154423,83,1365015154559,136,256,264,128
23,69,1365015154535,69,1365015154703,168,112,144,-24
23,65,1365015154655,65,1365015154759,104,120,56,-48
23,82,1365015154759,82,1365015154839,80,104,80,0
23,67,1365015154975,67,1365015155119,144,216,280,136
23,72,1365015155119,72,1365015155207,88,144,88,0
23,32,1365015156015,32,1365015156103,88,896,896,808
23,80,1365015156439,80,1365015156543,104,424,440,336
23,82,1365015156583,82,1365015156671,88,144,128,40
23,79,1365015156631,79,1365015156855,224,48,184,-40
23,74,1365015156815,74,1365015156983,168,184,128,-40
23,69,1365015156927,69,1365015157022,95,112,39,-56
23,67,1365015157071,67,1365015157182,111,144,160,49
23,84,1365015157326,84,1365015157366,40,255,184,144
23,190,1365015157727,190,1365015157830,103,401,464,361
23,17,1365015158358,17,1365015158791,433,631,961,528
24,79,1363383171446,79,1363383171533,87,88,64,-23
24,68,1363383171597,68,1363383171725,128,151,192,64
24,65,1363383171773,65,1363383171933,160,176,208,48
24,89,1363383171934,89,1363383171989,55,161,56,1
24,32,1363383172037,32,1363383172157,120,103,168,48
24,16,1363383172437,16,1363383172605,168,400,448,280
24,73,1363383172557,73,1363383172629,72,120,24,-48
24,32,1363383172661,32,1363383172805,144,104,176,32
24,87,1363383172829,87,1363383172933,104,168,128,24
24,79,1363383172901,79,1363383172973,72,72,40,-32
24,75,1363383173413,75,1363383173493,80,512,520,440
24,69,1363383173589,69,1363383173718,129,176,225,96
24,32,1363383173718,32,1363383173797,79,129,79,0
24,85,1363383174021,85,1363383174069,48,303,272,224
24,80,1363383174197,80,1363383174285,88,176,216,128
24,32,1363383174373,32,1363383174485,112,176,200,88
24,65,1363383174549,65,1363383174693,144,176,208,64
24,84,1363383174813,84,1363383174925,112,264,232,120
24,32,1363383174909,32,1363383175005,96,96,80,-16
24,57,1363383175709,57,1363383175773,64,800,768,704
24,32,1363383175853,32,1363383175965,112,144,192,80
24,65,1363383176045,65,1363383176189,144,192,224,80
24,77,1363383176221,77,1363383176317,96,176,128,32
24,32,1363383176381,32,1363383176501,120,160,184,64
24,73,1363383176525,73,1363383176597,72,144,96,24
24,78,1363383176645,78,1363383176733,88,120,136,48
24,32,1363383176709,32,1363383176853,144,64,120,-24
24,84,1363383176917,84,1363383177013,96,208,160,64
24,72,1363383176957,72,1363383177037,80,40,24,-56
24,69,1363383177093,69,1363383177213,120,136,176,56
24,32,1363383177165,32,1363383177277,112,72,64,-48
24,77,1363383177357,77,1363383177437,80,192,160,80
24,79,1363383177509,79,1363383177597,88,152,160,72
24,82,1363383177597,82,1363383177733,136,88,136,0
24,78,1363383177773,78,1363383177845,72,176,112,40
24,73,1363383177925,73,1363383177997,72,152,152,80
24,78,1363383178061,78,1363383178133,72,136,136,64
24,71,1363383178197,71,1363383178325,128,136,192,64
24,190,1363383178413,190,1363383178517,104,216,192,88
24,32,1363383178517,32,1363383178638,121,104,121,0
24,73,1363383178798,73,1363383178878,80,281,240,160
24,32,1363383179078,32,1363383179190,112,280,312,200
24,68,1363383179302,68,1363383179414,112,224,224,112
24,73,1363383179438,73,1363383179502,64,136,88,24
24,68,1363383179558,68,1363383179702,144,120,200,56
24,78,1363383179702,78,1363383179782,80,144,80,0
24,222,1363383180822,222,1363383180878,56,1120,1096,1040
24,84,1363383180942,84,1363383181062,120,120,184,64
24,32,1363383181062,32,1363383181150,88,120,88,0
24,72,1363383181374,72,1363383181454,80,312,304,224
24,65,1363383181478,65,1363383181590,112,104,136,24
24,86,1363383181702,86,1363383181838,136,224,248,112
24,69,1363383181926,69,1363383182038,112,224,200,88
24,32,1363383181982,32,1363383182070,88,56,32,-56
24,66,1363383182342,66,1363383182454,112,360,384,272
24,82,1363383182638,82,1363383182766,128,296,312,184
24,69,1363383182766,69,1363383182846,80,128,80,0
24,65,1363383182950,65,1363383183086,136,184,240,104
24,75,1363383183118,75,1363383183182,64,168,96,32
24,70,1363383183590,70,1363383183710,120,472,528,408
24,65,1363383183750,65,1363383183838,88,160,128,40
24,83,1363383183926,83,1363383184022,96,176,184,88
24,84,1363383184150,84,1363383184278,128,224,256,128
24,32,1363383184311,32,1363383184422,111,161,144,33
24,66,1363383184758,66,1363383184862,104,447,440,336
24,69,1363383184998,69,1363383185094,96,240,232,136
24,67,1363383185222,67,1363383185382,160,224,288,128
24,65,1363383185518,65,1363383185614,96,296,232,136
24,83,1363383185718,83,1363383185830,112,200,216,104
24,85,1363383185934,85,1363383186006,72,216,176,104
24,69,1363383186070,69,1363383186190,120,136,184,64
24,32,1363383186190,32,1363383186278,88,120,88,0
24,73,1363383187085,73,1363383187165,80,895,887,807
24,32,1363383187325,32,1363383187469,144,240,304,160
24,87,1363383187566,87,1363383187646,80,241,177,97
24,65,1363383187765,65,1363383187854,89,199,208,119
24,83,1363383187933,83,1363383188077,144,168,223,79
24,78,1363383188173,78,1363383188261,88,240,184,96
24,222,1363383189054,222,1363383189126,72,881,865,793
24,84,1363383189213,84,1363383189325,112,159,199,87
24,32,1363383189302,32,1363383189397,95,89,72,-23
24,71,1363383189765,71,1363383189877,112,463,480,368
24,8,1363383190365,8,1363383190429,64,600,552,488
24,72,1363383190541,72,1363383190621,80,176,192,112
24,85,1363383190733,85,1363383190805,72,192,184,112
24,78,1363383190925,78,1363383190989,64,192,184,120
24,71,1363383191302,71,1363383191445,143,377,456,313
24,89,1363383191701,89,1363383191773,72,399,328,256
24,82,1363383191821,82,1363383191933,112,120,160,48
24,190,1363383191997,190,1363383192101,104,176,168,64
24,32,1363383192333,32,1363383192485,152,336,384,232
24,73,1363383192957,73,1363383193045,88,624,560,472
24,32,1363383193149,32,1363383193253,104,192,208,104
24,84,1363383193365,84,1363383193493,128,216,240,112
24,79,1363383193493,79,1363383193557,64,128,64,0
24,79,1363383193661,79,1363383193733,72,168,176,104
24,75,1363383193814,75,1363383193893,79,153,160,81
24,32,1363383193917,32,1363383194021,104,103,128,24
24,84,1363383194093,84,1363383194205,112,176,184,72
24,72,1363383194205,72,1363383194277,72,112,72,0
24,69,1363383194309,69,1363383194437,128,104,160,32
24,32,1363383194389,32,1363383194509,120,80,72,-48
24,70,1363383194653,70,1363383194765,112,264,256,144
24,73,1363383194781,73,1363383194845,64,128,80,16
24,82,1363383194893,82,1363383194997,104,112,152,48
24,83,1363383195149,83,1363383195301,152,256,304,152
24,84,1363383195437,84,1363383195565,128,288,264,136
24,32,1363383195541,32,1363383195653,112,104,88,-24
24,66,1363383195989,66,1363383196110,121,448,457,336
24,85,1363383196286,85,1363383196334,48,297,224,176
24,83,1363383196430,83,1363383196550,120,144,216,96
24,32,1363383196550,32,1363383196678,128,120,128,0
24,84,1363383196710,84,1363383196846,136,160,168,32
24,79,1363383196846,79,1363383196926,80,136,80,0
24,32,1363383196926,32,1363383197014,88,80,88,0
24,79,1363383197494,79,1363383197566,72,568,552,480
24,85,1363383197630,85,1363383197702,72,136,136,64
24,82,1363383197718,82,1363383197854,136,88,152,16
24,32,1363383197830,32,1363383197950,120,112,96,-24
24,76,1363383197990,76,1363383198078,88,160,128,40
24,65,1363383198126,65,1363383198238,112,136,160,48
24,66,1363383198406,66,1363383198526,120,280,288,168
24,190,1363383198686,190,1363383198774,88,280,248,160
24,32,1363383198854,32,1363383198966,112,168,192,80
24,73,1363383200142,73,1363383200214,72,1288,1248,1176
24,32,1363383200286,32,1363383200374,88,144,160,72
24,80,1363383200550,80,1363383200622,72,264,248,176
24,65,1363383200662,65,1363383200766,104,112,144,40
24,8,1363383201382,8,1363383201502,120,720,736,616
24,8,1363383202222,8,1363383202318,96,840,816,720
24,69,1363383202678,69,1363383202758,80,456,440,360
24,68,1363383202926,68,1363383203070,144,248,312,168
24,73,1363383203118,73,1363383203190,72,192,120,48
24,84,1363383203342,84,1363383203454,112,224,264,152
24,69,1363383203526,69,1363383203606,80,184,152,72
24,68,1363383203718,68,1363383203846,128,192,240,112
24,32,1363383203846,32,1363383203950,104,128,104,0
24,66,1363383204142,66,1363383204270,128,296,320,192
24,89,1363383204334,89,1363383204414,80,192,144,64
24,32,1363383204510,32,1363383204582,72,176,168,96
24,8,1363383204902,8,1363383204973,71,392,391,320
24,8,1363383205053,8,1363383205109,56,151,136,80
24,8,1363383205205,8,1363383205285,80,152,176,96
24,77,1363383205405,77,1363383205485,80,200,200,120
24,89,1363383205630,89,1363383205709,79,225,224,145
24,32,1363383205765,32,1363383205854,89,135,145,56
24,67,1363383206445,67,1363383206573,128,680,719,591
24,79,1363383206509,79,1363383206614,105,64,41,-64
24,77,1363383206614,77,1363383206685,71,105,71,0
24,80,1363383206773,80,1363383206878,105,159,193,88
24,82,1363383207117,82,1363383207261,144,344,383,239
24,69,1363383207229,69,1363383207349,120,112,88,-32
24,72,1363383207558,72,1363383207621,63,329,272,209
24,69,1363383207645,69,1363383207749,104,87,128,24
24,78,1363383208125,78,1363383208197,72,480,448,376
24,83,1363383208837,83,1363383208965,128,712,768,640
24,73,1363383208941,73,1363383209021,80,104,56,-24
24,86,1363383209181,86,1363383209213,32,240,192,160
24,69,1363383209317,69,1363383209461,144,136,248,104
24,32,1363383209421,32,1363383209501,80,104,40,-40
24,82,1363383209685,82,1363383209837,152,264,336,184
24,69,1363383209781,69,1363383209917,136,96,80,-56
24,80,1363383210581,80,1363383210661,80,800,744,664
24,79,1363383210797,79,1363383210885,88,216,224,136
24,82,1363383210997,82,1363383211061,64,200,176,112
24,84,1363383211253,84,1363383211381,128,256,320,192
24,32,1363383211829,32,1363383211941,112,576,560,448
24,68,1363383212757,68,1363383212893,136,928,952,816
24,79,1363383212925,79,1363383212997,72,168,104,32
24,67,1363383213181,67,1363383213293,112,256,296,184
24,85,1363383213253,85,1363383213325,72,72,32,-40
24,77,1363383213453,77,1363383213533,80,200,208,128
24,69,1363383213590,69,1363383213734,144,137,201,57
24,78,1363383213734,78,1363383213782,48,144,48,0
24,84,1363383213870,84,1363383213958,88,136,176,88
24,190,1363383214086,190,1363383214174,88,216,216,128
24,32,1363383214270,32,1363383214398,128,184,224,96
24,73,1363383215638,73,1363383215710,72,1368,1312,1240
24,87,1363383215846,87,1363383215950,104,208,240,136
24,65,1363383216118,65,1363383216238,120,272,288,168
24,83,1363383216446,83,1363383216638,192,328,400,208
24,32,1363383216798,32,1363383216926,128,352,288,160
24,83,1363383216998,83,1363383217062,64,200,136,72
24,8,1363383217646,8,1363383217710,64,648,648,584
24,69,1363383217686,69,1363383217814,128,40,104,-24
24,88,1363383218094,88,1363383218206,112,408,392,280
24,80,1363383218478,80,1363383218590,112,384,384,272
24,69,1363383218648,69,1363383218742,94,170,152,58
24,67,1363383218870,67,1363383219006,136,222,264,128
24,84,1363383219198,84,1363383219294,96,328,288,192
24,73,1363383219414,73,1363383219478,64,216,184,120
24,78,1363383219558,78,1363383219655,97,144,177,80
24,71,1363383219742,71,1363383219870,128,184,215,87
24,32,1363383219870,32,1363383219974,104,128,104,0
24,84,1363383220439,84,1363383220558,119,569,584,465
24,79,1363383220606,79,1363383220678,72,167,120,48
24,32,1363383220678,32,1363383220774,96,72,96,0
24,77,1363383221486,77,1363383221558,72,808,784,712
24,69,1363383221630,69,1363383221686,56,144,128,72
24,69,1363383221806,69,1363383221909,103,176,223,120
24,84,1363383222030,84,1363383222118,88,224,209,121
24,32,1363383222206,32,1363383222302,96,176,184,88
24,87,1363383222534,87,1363383222630,96,328,328,232
24,73,1363383222702,73,1363383222790,88,168,160,72
24,84,1363383222790,84,1363383222902,112,88,112,0
24,72,1363383222997,72,1363383223070,73,207,168,95
24,32,1363383223029,32,1363383223141,112,32,71,-41
24,77,1363383224630,77,1363383224693,63,1601,1552,1489
24,89,1363383224853,89,1363383224909,56,223,216,160
24,32,1363383224933,32,1363383224997,64,80,88,24
24,65,1363383225125,65,1363383225245,120,192,248,128
24,68,1363383225301,68,1363383225405,104,176,160,56
24,86,1363383225574,86,1363383225693,119,273,288,169
24,73,1363383225709,73,1363383225781,72,135,88,16
24,82,1363383226533,82,1363383226605,72,824,824,752
24,8,1363383227102,8,1363383227181,79,569,576,497
24,83,1363383227206,83,1363383227325,119,104,144,25
24,79,1363383227405,79,1363383227469,64,199,144,80
24,82,1363383227469,82,1363383227597,128,64,128,0
24,32,1363383227597,32,1363383227709,112,128,112,0
24,66,1363383227901,66,1363383227997,96,304,288,192
24,85,1363383228077,85,1363383228149,72,176,152,80
24,84,1363383228413,84,1363383228541,128,336,392,264
24,32,1363383228573,32,1363383228669,96,160,128,32
24,73,1363383229013,73,1363383229085,72,440,416,344
24,32,1363383229149,32,1363383229253,104,136,168,64
24,68,1363383229461,68,1363383229605,144,312,352,208
24,8,1363383230453,8,1363383230533,80,992,928,848
24,67,1363383230733,67,1363383230829,96,280,296,200
24,79,1363383230853,79,1363383230925,72,120,96,24
24,85,1363383230965,85,1363383231021,56,112,96,40
24,76,1363383231134,76,1363383231238,104,169,217,113
24,68,1363383231254,68,1363383231398,144,120,160,16
24,78,1363383231454,78,1363383231534,80,200,136,56
24,222,1363383232302,222,1363383232374,72,848,840,768
24,84,1363383232390,84,1363383232534,144,88,160,16
24,32,1363383232526,32,1363383232622,96,136,88,-8
24,83,1363383232838,83,1363383232934,96,312,312,216
24,69,1363383233070,69,1363383233126,56,232,192,136
24,69,1363383233238,69,1363383233366,128,168,240,112
24,32,1363383233390,32,1363383233486,96,152,120,24
24,72,1363383233662,72,1363383233734,72,272,248,176
24,69,1363383233870,69,1363383233998,128,208,264,136
24,82,1363383233966,82,1363383234094,128,96,96,-32
24,69,1363618520424,69,1363618520512,88,159,176,88
24,83,1363618520600,83,1363618520728,128,176,216,88
24,84,1363618520840,84,1363618520944,104,240,216,112
24,69,1363618521048,69,1363618521216,168,208,272,104
24,82,1363618521152,82,1363618521240,88,104,24,-64
24,68,1363618521352,68,1363618521504,152,200,264,112
24,65,1363618521584,65,1363618521744,160,232,240,80
24,89,1363618521784,89,1363618521848,64,200,104,40
24,32,1363618521984,32,1363618522144,160,200,296,136
24,73,1363618522400,73,1363618522480,80,416,336,256
24,32,1363618522552,32,1363618522680,128,152,200,72
24,71,1363618522800,71,1363618522912,112,248,232,120
24,65,1363618522984,65,1363618523104,120,184,192,72
24,86,1363618523192,86,1363618523320,128,208,216,88
24,69,1363618523416,69,1363618523528,112,224,208,96
24,32,1363618523504,32,1363618523600,96,88,72,-24
24,65,1363618524048,65,1363618524192,144,544,592,448
24,32,1363618524305,32,1363618524409,104,257,217,113
24,67,1363618524561,67,1363618524665,104,256,256,152
24,65,1363618524665,65,1363618524817,152,104,152,0
24,76,1363618524849,76,1363618524905,56,184,88,32
24,76,1363618524993,76,1363618525089,96,144,184,88
24,32,1363618525057,32,1363618525177,120,64,88,-32
24,84,1363618525257,84,1363618525377,120,200,200,80
24,79,1363618525393,79,1363618525425,32,136,48,16
24,32,1363618525426,32,1363618525545,119,33,120,1
24,84,1363618525617,84,1363618525721,104,191,176,72
24,85,1363618525793,85,1363618525849,56,176,128,72
24,82,1363618525897,82,1363618526049,152,104,200,48
24,75,1363618526209,75,1363618526305,96,312,256,160
24,69,1363618526417,69,1363618526529,112,208,224,112
24,89,1363618526553,89,1363618526657,104,136,128,24
24,190,1363618526833,190,1363618526945,112,280,288,176
24,32,1363618526969,32,1363618527089,120,136,144,24
24,70,1363618528057,70,1363618528177,120,1088,1088,968
24,73,1363618528177,73,1363618528265,88,120,88,0
24,82,1363618528313,82,1363618528410,97,136,145,48
24,83,1363618528529,83,1363618528657,128,216,247,119
24,84,1363618528753,84,1363618528865,112,224,208,96
24,32,1363618528865,32,1363618528953,88,112,88,0
24,73,1363618529497,73,1363618529568,71,632,615,544
24,32,1363618529625,32,1363618529737,112,128,169,57
24,84,1363618529945,84,1363618530049,104,320,312,208
24,65,1363618530121,65,1363618530281,160,176,232,72
24,76,1363618530337,76,1363618530409,72,216,128,56
24,75,1363618530528,75,1363618530609,81,191,200,119
24,69,1363618530680,69,1363618530801,121,152,192,71
24,68,1363618531184,68,1363618531313,129,504,512,383
24,32,1363618531313,32,1363618531432,119,129,119,0
24,87,1363618531720,87,1363618531824,104,407,392,288
24,73,1363618531825,73,1363618531896,71,105,72,1
24,84,1363618531920,84,1363618532009,89,95,113,24
24,72,1363618532073,72,1363618532153,80,153,144,64
24,32,1363618532153,32,1363618532272,119,80,119,0
24,77,1363618532392,77,1363618532480,88,239,208,120
24,89,1363618532648,89,1363618532736,88,256,256,168
24,32,1363618532752,32,1363618532864,112,104,128,16
24,77,1363618534112,77,1363618534200,88,1360,1336,1248
24,79,1363618534464,79,1363618534536,72,352,336,264
24,84,1363618534632,84,1363618534736,104,168,200,96
24,72,1363618534736,72,1363618534840,104,104,104,0
24,69,1363618534920,69,1363618535056,136,184,216,80
24,190,1363618535096,190,1363618535208,112,176,152,40
24,8,1363618535792,8,1363618535889,97,696,681,584
24,82,1363618535921,82,1363618536048,127,129,159,32
24,190,1363618536080,190,1363618536208,128,159,160,32
24,32,1363618536208,32,1363618536328,120,128,120,0
24,83,1363618536656,83,1363618536760,104,448,432,328
24,72,1363618536816,72,1363618536896,80,160,136,56
24,69,1363618536960,69,1363618537088,128,144,192,64
24,32,1363618537128,32,1363618537240,112,168,152,40
24,84,1363618537648,84,1363618537768,120,520,528,408
24,79,1363618537736,79,1363618537800,64,88,32,-32
24,76,1363618537944,76,1363618538024,80,208,224,144
24,68,1363618538064,68,1363618538216,152,120,192,40
24,32,1363618538240,32,1363618538360,120,176,144,24
24,77,1363618538456,77,1363618538568,112,216,208,96
24,69,1363618538624,69,1363618538752,128,168,184,56
24,32,1363618538720,32,1363618538816,96,96,64,-32
24,84,1363618538904,84,1363618539032,128,184,216,88
24,72,1363618539000,72,1363618539096,96,96,64,-32
24,65,1363618539128,65,1363618539272,144,128,176,32
24,84,1363618539296,84,1363618539416,120,168,144,24
24,32,1363618539392,32,1363618539488,96,96,72,-24
24,83,1363618540016,83,1363618540144,128,624,656,528
24,72,1363618540144,72,1363618540240,96,128,96,0
24,69,1363618540344,69,1363618540488,144,200,248,104
24,32,1363618540504,32,1363618540624,120,160,136,16
24,73,1363618540744,73,1363618540808,64,240,184,120
24,83,1363618540848,83,1363618540952,104,104,144,40
24,32,1363618540952,32,1363618541072,120,104,120,0
24,79,1363618541208,79,1363618541248,40,256,176,136
24,75,1363618541384,75,1363618541480,96,176,232,136
24,190,1363618541648,190,1363618541713,65,264,233,168
24,32,1363618541801,32,1363618541897,96,153,184,88
24,65,1363618542233,65,1363618542377,144,432,480,336
24,78,1363618542361,78,1363618542433,72,128,56,-16
24,68,1363618542497,68,1363618542625,128,136,192,64
24,32,1363618542625,32,1363618542745,120,128,120,0
24,73,1363618543097,73,1363618543153,56,472,408,352
24,32,1363618543225,32,1363618543369,144,128,216,72
24,84,1363618543745,84,1363618543857,112,520,488,376
24,79,1363618543857,79,1363618543913,56,112,56,0
24,76,1363618544033,76,1363618544081,48,176,168,120
24,68,1363618544209,68,1363618544377,168,176,296,128
24,32,1363618544401,32,1363618544537,136,192,160,24
24,72,1363618544761,72,1363618544841,80,360,304,224
24,69,1363618544953,69,1363618545137,184,192,296,112
24,82,1363618545065,82,1363618545225,160,112,88,-72
24,32,1363618545201,32,1363618545345,144,136,120,-24
24,84,1363618545585,84,1363618545705,120,384,360,240
24,72,1363618545745,72,1363618545825,80,160,120,40
24,65,1363618545825,65,1363618545937,112,80,112,0
24,84,1363618545985,84,1363618546137,152,160,200,48
24,32,1363618546121,32,1363618546241,120,136,104,-16
24,73,1363618547273,73,1363618547361,88,1152,1120,1032
24,32,1363618547440,32,1363618547553,113,167,192,79
24,65,1363618547600,65,1363618547736,136,160,183,47
24,77,1363618547689,77,1363618547792,103,89,56,-47
24,32,1363618547808,32,1363618547936,128,119,144,16
24,79,1363618548168,79,1363618548232,64,360,296,232
24,75,1363618548368,75,1363618548401,33,200,169,136
24,69,1363618548777,69,1363618548880,103,409,479,376
24,89,1363618549008,89,1363618549080,72,231,200,128
24,32,1363618549120,32,1363618549240,120,112,160,40
24,84,1363618549456,84,1363618549568,112,336,328,216
24,79,1363618549624,79,1363618549656,32,168,88,56
24,79,1363618549768,79,1363618549856,88,144,200,112
24,190,1363618550057,190,1363618550128,71,289,272,201
24,32,1363618550177,32,1363618550296,119,120,168,49
24,73,1363618552169,73,1363618552232,63,1992,1936,1873
24,32,1363618552264,32,1363618552384,120,95,152,32
24,84,1363618552576,84,1363618552696,120,312,312,192
24,79,1363618552984,79,1363618553040,56,408,344,288
24,76,1363618553168,76,1363618553240,72,184,200,128
24,68,1363618553329,68,1363618553488,159,161,248,89
24,32,1363618553512,32,1363618553616,104,183,128,24
24,84,1363618553712,84,1363618553832,120,200,216,96
24,72,1363618553808,72,1363618553904,96,96,72,-24
24,69,1363618553968,69,1363618554152,184,160,248,64
24,82,1363618554072,82,1363618554200,128,104,48,-80
24,32,1363618554176,32,1363618554288,112,104,88,-24
24,84,1363618554368,84,1363618554480,112,192,192,80
24,72,1363618554480,72,1363618554552,72,112,72,0
24,65,1363618554584,65,1363618554720,136,104,168,32
24,84,1363618554744,84,1363618554848,104,160,128,24
24,32,1363618554824,32,1363618554944,120,80,96,-24
24,84,1363618555368,84,1363618555520,152,544,576,424
24,72,1363618555544,72,1363618555616,72,176,96,24
24,69,1363618555656,69,1363618555792,136,112,176,40
24,82,1363618555824,82,1363618555968,144,168,176,32
24,69,1363618555968,69,1363618556144,176,144,176,0
24,32,1363618556136,32,1363618556216,80,168,72,-8
24,73,1363618556360,73,1363618556424,64,224,208,144
24,83,1363618556448,83,1363618556544,96,88,120,24
24,32,1363618556512,32,1363618556640,128,64,96,-32
24,83,1363618557008,83,1363618557152,144,496,512,368
24,79,1363618557256,79,1363618557384,128,248,232,104
24,8,1363618558264,8,1363618558376,112,1008,992,880
24,78,1363618558464,78,1363618558552,88,200,176,88
24,79,1363618558624,79,1363618558704,80,160,152,72
24,87,1363618559008,87,1363618559160,152,384,456,304
24,32,1363618559313,32,1363618559449,136,305,289,153
24,73,1363618559449,73,1363618559505,56,136,56,0
24,78,1363618559571,78,1363618559641,70,122,136,66
24,32,1363618559673,32,1363618559817,144,102,176,32
24,76,1363618559865,76,1363618559921,56,192,104,48
24,65,1363618559969,65,1363618560105,136,104,184,48
24,78,1363618560105,78,1363618560169,64,136,64,0
24,83,1363618560233,83,1363618560353,120,128,184,64
24,73,1363618560353,73,1363618560417,64,120,64,0
24,78,1363618560481,78,1363618560537,56,128,120,64
24,71,1363618560601,71,1363618560705,104,120,168,64
24,190,1363618560793,190,1363618560913,120,192,208,88
24,32,1363618560905,32,1363618561025,120,112,112,-8
24,84,1363618561193,84,1363618561313,120,288,288,168
24,72,1363618561313,72,1363618561369,56,120,56,0
24,69,1363618561489,69,1363618561633,144,176,264,120
24,78,1363618561633,78,1363618561689,56,144,56,0
24,32,1363618561689,32,1363618561793,104,56,104,0
24,73,1363618562209,73,1363618562281,72,520,488,416
24,32,1363618562345,32,1363618562449,104,136,168,64
24,83,1363618562529,83,1363618562689,160,184,240,80
24,79,1363618562689,79,1363618562737,48,160,48,0
24,80,1363618562953,80,1363618563001,48,264,264,216
24,8,1363618563585,8,1363618563641,56,632,640,584
24,8,1363618563729,8,1363618563801,72,144,160,88
24,80,1363618563985,80,1363618564057,72,256,256,184
24,79,1363618564249,79,1363618564313,64,264,256,192
24,75,1363618564713,75,1363618564785,72,464,472,400
24,69,1363618564897,69,1363618565049,152,184,264,112
24,32,1363618565016,32,1363618565137,121,119,88,-33
24,87,1363618565281,87,1363618565400,119,265,263,144
24,73,1363618565379,73,1363618565448,69,98,48,-21
24,84,1363618565521,84,1363618565658,137,142,210,73
24,72,1363618565755,72,1363618565848,93,234,190,97
24,32,1363618565880,32,1363618566000,120,125,152,32
24,77,1363618566121,77,1363618566216,95,241,216,121
24,89,1363618566369,89,1363618566456,87,248,240,153
24,32,1363618566457,32,1363618566576,119,88,120,1
24,70,1363618566728,70,1363618566833,105,271,257,152
24,65,1363618566898,65,1363618567041,143,170,208,65
24,84,1363618567105,84,1363618567209,104,207,168,64
24,72,1363618567568,72,1363618567640,72,463,431,359
24,69,1363618567736,69,1363618567920,184,168,280,96
24,82,1363618567808,82,1363618567952,144,72,32,-112
24,32,1363618567953,32,1363618568096,143,145,144,1
24,190,1363618568232,190,1363618568304,72,279,208,136
24,32,1363618568432,32,1363618568552,120,200,248,128
24,72,1363618569376,72,1363618569472,96,944,920,824
24,69,1363618569552,69,1363618569696,144,176,224,80
24,32,1363618569656,32,1363618569776,120,104,80,-40
24,72,1363618569912,72,1363618569968,56,256,192,136
24,8,1363618570648,8,1363618570752,104,736,784,680
24,87,1363618570792,87,1363618570912,120,144,160,40
24,65,1363618571168,65,1363618571248,80,376,336,256
24,83,1363618571320,83,1363618571448,128,152,200,72
24,32,1363618571464,32,1363618571608,144,144,160,16
24,72,1363618571608,72,1363618571696,88,144,88,0
24,65,1363618571728,65,1363618571864,136,120,168,32
24,80,1363618571864,80,1363618571920,56,136,56,0
24,80,1363618572040,80,1363618572112,72,176,192,120
24,89,1363618572296,89,1363618572368,72,256,256,184
24,32,1363618572408,32,1363618572504,96,112,136,40
24,84,1363618572680,84,1363618572800,120,272,296,176
24,72,1363618572800,72,1363618572848,48,120,48,0
24,73,1363618572952,73,1363618573016,64,152,168,104
24,83,1363618573016,83,1363618573136,120,64,120,0
24,32,1363618573128,32,1363618573256,128,112,120,-8
24,84,1363618573472,84,1363618573576,104,344,320,216
24,73,1363618573824,73,1363618573904,80,352,328,248
24,77,1363618574008,77,1363618574096,88,184,192,104
24,69,1363618574192,69,1363618574312,120,184,216,96
24,190,1363618574312,190,1363618574416,104,120,104,0
24,32,1363618574472,32,1363618574592,120,160,176,56
24,84,1363618575152,84,1363618575280,128,680,688,560
24,72,1363618575281,72,1363618575352,71,129,72,1
24,69,1363618575472,69,1363618575592,120,191,240,120
24,78,1363618575592,78,1363618575648,56,120,56,0
24,32,1363618575712,32,1363618575832,120,120,184,64
24,73,1363618577577,73,1363618577633,56,1865,1801,1745
24,32,1363618577721,32,1363618577873,152,144,240,88
24,65,1363618578497,65,1363618578657,160,776,784,624
24,76,1363618578713,76,1363618578785,72,216,128,56
24,83,1363618578897,83,1363618579041,144,184,256,112
24,79,1363618579233,79,1363618579305,72,336,264,192
24,32,1363618579393,32,1363618579513,120,160,208,88
24,71,1363618579689,71,1363618579809,120,296,296,176
24,65,1363618579905,65,1363618580033,128,216,224,96
24,69,1363618580465,69,1363618580601,136,560,568,432
24,79,1364409895335,79,1364409895407,72,119,72,0
24,68,1364409895495,68,1364409895623,128,160,216,88
24,65,1364409895703,65,1364409895879,176,208,256,80
24,89,1364409895791,89,1364409895879,88,88,0,-88
24,32,1364409896063,32,1364409896223,160,272,344,184
24,73,1364409896319,73,1364409896407,88,256,184,96
24,32,1364409896471,32,1364409896615,144,152,208,64
24,72,1364409897271,72,1364409897359,88,800,744,656
24,65,1364409897479,65,1364409897615,136,208,256,120
24,68,1364409897719,68,1364409897871,152,240,256,104
24,32,1364409897872,32,1364409897991,119,153,120,1
24,65,1364409898039,65,1364409898191,152,167,200,48
24,32,1364409898191,32,1364409898311,120,152,120,0
24,67,1364409898447,67,1364409898615,168,256,304,136
24,76,1364409898663,76,1364409898775,112,216,160,48
24,65,1364409898775,65,1364409898903,128,112,128,0
24,83,1364409899031,83,1364409899175,144,256,272,128
24,83,1364409899327,83,1364409899455,128,296,280,152
24,32,1364409899511,32,1364409899631,120,184,176,56
24,65,1364409899759,65,1364409899927,168,248,296,128
24,66,1364409900191,66,1364409900319,128,432,392,264
24,79,1364409900343,79,1364409900423,80,152,104,24
24,85,1364409900471,85,1364409900559,88,128,136,48
24,84,1364409900559,84,1364409900687,128,88,128,0
24,32,1364409900703,32,1364409900855,152,144,168,16
24,87,1364409901735,87,1364409901855,120,1032,1000,880
24,82,1364409902279,82,1364409902391,112,544,536,424
24,73,1364409902415,73,1364409902503,88,136,112,24
24,84,1364409902607,84,1364409902703,96,192,200,104
24,73,1364409902943,73,1364409903015,72,336,312,240
24,78,1364409903087,78,1364409903151,64,144,136,72
24,71,1364409903255,71,1364409903327,72,168,176,104
24,190,1364409903463,190,1364409903567,104,208,240,136
24,32,1364409903639,32,1364409903767,128,176,200,72
24,87,1364409904295,87,1364409904391,96,656,624,528
24,69,1364409904639,69,1364409904783,144,344,392,248
24,32,1364409904855,32,1364409904959,104,216,176,72
24,87,1364409905119,87,1364409905287,168,264,328,160
24,69,1364409905479,69,1364409905607,128,360,320,192
24,78,1364409905671,78,1364409905758,87,192,151,64
24,84,1364409905799,84,1364409905919,120,128,161,41
24,32,1364409905919,32,1364409906030,111,120,111,0
24,84,1364409906190,84,1364409906318,128,271,288,160
24,72,1364409906390,72,1364409906494,104,200,176,72
24,82,1364409906646,82,1364409906766,120,256,272,152
24,79,1364409906782,79,1364409906886,104,136,120,16
24,85,1364409906935,85,1364409907038,103,153,152,49
24,71,1364409907191,71,1364409907319,128,256,281,153
24,72,1364409907463,72,1364409907559,96,272,240,144
24,32,1364409907575,32,1364409907711,136,112,152,16
24,84,1364409907759,84,1364409907895,136,184,184,48
24,72,1364409907959,72,1364409908047,88,200,152,64
24,69,1364409908095,69,1364409908207,112,136,160,48
24,32,1364409908784,32,1364409908927,143,689,720,577
24,74,1364409909096,74,1364409909223,127,312,296,169
24,69,1364409909407,69,1364409909519,112,311,296,184
24,78,1364409909743,78,1364409909856,113,336,337,224
24,71,1364409910079,71,1364409910183,104,336,327,223
24,222,1364409911167,222,1364409911247,80,1088,1064,984
24,83,1364409911327,83,1364409911463,136,160,216,80
24,32,1364409911511,32,1364409911631,120,184,168,48
24,83,1364409911863,83,1364409912032,169,352,401,232
24,8,1364409912703,8,1364409912791,88,840,759,671
24,87,1364409912775,87,1364409912903,128,72,112,-16
24,82,1364409913000,82,1364409913127,127,225,224,97
24,73,1364409913128,73,1364409913199,71,128,72,1
24,84,1364409913287,84,1364409913391,104,159,192,88
24,73,1364409913519,73,1364409913583,64,232,192,128
24,78,1364409913656,78,1364409913735,79,137,152,73
24,71,1364409913767,71,1364409913871,104,111,136,32
24,190,1364409914031,190,1364409914135,104,264,264,160
24,32,1364409914159,32,1364409914287,128,128,152,24
24,72,1364409915231,72,1364409915319,88,1072,1032,944
24,69,1364409915407,69,1364409915535,128,176,216,88
24,32,1364409915511,32,1364409915615,104,104,80,-24
24,87,1364409915831,87,1364409915967,136,320,352,216
24,79,1364409916030,79,1364409916103,73,199,136,63
24,82,1364409916199,82,1364409916343,144,169,240,96
24,8,1364409916751,8,1364409916800,49,552,457,408
24,8,1364409916887,8,1364409916975,88,136,175,87
24,82,1364409916991,82,1364409917111,120,104,136,16
24,79,1364409917143,79,1364409917223,80,152,112,32
24,84,1364409917311,84,1364409917415,104,168,192,88
24,69,1364409917535,69,1364409917663,128,224,248,120
24,32,1364409917623,32,1364409917743,120,88,80,-40
24,65,1364409917823,65,1364409917951,128,200,208,80
24,32,1364409917967,32,1364409918087,120,144,136,16
24,77,1364409918703,77,1364409918775,72,736,688,616
24,65,1364409918799,65,1364409918959,160,96,184,24
24,78,1364409919023,78,1364409919063,40,224,104,64
24,78,1364409919735,78,1364409919799,64,712,736,672
24,85,1364409919935,85,1364409920015,80,200,216,136
24,8,1364409920447,8,1364409920479,32,512,464,432
24,8,1364409920567,8,1364409920632,65,120,153,88
24,8,1364409920735,8,1364409920807,72,168,175,103
24,78,1364409921367,78,1364409921439,72,632,632,560
24,85,1364409921567,85,1364409921639,72,200,200,128
24,83,1364409921712,83,1364409921847,135,145,208,73
24,67,1364409921951,67,1364409922079,128,239,232,104
24,82,1364409922247,82,1364409922374,127,296,295,168
24,73,1364409922343,73,1364409922406,63,96,32,-31
24,80,1364409922558,80,1364409922646,88,215,240,152
24,84,1364409922695,84,1364409922831,136,137,185,49
24,32,1364409922831,32,1364409922950,119,136,119,0
24,65,1364409923063,65,1364409923159,96,232,209,113
24,66,1364409923295,66,1364409923415,120,232,256,136
24,79,1364409923375,79,1364409923455,80,80,40,-40
24,85,1364409923470,85,1364409923566,96,95,111,15
24,84,1364409923606,84,1364409923726,120,136,160,40
24,32,1364409924070,32,1364409924190,120,464,464,344
24,84,1364409925472,84,1364409925599,127,1402,1409,1282
24,72,1364409925567,72,1364409925656,89,95,57,-32
24,69,1364409925727,69,1364409925847,120,160,191,71
24,32,1364409925800,32,1364409925919,119,73,72,-47
24,78,1364409925983,78,1364409926063,80,183,144,64
24,65,1364409926087,65,1364409926256,169,104,193,24
24,78,1364409926168,78,1364409926256,88,81,0,-88
24,79,1364409926336,79,1364409926416,80,168,160,80
24,87,1364409926751,87,1364409926855,104,415,439,335
24,73,1364409926856,73,1364409926935,79,105,80,1
24,69,1364409927016,69,1364409927151,135,160,216,81
24,82,1364409927135,82,1364409927232,97,119,81,-16
24,69,1364409927271,69,1364409927367,96,136,135,39
24,83,1364409927567,83,1364409927711,144,296,344,200
24,188,1364409928783,188,1364409928863,80,1216,1152,1072
24,32,1364409928951,32,1364409929095,144,168,232,88
24,83,1364409930271,83,1364409930423,152,1320,1328,1176
24,79,1364409930375,79,1364409930439,64,104,16,-48
24,77,1364409930495,77,1364409930575,80,120,136,56
24,69,1364409930687,69,1364409930783,96,192,208,112
24,84,1364409930903,84,1364409931023,120,216,240,120
24,72,1364409930999,72,1364409931079,80,96,56,-24
24,73,1364409931135,73,1364409931215,80,136,136,56
24,78,1364409931263,78,1364409931351,88,128,136,48
24,71,1364409931399,71,1364409931535,136,136,184,48
24,32,1364409931535,32,1364409931631,96,136,96,0
24,87,1364409931911,87,1364409931999,88,376,368,280
24,65,1364409932119,65,1364409932223,104,208,224,120
24,83,1364409932287,83,1364409932415,128,168,192,64
24,32,1364409932415,32,1364409932543,128,128,128,0
24,83,1364409932615,83,1364409932743,128,200,200,72
24,84,1364409932855,84,1364409932975,120,240,232,112
24,82,1364409933151,82,1364409933263,112,296,288,176
24,65,1364409933423,65,1364409933583,160,272,320,160
24,78,1364409933657,78,1364409933751,94,234,168,74
24,71,1364409933791,71,1364409933895,104,134,144,40
24,69,1364409934015,69,1364409934143,128,224,248,120
24,32,1364409934087,32,1364409934207,120,72,64,-56
24,70,1364409934351,70,1364409934455,104,264,248,144
24,79,1364409934511,79,1364409934615,104,160,160,56
24,82,1364409934583,82,1364409934719,136,72,104,-32
24,32,1364409934695,32,1364409934839,144,112,120,-24
24,77,1364409935119,77,1364409935207,88,424,368,280
24,69,1364409935263,69,1364409935383,120,144,176,56
24,190,1364409935519,190,1364409935647,128,256,264,136
24,32,1364409935639,32,1364409935751,112,120,104,-8
24,73,1364409935959,73,1364409936031,72,320,280,208
24,32,1364409936079,32,1364409936183,104,120,152,48
24,84,1364409936319,84,1364409936447,128,240,264,136
24,72,1364409936415,72,1364409936487,72,96,40,-32
24,73,1364409936567,73,1364409936655,88,152,168,80
24,78,1364409936743,78,1364409936823,80,176,168,88
24,75,1364409936927,75,1364409937039,112,184,216,104
24,32,1364409937151,32,1364409937263,112,224,224,112
24,72,1364409937656,72,1364409937735,79,505,472,393
24,69,1364409937951,69,1364409938063,112,295,328,216
24,32,1364409938455,32,1364409938551,96,504,488,392
24,70,1364409938703,70,1364409938847,144,248,296,152
24,79,1364409938895,79,1364409938991,96,192,144,48
24,82,1364409939007,82,1364409939135,128,112,144,16
24,71,1364409939399,71,1364409939487,88,392,352,264
24,79,1364409939679,79,1364409939759,80,280,272,192
24,84,1364409939783,84,1364409939911,128,104,152,24
24,32,1364409939943,32,1364409940071,128,160,160,32
24,84,1364409940159,84,1364409940295,136,216,224,88
24,79,1364409940503,79,1364409940591,88,344,296,208
24,32,1364409940623,32,1364409940759,136,120,168,32
24,67,1364409943320,67,1364409943440,120,2697,2681,2561
24,79,1364409943384,79,1364409943456,72,64,16,-56
24,78,1364409943511,78,1364409943615,104,127,159,55
24,86,1364409943703,86,1364409943840,137,192,225,88
24,69,1364409943951,69,1364409944095,144,248,255,111
24,82,1364409944047,82,1364409944152,105,96,57,-48
24,84,1364409944263,84,1364409944359,96,216,207,111
24,32,1364409944327,32,1364409944455,128,64,96,-32
24,84,1364409944511,84,1364409944640,129,184,185,56
24,72,1364409944696,72,1364409944799,103,185,159,56
24,69,1364409944823,69,1364409944943,120,127,144,24
24,32,1364409944847,32,1364409944975,128,24,32,-96
24,70,1364409945423,70,1364409945551,128,576,576,448
24,189,1364409946367,189,1364409946439,72,944,888,816
24,90,1364409946727,90,1364409946895,168,360,456,288
24,32,1364409947007,32,1364409947120,113,280,225,112
24,67,1364409947303,67,1364409947439,136,296,319,183
24,79,1364409947391,79,1364409947512,121,88,73,-48
24,8,1364409948121,8,1364409948199,78,730,687,609
24,85,1364409948351,85,1364409948423,72,230,224,152
24,82,1364409948647,82,1364409948759,112,296,336,224
24,86,1364409948943,86,1364409949071,128,296,312,184
24,69,1364409949175,69,1364409949255,80,232,184,104
24,83,1364409949359,83,1364409949496,137,184,241,104
24,32,1364409949463,32,1364409949599,136,104,103,-33
24,84,1364409949655,84,1364409949783,128,192,184,56
24,79,1364409949832,79,1364409949935,103,177,152,49
24,32,1364409949871,32,1364409949983,112,39,48,-64
24,70,1364409950231,70,1364409950343,112,360,360,248
24,189,1364409951087,189,1364409951159,72,856,816,744
24,68,1364409951239,68,1364409951383,144,152,224,80
24,32,1364409951423,32,1364409951559,136,184,176,40
24,67,1364409951759,67,1364409951895,136,336,336,200
24,85,1364409951911,85,1364409951967,56,152,72,16
24,82,1364409952079,82,1364409952215,136,168,248,112
24,86,1364409952407,86,1364409952543,136,328,328,192
24,69,1364409952639,69,1364409952719,80,232,176,96
24,83,1364409952824,83,1364409952959,135,185,240,105
24,190,1364409953047,190,1364409953159,112,223,200,88
24,32,1364409953231,32,1364409953367,136,184,208,72
24,66,1364409953647,66,1364409953783,136,416,416,280
24,85,1364409953863,85,1364409953967,104,216,184,80
24,84,1364409954239,84,1364409954287,48,376,320,272
24,84,1364409954527,84,1364409954663,136,288,376,240
24,32,1364409954719,32,1364409954839,120,192,176,56
24,72,1364409954991,72,1364409955079,88,272,240,152
24,69,1364409955255,69,1364409955375,120,264,296,176
24,73,1364481784729,73,1364481784801,72,119,144,72
24,32,1364481784817,32,1364481784937,120,88,136,16
24,84,1364481785041,84,1364481785145,104,224,208,104
24,79,1364481785161,79,1364481785241,80,120,96,16
24,68,1364481785305,68,1364481785409,104,144,168,64
24,65,1364481785465,65,1364481785617,152,160,208,56
24,89,1364481785641,89,1364481785705,64,176,88,24
24,32,1364481785729,32,1364481785849,120,88,144,24
24,73,1364481786073,73,1364481786145,72,344,296,224
24,32,1364481786185,32,1364481786305,120,112,160,40
24,77,1364481786881,77,1364481786954,73,696,649,576
24,65,1364481786985,65,1364481787121,136,104,167,31
24,68,1364481787193,68,1364481787257,64,208,136,72
24,69,1364481787377,69,1364481787489,112,184,232,120
24,32,1364481787489,32,1364481787625,136,112,136,0
24,65,1364481787865,65,1364481788017,152,376,392,240
24,32,1364481788009,32,1364481788137,128,144,120,-8
24,82,1364481788289,82,1364481788425,136,280,288,152
24,69,1364481788785,69,1364481788881,96,496,456,360
24,83,1364481789049,83,1364481789153,104,264,272,168
24,69,1364481789249,69,1364481789417,168,200,264,96
24,82,1364481789329,82,1364481789441,112,80,24,-88
24,86,1364481789633,86,1364481789801,168,304,360,192
24,65,1364481789833,65,1364481789953,120,200,152,32
24,84,1364481790033,84,1364481790161,128,200,208,80
24,73,1364481790217,73,1364481790297,80,184,136,56
24,79,1364481790353,79,1364481790457,104,136,160,56
24,78,1364481790457,78,1364481790521,64,104,64,0
24,32,1364481790553,32,1364481790681,128,96,160,32
24,70,1364481790761,70,1364481790857,96,208,176,80
24,79,1364481790913,79,1364481791001,88,152,144,56
24,82,1364481791001,82,1364481791161,160,88,160,0
24,32,1364481791161,32,1364481791281,120,160,120,0
24,77,1364481791281,77,1364481791353,72,120,72,0
24,89,1364481791689,89,1364481791753,64,408,400,336
24,32,1364481791841,32,1364481791945,104,152,192,88
24,67,1364481792113,67,1364481792241,128,272,296,168
24,79,1364481792201,79,1364481792281,80,88,40,-40
24,77,1364481792329,77,1364481792401,72,128,120,48
24,80,1364481792513,80,1364481792593,80,184,192,112
24,82,1364481792697,82,1364481792873,176,184,280,104
24,69,1364481792801,69,1364481792921,120,104,48,-72
24,72,1364481793097,72,1364481793161,64,296,240,176
24,69,1364481793249,69,1364481793361,112,152,200,88
24,78,1364481793401,78,1364481793465,64,152,104,40
24,83,1364481793569,83,1364481793697,128,168,232,104
24,73,1364481793697,73,1364481793777,80,128,80,0
24,86,1364481794497,86,1364481794633,136,800,856,720
24,69,1364481794729,69,1364481794841,112,232,208,96
24,32,1364481794801,32,1364481794937,136,72,96,-40
24,69,1364481795129,69,1364481795217,88,328,280,192
24,88,1364481795369,88,1364481795481,112,240,264,152
24,65,1364481795585,65,1364481795721,136,216,240,104
24,77,1364481795697,77,1364481795777,80,112,56,-24
24,190,1364481795881,190,1364481795985,104,184,208,104
24,32,1364481796073,32,1364481796161,88,192,176,88
24,76,1364481798049,76,1364481798160,111,1976,1999,1888
24,65,1364481798329,65,1364481798464,135,280,304,169
24,85,1364481798649,85,1364481798721,72,320,257,185
24,82,1364481799168,82,1364481799296,128,519,575,447
24,73,1364481799328,73,1364481799400,72,160,104,32
24,69,1364481799633,69,1364481799769,136,305,369,233
24,32,1364481799849,32,1364481799970,121,216,201,80
24,72,1364481800145,72,1364481800218,73,296,248,175
24,69,1364481800316,69,1364481800426,110,171,208,98
24,76,1364481800442,76,1364481800546,104,126,120,16
24,80,1364481800706,80,1364481800817,111,264,271,160
24,69,1364481800962,69,1364481801017,55,256,200,145
24,68,1364481801241,68,1364481801377,136,279,360,224
24,32,1364481801474,32,1364481801611,137,233,234,97
24,77,1364481801938,77,1364481802025,87,464,414,327
24,69,1364481802073,69,1364481802217,144,135,192,48
24,32,1364481802217,32,1364481802337,120,144,120,0
24,84,1364481803001,84,1364481803065,64,784,728,664
24,8,1364481803889,8,1364481803954,65,888,889,824
24,8,1364481804041,8,1364481804121,80,152,167,87
24,79,1364481804297,79,1364481804393,96,256,272,176
24,32,1364481804433,32,1364481804537,104,136,144,40
24,82,1364481804657,82,1364481804801,144,224,264,120
24,69,1364481804737,69,1364481804833,96,80,32,-64
24,83,1364481804969,83,1364481805049,80,232,216,136
24,69,1364481805161,69,1364481805353,192,192,304,112
24,82,1364481805297,82,1364481805425,128,136,72,-56
24,86,1364481805613,86,1364481805705,92,316,280,188
24,69,1364481805809,69,1364481805929,120,196,224,104
24,32,1364481805897,32,1364481806017,120,88,88,-32
24,65,1364481806097,65,1364481806217,120,200,200,80
24,32,1364481806217,32,1364481806321,104,120,104,0
24,82,1364481806385,82,1364481806489,104,168,168,64
24,79,1364481806617,79,1364481806689,72,232,200,128
24,79,1364481806761,79,1364481806833,72,144,144,72
24,77,1364481806921,77,1364481806985,64,160,152,88
24,190,1364481807057,190,1364481807161,104,136,176,72
24,32,1364481807249,32,1364481807345,96,192,184,88
24,73,1364481808385,73,1364481808473,88,1136,1128,1040
24,32,1364481808618,32,1364481808793,175,233,320,145
24,65,1364481808865,65,1364481809017,152,247,224,72
24,77,1364481808985,77,1364481809065,80,120,48,-32
24,32,1364481809153,32,1364481809305,152,168,240,88
24,86,1364481809705,86,1364481809857,152,552,552,400
24,69,1364481809969,69,1364481810129,160,264,272,112
24,82,1364481810065,82,1364481810201,136,96,72,-64
24,32,1364481810225,32,1364481810345,120,160,144,24
24,8,1364481810865,8,1364481810977,112,640,632,520
24,89,1364481811113,89,1364481811185,72,248,208,136
24,32,1364481811225,32,1364481811361,136,112,176,40
24,72,1364481811601,72,1364481811665,64,376,304,240
24,65,1364481811793,65,1364481811929,136,192,264,128
24,80,1364481811929,80,1364481812009,80,136,80,0
24,80,1364481812129,80,1364481812249,120,200,240,120
24,89,1364481812441,89,1364481812505,64,312,256,192
24,32,1364481813689,32,1364481813825,136,1248,1320,1184
24,84,1364481813897,84,1364481814017,120,208,192,72
24,72,1364481814017,72,1364481814041,24,120,24,0
24,65,1364481814161,65,1364481814305,144,144,264,120
24,84,1364481814497,84,1364481814657,160,336,352,192
24,32,1364481814657,32,1364481814769,112,160,112,0
24,73,1364481815025,73,1364481815113,88,368,344,256
24,32,1364481815153,32,1364481815257,104,128,144,40
24,71,1364481815400,71,1364481815537,137,247,280,143
24,79,1364481815537,79,1364481815617,80,137,80,0
24,84,1364481815736,84,1364481815881,145,199,264,119
24,32,1364481815881,32,1364481815993,112,145,112,0
24,69,1364481816249,69,1364481816393,144,368,400,256
24,77,1364481816441,77,1364481816529,88,192,136,48
24,65,1364481816593,65,1364481816777,184,152,248,64
24,73,1364481816777,73,1364481816832,55,184,55,0
24,76,1364481816952,76,1364481817058,106,175,226,120
24,32,1364481817442,32,1364481817562,120,490,504,384
24,70,1364481817753,70,1364481817841,88,311,279,191
24,82,1364481817961,82,1364481818121,160,208,280,120
24,79,1364481818049,79,1364481818153,104,88,32,-72
24,77,1364481818201,77,1364481818265,64,152,112,48
24,32,1364481818266,32,1364481818353,87,65,88,1
24,65,1364481818489,65,1364481818657,168,223,304,136
24,76,1364481818626,76,1364481818681,55,137,24,-31
24,76,1364481818793,76,1364481818866,73,167,185,112
24,32,1364481818866,32,1364481818977,111,73,111,0
24,67,1364481819313,67,1364481819458,145,447,481,336
24,79,1364481819426,79,1364481819497,71,113,39,-32
24,77,1364481819577,77,1364481819641,64,151,144,80
24,77,1364481819729,77,1364481819793,64,152,152,88
24,73,1364481819873,73,1364481819953,80,144,160,80
24,69,1364481820145,69,1364481820297,152,272,344,192
24,8,1364481820929,8,1364481821009,80,784,712,632
24,84,1364481821041,84,1364481821161,120,112,152,32
24,84,1364481821457,84,1364481821577,120,416,416,296
24,69,1364481821761,69,1364481821849,88,304,272,184
24,69,1364481822073,69,1364481822209,136,312,360,224
24,32,1364481822209,32,1364481822337,128,136,128,0
24,77,1364481822569,77,1364481822657,88,360,320,232
24,69,1364481822689,69,1364481822817,128,120,160,32
24,77,1364481822801,77,1364481822889,88,112,72,-16
24,66,1364481823049,66,1364481823169,120,248,280,160
24,69,1364481823329,69,1364481823505,176,280,336,160
24,82,1364481823401,82,1364481823529,128,72,24,-104
24,83,1364481823913,83,1364481824073,160,512,544,384
24,32,1364481824129,32,1364481824305,176,216,232,56
24,65,1364481824841,65,1364481824969,128,712,664,536
24,79,1364481825017,79,1364481825105,88,176,136,48
24,66,1364481825129,66,1364481825233,104,112,128,24
24,85,1364481825329,85,1364481825401,72,200,168,96
24,84,1364481825474,84,1364481825601,127,145,200,73
24,32,1364481825993,32,1364481826113,120,519,512,392
24,84,1364481826257,84,1364481826393,136,264,280,144
24,72,1364481826465,72,1364481826513,48,208,120,72
24,69,1364481826593,69,1364481826705,112,128,192,80
24,73,1364481826761,73,1364481826833,72,168,128,56
24,82,1364481826905,82,1364481827041,136,144,208,72
24,32,1364481827041,32,1364481827137,96,136,96,0
24,65,1364481827369,65,1364481827505,136,328,368,232
24,86,1364481827657,86,1364481827753,96,288,248,152
24,65,1364481827897,65,1364481828049,152,240,296,144
24,73,1364481828281,73,1364481828353,72,384,304,232
24,76,1364481828457,76,1364481828545,88,176,192,104
24,65,1364481828529,65,1364481828665,136,72,120,-16
24,66,1364481828833,66,1364481828953,120,304,288,168
24,73,1364481829321,73,1364481829377,56,488,424,368
24,76,1364481829481,76,1364481829593,112,160,216,104
24,73,1364481829537,73,1364481829649,112,56,56,-56
24,84,1364481829713,84,1364481829841,128,176,192,64
24,89,1364481829857,89,1364481829929,72,144,88,16
24,190,1364481830065,190,1364481830145,80,208,216,136
24,32,1364481830249,32,1364481830385,136,184,240,104
24,78,1364481830505,78,1364481830577,72,256,192,120
24,79,1364481830649,79,1364481830745,96,144,168,72
24,87,1364481830745,87,1364481830889,144,96,144,0
24,32,1364481830953,32,1364481831065,112,208,176,64
24,73,1364481831457,73,1364481831521,64,504,456,392
24,83,1364481831761,83,1364481831913,152,304,392,240
24,32,1364481831929,32,1364481832051,122,168,138,16
24,84,1364481832113,84,1364481832249,136,184,198,62
24,72,1364481832385,72,1364481832441,56,272,192,136
24,69,1364481832595,69,1364481832729,134,210,288,154
24,32,1364481832729,32,1364481832848,119,134,119,0
24,84,1364481833216,84,1364481833353,137,487,505,368
24,73,1364481833353,73,1364481833400,47,137,47,0
24,77,1364481833496,77,1364481833561,65,143,161,96
24,69,1364481833600,69,1364481833744,144,104,183,39
24,32,1364481833704,32,1364481833833,129,104,89,-40
24,84,1364481833937,84,1364481834064,127,233,231,104
24,79,1364481834128,79,1364481834240,112,191,176,64
24,32,1364481834224,32,1364481834352,128,96,112,-16
24,70,1364481834657,70,1364481834801,144,433,449,305
24,79,1364481834753,79,1364481834833,80,96,32,-48
24,85,1364481834921,85,1364481834977,56,168,144,88
24,67,1364481835153,67,1364481835321,168,232,344,176
24,8,1364481835633,8,1364481835705,72,480,384,312
24,8,1364481835777,8,1364481835873,96,144,168,72
24,67,1364481835913,67,1364481836042,129,136,169,40
24,85,1364481836042,85,1364481836089,47,129,47,0
24,83,1364481836185,83,1364481836329,144,143,240,96
24,32,1364481836313,32,1364481836409,96,128,80,-16
24,79,1364481836633,79,1364481836713,80,320,304,224
24,78,1364481836753,78,1364481836809,56,120,96,40
24,32,1364481836825,32,1364481836921,96,72,112,16
24,77,1364481837033,77,1364481837121,88,208,200,112
24,89,1364481837297,89,1364481837377,80,264,256,176
24,32,1364481837433,32,1364481837561,128,136,184,56
24,70,1364481838209,70,1364481838265,56,776,704,648
24,80,1364481838241,80,1364481838361,120,32,96,-24
24,8,1364481838817,8,1364481838873,56,576,512,456
24,8,1364481838953,8,1364481839025,72,136,152,80
24,80,1364481839185,80,1364481839313,128,232,288,160
24,82,1364481839353,82,1364481839513,160,168,200,40
24,69,1364481839465,69,1364481839553,88,112,40,-48
24,69,1364481839850,69,1364481840001,151,385,448,297
24,8,1364481840497,8,1364481840593,96,647,592,496
24,83,1364481840617,83,1364481840721,104,120,128,24
24,78,1364481840721,78,1364481840769,48,104,48,0
24,69,1364481840849,69,1364481840945,96,128,176,80
24,84,1364481841057,84,1364481841161,104,208,216,112
24,65,1364481841273,65,1364481841409,136,216,248,112
24,84,1364481841473,84,1364481841617,144,200,208,64
24,73,1364481841617,73,1364481841697,80,144,80,0
24,79,1364481841769,79,1364481841897,128,152,200,72
24,78,1364481841857,78,1364481841929,72,88,32,-40
24,190,1364481842081,190,1364481842185,104,224,256,152
24,32,1364481842233,32,1364481842361,128,152,176,48
24,66,1364481842657,66,1364481842777,120,424,416,296
24,85,1364481842993,85,1364481843073,80,336,296,216
24,84,1364481843169,84,1364481843321,152,176,248,96
24,32,1364481843321,32,1364481843425,104,152,104,0
24,73,1364481843569,73,1364481843641,72,248,216,144
24,84,1364481843865,84,1364481844049,184,296,408,224
24,32,1364481844033,32,1364481844161,128,168,112,-16
24,87,1364481844329,87,1364481844417,88,296,256,168
24,73,1364481844817,73,1364481844889,72,488,472,400
24,76,1364481845001,76,1364481845081,80,184,192,112
24,76,1364481845177,76,1364481845241,64,176,160,96
24,32,1364481845193,32,1364481845305,112,16,64,-48
24,84,1364481845377,84,1364481845481,104,184,176,72
24,65,1364481845569,65,1364481845689,120,192,208,88
24,75,1364481845649,75,1364481845721,72,80,32,-40
24,69,1364481845825,69,1364481845953,128,176,232,104
24,32,1364481845953,32,1364481846049,96,128,96,0
24,84,1364481846114,84,1364481846209,95,161,160,65
24,73,1364481846185,73,1364481846249,64,71,40,-24
24,77,1364481846329,77,1364481846393,64,144,144,80
24,69,1364481846425,69,1364481846505,80,96,112,32
24,190,1364481846521,190,1364481846585,64,96,80,16
24,79,1365015647663,79,1365015647759,96,815,776,680
24,68,1365015647814,68,1365015647926,112,151,167,55
24,65,1365015647966,65,1365015648151,185,152,225,40
24,89,1365015648151,89,1365015648207,56,185,56,0
24,32,1365015648255,32,1365015648391,136,104,184,48
24,73,1365015648607,73,1365015648703,96,352,312,216
24,32,1365015648703,32,1365015648814,111,96,111,0
24,87,1365015649078,87,1365015649190,112,375,376,264
24,79,1365015649191,79,1365015649270,79,113,80,1
24,82,1365015649495,82,1365015649598,103,304,328,225
24,75,1365015649638,75,1365015649718,80,143,120,40
24,8,1365015650119,8,1365015650166,47,481,448,401
24,8,1365015650254,8,1365015650334,80,135,168,88
24,75,1365015650494,75,1365015650566,72,240,232,160
24,69,1365015650630,69,1365015650766,136,136,200,64
24,32,1365015650767,32,1365015650878,111,137,112,1
24,65,1365015650958,65,1365015651086,128,191,208,80
24,8,1365015651470,8,1365015651558,88,512,472,384
24,85,1365015651686,85,1365015651758,72,216,200,128
24,80,1365015651902,80,1365015651990,88,216,232,144
24,32,1365015652127,32,1365015652230,103,225,240,137
24,65,1365015652334,65,1365015652462,128,207,232,104
24,82,1365015652558,82,1365015652686,128,224,224,96
24,79,1365015652718,79,1365015652798,80,160,112,32
24,85,1365015652870,85,1365015652942,72,152,144,72
24,78,1365015653054,78,1365015653142,88,184,200,112
24,68,1365015653190,68,1365015653318,128,136,176,48
24,32,1365015653302,32,1365015653422,120,112,104,-16
24,57,1365015654046,57,1365015654110,64,744,688,624
24,32,1365015654182,32,1365015654286,104,136,176,72
24,65,1365015654310,65,1365015654478,168,128,192,24
24,77,1365015654438,77,1365015654526,88,128,48,-40
24,32,1365015654614,32,1365015654710,96,176,184,88
24,73,1365015654758,73,1365015654822,64,144,112,48
24,78,1365015654894,78,1365015654966,72,136,144,72
24,32,1365015654966,32,1365015655054,88,72,88,0
24,84,1365015655182,84,1365015655286,104,216,232,128
24,72,1365015655286,72,1365015655350,64,104,64,0
24,69,1365015655422,69,1365015655534,112,136,184,72
24,32,1365015655502,32,1365015655590,88,80,56,-32
24,77,1365015655654,77,1365015655752,98,152,162,64
24,79,1365015655798,79,1365015655886,88,144,134,46
24,82,1365015655910,82,1365015656014,104,112,128,24
24,78,1365015656254,78,1365015656350,96,344,336,240
24,73,1365015656406,73,1365015656478,72,152,128,56
24,78,1365015656510,78,1365015656582,72,104,104,32
24,71,1365015656646,71,1365015656751,105,136,169,64
24,190,1365015656830,190,1365015656934,104,184,183,79
24,32,1365015656935,32,1365015657038,103,105,104,1
24,84,1365015657422,84,1365015657526,104,487,488,384
24,72,1365015657502,72,1365015657574,72,80,48,-24
24,69,1365015657662,69,1365015657782,120,160,208,88
24,78,1365015657782,78,1365015657846,64,120,64,0
24,32,1365015657894,32,1365015657990,96,112,144,48
24,73,1365015658343,73,1365015658415,72,449,425,353
24,32,1365015658487,32,1365015658591,104,144,176,72
24,71,1365015658735,71,1365015658847,112,248,256,144
24,65,1365015658887,65,1365015659023,136,152,176,40
24,86,1365015659143,86,1365015659231,88,256,208,120
24,69,1365015659351,69,1365015659471,120,208,240,120
24,32,1365015659431,32,1365015659535,104,80,64,-40
24,65,1365015659631,65,1365015659767,136,200,232,96
24,32,1365015659736,32,1365015659847,111,105,80,-31
24,67,1365015659912,67,1365015660023,111,176,176,65
24,65,1365015660073,65,1365015660223,150,161,200,50
24,76,1365015660200,76,1365015660263,63,127,40,-23
24,76,1365015660359,76,1365015660447,88,159,184,96
24,32,1365015660423,32,1365015660527,104,64,80,-24
24,84,1365015660663,84,1365015660807,144,240,280,136
24,79,1365015660807,79,1365015660911,104,144,104,0
24,32,1365015660847,32,1365015660951,104,40,40,-64
24,77,1365015661015,77,1365015661111,96,168,160,64
24,65,1365015661167,65,1365015661303,136,152,192,56
24,89,1365015661303,89,1365015661375,72,136,72,0
24,32,1365015661527,32,1365015661583,56,224,208,152
24,8,1365015662175,8,1365015662255,80,648,672,592
24,8,1365015662335,8,1365015662431,96,160,176,80
24,8,1365015662655,8,1365015662767,112,320,336,224
24,89,1365015662919,89,1365015663007,88,264,240,152
24,32,1365015663047,32,1365015663159,112,128,152,40
24,77,1365015663247,77,1365015663311,64,200,152,88
24,79,1365015663407,79,1365015663487,80,160,176,96
24,84,1365015663535,84,1365015663631,96,128,144,48
24,72,1365015663719,72,1365015663783,64,184,152,88
24,69,1365015663863,69,1365015664007,144,144,224,80
24,82,1365015663967,82,1365015664079,112,104,72,-40
24,32,1365015664079,32,1365015664191,112,112,112,0
24,66,1365015665103,66,1365015665223,120,1024,1032,912
24,85,1365015665279,85,1365015665327,48,176,104,56
24,84,1365015665391,84,1365015665511,120,112,184,64
24,32,1365015665479,32,1365015665606,127,88,95,-32
24,73,1365015665911,73,1365015665966,55,432,360,305
24,65,1365015666102,65,1365015666150,48,191,184,136
24,8,1365015666742,8,1365015666822,80,640,672,592
24,32,1365015666823,32,1365015666926,103,81,104,1
24,67,1365015667022,67,1365015667150,128,199,224,96
24,79,1365015667118,79,1365015667214,96,96,64,-32
24,85,1365015667215,85,1365015667278,63,97,64,1
24,76,1365015667390,76,1365015667502,112,175,224,112
24,68,1365015667630,68,1365015667774,144,240,272,128
24,78,1365015667798,78,1365015667886,88,168,112,24
24,222,1365015668662,222,1365015668734,72,864,848,776
24,84,1365015668790,84,1365015668910,120,128,176,56
24,32,1365015668886,32,1365015668998,112,96,88,-24
24,82,1365015669414,82,1365015669550,136,528,552,416
24,69,1365015669550,69,1365015669622,72,136,72,0
24,65,1365015669710,65,1365015669870,160,160,248,88
24,72,1365015670022,72,1365015670086,64,312,216,152
24,32,1365015670134,32,1365015670230,96,112,144,48
24,8,1365015670774,8,1365015670846,72,640,616,544
24,8,1365015670926,8,1365015671030,104,152,184,80
24,67,1365015671046,67,1365015671158,112,120,128,16
24,72,1365015671174,72,1365015671238,64,128,80,16
24,32,1365015671398,32,1365015671542,144,224,304,160
24,72,1365015671878,72,1365015671942,64,480,400,336
24,69,1365015672030,69,1365015672182,152,152,240,88
24,82,1365015672110,82,1365015672214,104,80,32,-72
24,190,1365015672310,190,1365015672406,96,200,192,96
24,32,1365015672438,32,1365015672558,120,128,152,32
24,84,1365015672854,84,1365015672974,120,416,416,296
24,72,1365015672958,72,1365015673014,56,104,40,-16
24,69,1365015673110,69,1365015673230,120,152,216,96
24,78,1365015673230,78,1365015673302,72,120,72,0
24,32,1365015673374,32,1365015673478,104,144,176,72
24,73,1365015674110,73,1365015674190,80,736,712,632
24,32,1365015674246,32,1365015674366,120,136,176,56
24,81,1365015674918,81,1365015675054,136,672,688,552
24,85,1365015675022,85,1365015675078,56,104,24,-32
24,73,1365015675430,73,1365015675494,64,408,416,352
24,67,1365015676023,67,1365015676143,120,593,649,529
24,75,1365015676199,75,1365015676271,72,176,128,56
24,76,1365015676447,76,1365015676599,152,248,328,176
24,89,1365015676735,89,1365015676791,56,288,192,136
24,32,1365015676855,32,1365015676983,128,120,192,64
24,72,1365015677159,72,1365015677247,88,304,264,176
24,65,1365015677271,65,1365015677383,112,112,136,24
24,68,1365015677463,68,1365015677583,120,192,200,80
24,32,1365015677575,32,1365015677671,96,112,88,-8
24,77,1365015677687,77,1365015677767,80,112,96,16
24,89,1365015677911,89,1365015677991,80,224,224,144
24,32,1365015678015,32,1365015678127,112,104,136,24
24,66,1365015678495,66,1365015678623,128,480,496,368
24,82,1365015678767,82,1365015678911,144,272,288,144
24,69,1365015678895,69,1365015678991,96,128,80,-16
24,65,1365015679095,65,1365015679199,104,200,208,104
24,75,1365015679247,75,1365015679319,72,152,120,48
24,70,1365015679631,70,1365015679743,112,384,424,312
24,65,1365015679823,65,1365015679911,88,192,168,80
24,83,1365015679983,83,1365015680087,104,160,176,72
24,84,1365015680175,84,1365015680271,96,192,184,88
24,32,1365015680895,32,1365015681047,152,720,776,624
24,65,1365015681191,65,1365015681343,152,296,296,144
24,78,1365015681343,78,1365015681407,64,152,64,0
24,68,1365015681479,68,1365015681575,96,136,168,72
24,32,1365015681535,32,1365015681647,112,56,72,-40
24,67,1365015681991,67,1365015682095,104,456,448,344
24,65,1365015682135,65,1365015682279,144,144,184,40
24,77,1365015682279,77,1365015682367,88,144,88,0
24,69,1365015682462,69,1365015682583,121,183,216,95
24,32,1365015682583,32,1365015682679,96,121,96,0
24,84,1365015682799,84,1365015682935,136,216,256,120
24,79,1365015682831,79,1365015682935,104,32,0,-104
24,32,1365015682983,32,1365015683127,144,152,192,48
24,84,1365015683127,84,1365015683254,127,144,127,0
24,72,1365015683311,72,1365015683391,80,184,137,57
24,69,1365015683391,69,1365015683502,111,80,111,0
24,32,1365015683447,32,1365015683558,111,56,56,-55
24,76,1365015683775,76,1365015683854,79,328,296,217
24,65,1365015683879,65,1365015683990,111,104,136,25
24,66,1365015684126,66,1365015684206,80,247,216,136
24,190,1365015684256,190,1365015684366,110,130,160,50
24,32,1365015684422,32,1365015684510,88,166,144,56
24,73,1365015684950,73,1365015685022,72,528,512,440
24,32,1365015685062,32,1365015685158,96,112,136,40
24,67,1365015685606,67,1365015685727,121,544,569,448
24,79,1365015685694,79,1365015685782,88,88,55,-33
24,78,1365015685846,78,1365015685918,72,152,136,64
24,68,1365015685998,68,1365015686119,121,152,201,80
24,73,1365015686159,73,1365015686238,79,161,119,40
24,8,1365015686910,8,1365015687014,104,751,776,672
24,8,1365015687134,8,1365015687230,96,224,216,120
24,84,1365015687366,84,1365015687478,112,232,248,136
24,73,1365015687671,73,1365015687742,71,305,264,193
24,78,1365015687854,78,1365015687918,64,183,176,112
24,85,1365015688054,85,1365015688126,72,200,208,136
24,69,1365015688606,69,1365015688686,80,552,560,480
24,68,1365015688814,68,1365015688942,128,208,256,128
24,32,1365015688918,32,1365015689063,145,104,121,-24
24,87,1365015689150,87,1365015689254,104,232,191,87
24,73,1365015689318,73,1365015689366,48,168,112,64
24,82,1365015689382,82,1365015689518,136,64,152,16
24,8,1365015689902,8,1365015689950,48,520,432,384
24,8,1365015690030,8,1365015690126,96,128,176,80
24,82,1365015690087,82,1365015690206,119,57,80,-39
24,73,1365015690262,73,1365015690342,80,175,136,56
24,84,1365015690359,84,1365015690462,103,97,120,17
24,73,1365015690630,73,1365015690702,72,271,240,168
24,78,1365015690774,78,1365015690846,72,144,144,72
24,71,1365015690902,71,1365015690990,88,128,144,56
24,32,1365015690966,32,1365015691078,112,64,88,-24
24,77,1365015691158,77,1365015691238,80,192,160,80
24,89,1365015691406,89,1365015691454,48,248,216,168
24,32,1365015691486,32,1365015691598,112,80,144,32
24,82,1365015691998,82,1365015692126,128,512,528,400
24,69,1365015692102,69,1365015692214,112,104,88,-24
24,77,1365015692262,77,1365015692318,56,160,104,48
24,8,1365015692870,8,1365015692974,104,608,656,552
24,83,1365015692958,83,1365015693087,129,88,113,-16
24,85,1365015693111,85,1365015693151,40,153,64,24
24,77,1365015693271,77,1365015693343,72,160,192,120
24,69,1365015693423,69,1365015693519,96,152,176,80
24,190,1365015693575,190,1365015693655,80,152,136,56
24,32,1365015693695,32,1365015693807,112,120,152,40
24,73,1365015694392,73,1365015694455,63,697,648,585
24,32,1365015694511,32,1365015694647,136,119,192,56
24,78,1365015694695,78,1365015694807,112,184,160,48
24,69,1365015694895,69,1365015694951,56,200,144,88
24,69,1365015695055,69,1365015695127,72,160,176,104
24,68,1365015695223,68,1365015695343,120,168,216,96
24,32,1365015695344,32,1365015695463,119,121,120,1
24,84,1365015695543,84,1365015695663,120,199,200,80
24,79,1365015695695,79,1365015695783,88,152,120,32
24,32,1365015695783,32,1365015695895,112,88,112,0
24,83,1365015696087,83,1365015696167,80,304,272,192
24,69,1365015696295,69,1365015696399,104,208,232,128
24,78,1365015696399,78,1365015696447,48,104,48,0
24,68,1365015696519,68,1365015696655,136,120,208,72
24,32,1365015696647,32,1365015696815,168,128,160,-8
24,73,1365015696943,73,1365015696999,56,296,184,128
24,84,1365015697039,84,1365015697175,136,96,176,40
24,32,1365015697143,32,1365015697239,96,104,64,-32
24,84,1365015697567,84,1365015697671,104,424,432,328
24,79,1365015697695,79,1365015697767,72,128,96,24
24,68,1365015697823,68,1365015697935,112,128,168,56
24,65,1365015698023,65,1365015698167,144,200,232,88
24,89,1365015698103,89,1365015698167,64,80,0,-64
24,190,1365015698327,190,1365015698415,88,224,248,160
24,32,1365015698503,32,1365015698591,88,176,176,88
24,73,1365015699535,73,1365015699607,72,1032,1016,944
24,32,1365015699959,32,1365015700095,136,424,488,352
24,84,1365015700598,84,1365015700719,121,639,624,503
24,72,1365015700719,72,1365015700774,55,121,55,0
24,78,1365015700926,78,1365015700998,72,207,224,152
24,69,1365015701094,69,1365015701238,144,168,240,96
24,32,1365015701214,32,1365015701335,121,120,97,-24
24,8,1365015701862,8,1365015701942,80,648,607,527
24,8,1365015702022,8,1365015702126,104,160,184,80
24,69,1365015702174,69,1365015702270,96,152,144,48
24,8,1365015702334,8,1365015702406,72,160,136,64
24,8,1365015702494,8,1365015702574,80,160,168,88
24,69,1365015702694,69,1365015702830,136,200,256,120
24,78,1365015702831,78,1365015702902,71,137,72,1
24,32,1365015702870,32,1365015702998,128,39,96,-32
24,87,1365015703086,87,1365015703198,112,216,200,88
24,78,1365015703502,78,1365015703526,24,416,328,304
24,69,1365015703798,69,1365015703902,104,296,376,272
24,8,1365015704310,8,1365015704390,80,512,488,408
24,8,1365015704454,8,1365015704558,104,144,168,64
24,69,1365015704582,69,1365015704710,128,128,152,24
24,78,1365015704726,78,1365015704790,64,144,80,16
24,32,1365015704838,32,1365015704950,112,112,160,48
24,84,1365015705014,84,1365015705126,112,176,176,64
24,8,1365015705534,8,1365015705606,72,520,480,408
24,8,1365015705670,8,1365015705766,96,136,160,64
24,84,1365015705790,84,1365015705902,112,120,136,24
24,32,1365015705902,32,1365015705998,96,112,96,0
24,84,1365015706054,84,1365015706174,120,152,176,56
24,79,1365015706230,79,1365015706310,80,176,136,56
24,32,1365015706286,32,1365015706406,120,56,96,-24
24,84,1365015706454,84,1365015706574,120,168,168,48
24,72,1365015706574,72,1365015706630,56,120,56,0
24,69,1365015706686,69,1365015706782,96,112,152,56
24,32,1365015706726,32,1365015706822,96,40,40,-56
24,87,1365015707166,87,1365015707294,128,440,472,344
24,84,1365015708054,84,1365015708158,104,888,864,760
24,73,1365015708150,73,1365015708222,72,96,64,-8
24,78,1365015708310,78,1365015708366,56,160,144,88
24,71,1365015708574,71,1365015708718,144,264,352,208
24,32,1365015708718,32,1365015708862,144,144,144,0
24,67,1365015708958,67,1365015709062,104,240,200,96
24,76,1365015709398,76,1365015709510,112,440,448,336
24,65,1365015709558,65,1365015709654,96,160,144,48
24,83,1365015709742,83,1365015709862,120,184,208,88
24,83,1365015709974,83,1365015710110,136,232,248,112
24,190,1365015710158,190,1365015710262,104,184,152,48
24,32,1365015710310,32,1365015710382,72,152,120,48
25,78,1364831355872,78,1364831355985,113,48,80,-33
25,67,1364831356072,67,1364831356168,96,200,183,87
25,76,1364831356169,76,1364831356280,111,97,112,1
25,85,1364831356281,85,1364831356368,87,112,88,1
25,68,1364831356369,68,1364831356496,127,88,128,1
25,69,1364831356448,69,1364831356584,136,79,88,-48
25,32,1364831356625,32,1364831356744,119,177,160,41
25,73,1364831357640,73,1364831357720,80,1015,976,896
25,79,1364831357720,79,1364831357808,88,80,88,0
25,83,1364831357977,83,1364831358080,103,257,272,169
25,84,1364831358264,84,1364831358368,104,287,288,184
25,82,1364831358504,82,1364831358640,136,240,272,136
25,69,1364831358600,69,1364831358720,120,96,80,-40
25,65,1364831358840,65,1364831358928,88,240,208,120
25,77,1364831359000,77,1364831359064,64,160,136,72
25,13,1364831363120,13,1364831363176,56,4120,4112,4056
25,16,1364831363872,16,1364831364337,465,752,1161,696
25,51,1364831364248,51,1364831364337,89,376,0,-89
25,73,1364831364633,73,1364831364737,104,385,400,296
25,78,1364831364721,78,1364831364809,88,88,72,-16
25,67,1364831364857,67,1364831364945,88,136,136,48
25,76,1364831364913,76,1364831365049,136,56,104,-32
25,85,1364831365025,85,1364831365129,104,112,80,-24
25,68,1364831365105,68,1364831365281,176,80,152,-24
25,69,1364831365225,69,1364831365369,144,120,88,-56
25,32,1364831365833,32,1364831365913,80,608,544,464
25,83,1364831368777,83,1364831368905,128,2944,2992,2864
25,84,1364831369113,84,1364831369241,128,336,336,208
25,82,1364831369193,82,1364831369305,112,80,64,-48
25,73,1364831369305,73,1364831369416,111,112,111,0
25,78,1364831369385,78,1364831369481,96,80,65,-31
25,71,1364831369465,71,1364831369552,87,80,71,-16
25,13,1364831371921,13,1364831372024,103,2456,2472,2369
25,13,1364831372137,13,1364831372216,79,216,192,113
25,85,1364831372912,85,1364831372984,72,775,768,696
25,83,1364831373097,83,1364831373184,87,185,200,113
25,73,1364831373200,73,1364831373336,136,103,152,16
25,78,1364831373304,78,1364831373408,104,104,72,-32
25,71,1364831373424,71,1364831373504,80,120,96,16
25,32,1364831373593,32,1364831373712,119,169,208,89
25,78,1364831373840,78,1364831373921,81,247,209,128
25,65,1364831373977,65,1364831374072,95,137,151,56
25,77,1364831374073,77,1364831374160,87,96,88,1
25,69,1364831374160,69,1364831374248,88,87,88,0
25,83,1364831374424,83,1364831374504,80,264,256,176
25,80,1364831374568,80,1364831374656,88,144,152,64
25,65,1364831374712,65,1364831374808,96,144,152,56
25,67,1364831374904,67,1364831375056,152,192,248,96
25,69,1364831375016,69,1364831375136,120,112,80,-40
25,32,1364831375176,32,1364831375280,104,160,144,40
25,83,1364831375312,83,1364831375416,104,136,136,32
25,84,1364831375520,84,1364831375632,112,208,216,104
25,68,1364831375776,68,1364831375864,88,256,232,144
25,186,1364831376208,186,1364831376288,80,432,424,344
25,13,1364831377114,13,1364831377225,111,906,937,826
25,13,1364831377520,13,1364831377664,144,406,439,295
25,73,1364831378408,73,1364831378512,104,888,848,744
25,78,1364831378496,78,1364831378640,144,88,128,-16
25,84,1364831378560,84,1364831378640,80,64,0,-80
25,32,1364831378640,32,1364831378752,112,80,112,0
25,77,1364831378856,77,1364831378952,96,216,200,104
25,65,1364831379056,65,1364831379120,64,200,168,104
25,73,1364831379176,73,1364831379312,136,120,192,56
25,78,1364831379272,78,1364831379384,112,96,72,-40
25,13,1364831381096,13,1364831381184,88,1824,1800,1712
25,13,1364831381913,13,1364831381961,48,817,777,729
25,13,1364831382073,13,1364831382169,96,160,208,112
25,67,1364831383233,67,1364831383321,88,1160,1152,1064
25,79,1364831383417,79,1364831383553,136,184,232,96
25,85,1364831383497,85,1364831383609,112,80,56,-56
25,84,1364831383609,84,1364831383713,104,112,104,0
25,188,1364831384449,188,1364831384649,200,840,936,736
25,16,1364831385073,16,1364831385401,328,624,752,424
25,222,1364831385313,222,1364831385401,88,240,0,-88
25,72,1364831385969,72,1364831386041,72,656,640,568
25,69,1364831386209,69,1364831386273,64,240,232,168
25,76,1364831386457,76,1364831386513,56,248,240,184
25,76,1364831386601,76,1364831386657,56,144,144,88
25,79,1364831386737,79,1364831386833,96,136,176,80
25,32,1364831387753,32,1364831387857,104,1016,1024,920
25,87,1364831388409,87,1364831388513,104,656,656,552
25,79,1364831388569,79,1364831388656,87,160,143,56
25,82,1364831388728,82,1364831388800,72,159,144,72
25,76,1364831388889,76,1364831388976,87,161,176,89
25,68,1364831389016,68,1364831389104,88,127,128,40
25,16,1364831389649,16,1364831389896,247,633,792,545
25,222,1364831389800,222,1364831389897,97,151,1,-96
25,188,1364831390304,188,1364831390529,225,504,632,407
25,69,1364831390600,69,1364831390680,80,296,151,71
25,78,1364831390808,78,1364831390912,104,208,232,128
25,68,1364831390832,68,1364831390912,80,24,0,-80
25,76,1364831391049,76,1364831391097,48,217,185,137
25,186,1364831391328,186,1364831391384,56,279,287,231
25,13,1364831392144,13,1364831392232,88,816,848,760
25,13,1364831392320,13,1364831392424,104,176,192,88
25,13,1364831393608,13,1364831393704,96,1288,1280,1184
25,13,1364831393840,13,1364831393896,56,232,192,136
25,13,1364831394192,13,1364831394264,72,352,368,296
25,13,1364831394368,13,1364831394448,80,176,184,104
25,68,1364831399136,68,1364831399232,96,4768,4784,4688
25,69,1364831399401,69,1364831399561,160,265,329,169
25,70,1364831399529,70,1364831399673,144,128,112,-32
25,32,1364831400377,32,1364831400497,120,848,824,704
25,72,1364831402497,72,1364831402577,80,2120,2080,2000
25,69,1364831402689,69,1364831402777,88,192,200,112
25,76,1364831403001,76,1364831403065,64,312,288,224
25,76,1364831403145,76,1364831403217,72,144,152,80
25,79,1364831403385,79,1364831403441,56,240,224,168
25,87,1364831404657,87,1364831404753,96,1272,1312,1216
25,79,1364831405793,79,1364831405857,64,1136,1104,1040
25,82,1364831405969,82,1364831406056,87,176,199,112
25,76,1364831406209,76,1364831406264,55,240,208,153
25,68,1364831406369,68,1364831406448,79,160,184,105
25,16,1364831409024,16,1364831409344,320,2655,2896,2576
25,186,1364831409248,186,1364831409352,104,224,8,-96
25,13,1364831409512,13,1364831409632,120,264,280,160
25,69,1366377101515,69,1366377101587,72,255,256,184
25,76,1366377101763,76,1366377101835,72,248,248,176
25,76,1366377101899,76,1366377101979,80,136,144,64
25,79,1366377102076,79,1366377102171,95,177,192,97
25,32,1366377102147,32,1366377102259,112,71,88,-24
25,84,1366377102331,84,1366377102419,88,184,160,72
25,72,1366377102443,72,1366377102515,72,112,96,24
25,69,1366377102588,69,1366377102723,135,145,208,73
25,82,1366377102675,82,1366377102819,144,87,96,-48
25,69,1366377102843,69,1366377102883,40,168,64,24
25,32,1366377103067,32,1366377103179,112,224,296,184
25,16,1366377103267,16,1366377103451,184,200,272,88
25,73,1366377103395,73,1366377103515,120,128,64,-56
25,32,1366377103451,32,1366377103571,120,56,56,-64
25,76,1366377103771,76,1366377103900,129,320,329,200
25,73,1366377103972,73,1366377104052,80,201,152,72
25,75,1366377104140,75,1366377104228,88,168,176,88
25,73,1366377104524,73,1366377104612,88,384,384,296
25,67,1366377104740,67,1366377104845,105,216,233,128
25,69,1366377104845,69,1366377104980,135,105,135,0
25,32,1366377104996,32,1366377105108,112,151,128,16
25,67,1366377105220,67,1366377105317,97,224,209,112
25,82,1366377105444,82,1366377105588,144,224,271,127
25,69,1366377105532,69,1366377105660,128,88,72,-56
25,65,1366377105700,65,1366377105796,96,168,136,40
25,77,1366377105860,77,1366377105988,128,160,192,64
25,32,1366377105948,32,1366377106092,144,88,104,-40
25,65,1366377106092,65,1366377106164,72,144,72,0
25,78,1366377106196,78,1366377106284,88,104,120,32
25,68,1366377106284,68,1366377106372,88,88,88,0
25,32,1366377106372,32,1366377106476,104,88,104,0
25,65,1366377106796,65,1366377106892,96,424,416,320
25,76,1366377106956,76,1366377107028,72,160,136,64
25,83,1366377107084,83,1366377107164,80,128,136,56
25,79,1366377107180,79,1366377107316,136,96,152,16
25,32,1366377107268,32,1366377107412,144,88,96,-48
25,80,1366377108444,80,1366377108604,160,1176,1192,1032
25,65,1366377108692,65,1366377108756,64,248,152,88
25,78,1366377108804,78,1366377108884,80,112,128,48
25,67,1366377109044,67,1366377109148,104,240,264,160
25,65,1366377109228,65,1366377109340,112,184,192,80
25,75,1366377109436,75,1366377109508,72,208,168,96
25,69,1366377109548,69,1366377109645,97,112,137,40
25,83,1366377109820,83,1366377109900,80,272,255,175
25,188,1366377110180,188,1366377110292,112,360,392,280
25,32,1366377110252,32,1366377110396,144,72,104,-40
25,77,1366377110724,77,1366377110804,80,472,408,328
25,65,1366377110868,65,1366377110940,72,144,136,64
25,89,1366377111076,89,1366377111164,88,208,224,136
25,66,1366377111316,66,1366377111396,80,240,232,152
25,69,1366377111700,69,1366377111764,64,384,368,304
25,32,1366377111868,32,1366377111972,104,168,208,104
25,67,1366377112268,67,1366377112340,72,400,368,296
25,72,1366377112420,72,1366377112484,64,152,144,80
25,79,1366377112668,79,1366377112748,80,248,264,184
25,67,1366377113084,67,1366377113172,88,416,424,336
25,79,1366377113236,79,1366377113284,48,152,112,64
25,76,1366377113500,76,1366377113564,64,264,280,216
25,65,1366377113604,65,1366377113684,80,104,120,40
25,84,1366377113828,84,1366377113956,128,224,272,144
25,69,1366377113892,69,1366377114020,128,64,64,-64
25,32,1366377114020,32,1366377114132,112,128,112,0
25,84,1366377114164,84,1366377114244,80,144,112,32
25,79,1366377114244,79,1366377114332,88,80,88,0
25,188,1366377114620,188,1366377114748,128,376,416,288
25,32,1366377114716,32,1366377114851,135,96,103,-32
25,72,1366377115132,72,1366377115212,80,416,361,281
25,79,1366377115348,79,1366377115412,64,216,200,136
25,87,1366377115812,87,1366377115875,63,464,463,400
25,32,1366377115932,32,1366377116035,103,120,160,57
25,65,1366377116140,65,1366377116211,71,208,176,105
25,66,1366377116315,66,1366377116395,80,175,184,104
25,79,1366377116548,79,1366377116675,127,233,280,153
25,85,1366377116676,85,1366377116755,79,128,80,1
25,84,1366377116779,84,1366377116859,80,103,104,24
25,32,1366377116900,32,1366377117036,136,121,177,41
25,84,1366377118483,84,1366377118587,104,1583,1551,1447
25,72,1366377118715,72,1366377118803,88,232,216,128
25,69,1366377118979,69,1366377119083,104,264,280,176
25,77,1366377119195,77,1366377119331,136,216,248,112
25,32,1366377119291,32,1366377119419,128,96,88,-40
25,66,1366377119667,66,1366377119771,104,376,352,248
25,76,1366377120067,76,1366377120171,104,400,400,296
25,85,1366377120259,85,1366377120339,80,192,168,88
25,69,1366377120491,69,1366377120587,96,232,248,152
25,66,1366377120675,66,1366377120779,104,184,192,88
25,69,1366377121003,69,1366377121099,96,328,320,224
25,82,1366377121243,82,1366377121333,90,240,234,144
25,82,1366377121412,82,1366377121492,80,169,159,79
25,73,1366377121572,73,1366377121644,72,160,152,80
25,69,1366377121692,69,1366377121780,88,120,136,48
25,83,1366377121892,83,1366377121988,96,200,208,112
25,32,1366377122149,32,1366377122284,135,257,296,161
25,78,1366377122548,78,1366377122620,72,399,336,264
25,79,1366377122804,79,1366377122884,80,256,264,184
25,80,1366377122996,80,1366377123076,80,192,192,112
25,69,1366377123140,69,1366377123212,72,144,136,64
25,32,1366377123236,32,1366377123340,104,96,128,24
25,84,1366377123420,84,1366377123524,104,184,184,80
25,72,1366377123588,72,1366377123660,72,168,136,64
25,79,1366377123764,79,1366377123828,64,176,168,104
25,83,1366377123916,83,1366377124060,144,152,232,88
25,69,1366377124028,69,1366377124124,96,112,64,-32
25,32,1366377124148,32,1366377124244,96,120,120,24
25,65,1366377124284,65,1366377124420,136,136,176,40
25,82,1366377124404,82,1366377124572,168,120,152,-16
25,69,1366377124508,69,1366377124620,112,104,48,-64
25,32,1366377124636,32,1366377124748,112,128,128,16
25,70,1366377124796,70,1366377124892,96,160,144,48
25,82,1366377125532,82,1366377125612,80,736,720,640
25,85,1366377125876,85,1366377125964,88,344,352,264
25,73,1366377126004,73,1366377126060,56,128,96,40
25,84,1366377126156,84,1366377126228,72,152,168,96
25,32,1366377126212,32,1366377126332,120,56,104,-16
25,65,1366377126436,65,1366377126548,112,224,216,104
25,78,1366377126604,78,1366377126668,64,168,120,56
25,68,1366377126708,68,1366377126828,120,104,160,40
25,32,1366377126828,32,1366377126932,104,120,104,0
25,84,1366377126964,84,1366377127076,112,136,144,32
25,72,1366377127076,72,1366377127156,80,112,80,0
25,73,1366377127212,73,1366377127308,96,136,152,56
25,83,1366377127308,83,1366377127436,128,96,128,0
25,8,1366377127612,8,1366377127684,72,304,248,176
25,85,1366377128436,85,1366377128508,72,824,824,752
25,83,1366377129060,83,1366377129140,80,624,632,552
25,32,1366377129196,32,1366377129308,112,136,168,56
25,78,1366377129412,78,1366377129468,56,216,160,104
25,79,1366377129556,79,1366377129644,88,144,176,88
25,84,1366377129676,84,1366377129748,72,120,104,32
25,32,1366377129748,32,1366377129860,112,72,112,0
25,89,1366377130492,89,1366377130620,128,744,760,632
25,85,1366377130716,85,1366377130796,80,224,176,96
25,77,1366377130972,77,1366377131036,64,256,240,176
25,77,1366377131140,77,1366377131204,64,168,168,104
25,89,1366377131924,89,1366377132020,96,784,816,720
25,32,1366377132164,32,1366377132316,152,240,296,144
25,79,1366377132932,79,1366377133052,120,768,736,616
25,75,1366377133028,75,1366377133172,144,96,120,-24
25,32,1366377133156,32,1366377133267,111,128,95,-16
25,84,1366377133340,84,1366377133444,104,184,177,73
25,72,1366377133444,72,1366377133516,72,104,72,0
25,69,1366377133596,69,1366377133660,64,152,144,80
25,78,1366377133660,78,1366377133787,127,64,127,0
25,32,1366377133748,32,1366377133875,127,88,88,-39
25,72,1366377134220,72,1366377134307,87,472,432,345
25,79,1366377135044,79,1366377135123,79,824,816,737
25,87,1366377135219,87,1366377135307,88,175,184,96
25,32,1366377135363,32,1366377135477,114,144,170,56
25,65,1366377135579,65,1366377135659,80,216,182,102
25,66,1366377135779,66,1366377135859,80,200,200,120
25,79,1366377136011,79,1366377136147,136,232,288,152
25,85,1366377136148,85,1366377136235,87,137,88,1
25,84,1366377136235,84,1366377136323,88,87,88,0
25,32,1366377136363,32,1366377136483,120,128,160,40
25,67,1366377138563,67,1366377138659,96,2200,2176,2080
25,72,1366377138747,72,1366377138812,65,184,153,88
25,79,1366377139012,79,1366377139084,72,265,272,200
25,67,1366377139604,67,1366377139692,88,592,608,520
25,79,1366377139764,79,1366377139828,64,160,136,72
25,76,1366377140012,76,1366377140084,72,248,256,184
25,65,1366377140156,65,1366377140260,104,144,176,72
25,84,1366377140388,84,1366377140516,128,232,256,128
25,69,1366377140436,69,1366377140580,144,48,64,-80
25,32,1366377140612,32,1366377140724,112,176,144,32
25,66,1366377140980,66,1366377141076,96,368,352,256
25,85,1366377141180,85,1366377141260,80,200,184,104
25,78,1366377141396,78,1366377141452,56,216,192,136
25,78,1366377141548,78,1366377141628,80,152,176,96
25,73,1366377141788,73,1366377141868,80,240,240,160
25,69,1366377141988,69,1366377142076,88,200,208,120
25,83,1366377142260,83,1366377142348,88,272,272,184
25,188,1366377142564,188,1366377142676,112,304,328,216
25,32,1366377142636,32,1366377142780,144,72,104,-40
25,79,1366377142940,79,1366377143044,104,304,264,160
25,72,1366377143172,72,1366377143284,112,232,240,128
25,32,1366377143244,32,1366377143340,96,72,56,-40
25,84,1366377143436,84,1366377143508,72,192,168,96
25,72,1366377143492,72,1366377143564,72,56,56,-16
25,79,1366377143660,79,1366377143748,88,168,184,96
25,83,1366377143812,83,1366377143940,128,152,192,64
25,69,1366377143884,69,1366377144044,160,72,104,-56
25,32,1366377144028,32,1366377144140,112,144,96,-16
25,65,1366377144180,65,1366377144316,136,152,176,40
25,82,1366377144316,82,1366377144460,144,136,144,0
25,69,1366377144396,69,1366377144508,112,80,48,-64
25,32,1366377144508,32,1366377144580,72,112,72,0
25,84,1366377144612,84,1366377144740,128,104,160,32
25,72,1366377144660,72,1366377144764,104,48,24,-80
25,69,1366377144661,69,1366377144796,135,1,32,-103
25,32,1366377144732,32,1366377144836,104,71,40,-64
25,66,1366377144925,66,1366377145020,95,193,184,89
25,69,1366377145020,69,1366377145140,120,95,120,0
25,83,1366377145292,83,1366377145380,88,272,240,152
25,84,1366377145532,84,1366377145636,104,240,256,152
25,32,1366377145820,32,1366377145940,120,288,304,184
25,79,1366377146228,79,1366377146300,72,408,360,288
25,70,1366377146404,70,1366377146492,88,176,192,104
25,32,1366377146516,32,1366377146604,88,112,112,24
25,65,1366377146733,65,1366377146820,87,217,216,129
25,76,1366377146892,76,1366377146940,48,159,120,72
25,76,1366377147020,76,1366377147116,96,128,176,80
25,32,1366377147100,32,1366377147212,112,80,96,-16
25,16,1366377148300,16,1366377148508,208,1200,1296,1088
25,73,1366377148444,73,1366377148588,144,144,80,-64
25,32,1366377148508,32,1366377148676,168,64,88,-80
25,65,1366377149044,65,1366377149172,128,536,496,368
25,84,1366377149348,84,1366377149468,120,304,296,176
25,69,1366377149524,69,1366377149612,88,176,144,56
25,32,1366377149644,32,1366377149764,120,120,152,32
25,65,1366377149812,65,1366377149908,96,168,144,48
25,78,1366377149900,78,1366377150004,104,88,96,-8
25,32,1366377150004,32,1366377150116,112,104,112,0
25,68,1366377150036,68,1366377150116,80,32,0,-80
25,69,1366377150348,69,1366377150436,88,312,320,232
25,78,1366377150540,78,1366377150596,56,192,160,104
25,84,1366377150796,84,1366377150876,80,256,280,200
25,73,1366377150980,73,1366377151092,112,184,216,104
25,82,1366377151148,82,1366377151259,111,168,167,56
25,69,1366377151204,69,1366377151332,128,56,73,-55
25,32,1366377151356,32,1366377151476,120,152,144,24
25,79,1366377151604,79,1366377151675,71,248,199,128
25,78,1366377152243,78,1366377152347,104,639,672,568
25,69,1366377152452,69,1366377152523,71,209,176,105
25,32,1366377152572,32,1366377152667,95,120,144,49
25,89,1366377153084,89,1366377153180,96,512,513,417
25,69,1366377153260,69,1366377153349,89,176,169,80
25,83,1366377153476,83,1366377153549,73,216,200,127
25,84,1366377153708,84,1366377153772,64,232,223,159
25,69,1366377153868,69,1366377153996,128,160,224,96
25,82,1366377153972,82,1366377154052,80,104,56,-24
25,32,1366377154084,32,1366377154196,112,112,144,32
25,68,1366377154260,68,1366377154340,80,176,144,64
25,65,1366377154404,65,1366377154516,112,144,176,64
25,89,1366377154541,89,1366377154596,55,137,80,25
25,32,1366377155516,32,1366377155652,136,975,1056,920
25,73,1366377156517,73,1366377156605,88,1001,953,865
25,84,1366377156669,84,1366377156733,64,152,128,64
25,32,1366377156765,32,1366377156885,120,96,152,32
25,87,1366377157013,87,1366377157101,88,248,216,128
25,65,1366377157245,65,1366377157365,120,232,264,144
25,83,1366377157334,83,1366377157454,120,89,89,-31
25,32,1366377157454,32,1366377157557,103,120,103,0
25,83,1366377157613,83,1366377157693,80,159,136,56
25,85,1366377157749,85,1366377157845,96,136,152,56
25,80,1366377158029,80,1366377158125,96,280,280,184
25,69,1366377158237,69,1366377158357,120,208,232,112
25,82,1366377158309,82,1366377158429,120,72,72,-48
25,32,1366377158421,32,1366377158549,128,112,120,-8
25,84,1366377158757,84,1366377158837,80,336,288,208
25,65,1366377158989,65,1366377159117,128,232,280,152
25,83,1366377159181,83,1366377159293,112,192,176,64
25,84,1366377159405,84,1366377159493,88,224,200,112
25,69,1366377159597,69,1366377159709,112,192,216,104
25,89,1366377159789,89,1366377159901,112,192,192,80
25,32,1366377159917,32,1366377160053,136,128,152,16
26,72,1364230801731,72,1364230801827,96,231,232,136
26,32,1364230801891,32,1364230802003,112,160,176,64
26,79,1364230802235,79,1364230802323,88,344,320,232
26,72,1364230802691,72,1364230802779,88,456,456,368
26,188,1364230802947,188,1364230803003,56,256,224,168
26,32,1364230803051,32,1364230803171,120,104,168,48
26,16,1364230803339,16,1364230803427,88,288,256,168
26,73,1364230803379,73,1364230803467,88,40,40,-48
26,32,1364230803427,32,1364230803531,104,48,64,-40
26,70,1364230804387,70,1364230804467,80,960,936,856
26,79,1364230804467,79,1364230804531,64,80,64,0
26,82,1364230804571,82,1364230804667,96,104,136,40
26,84,1364230804819,84,1364230804915,96,248,248,152
26,8,1364230805362,8,1364230805427,65,543,512,447
26,71,1364230805466,71,1364230805594,128,104,167,39
26,69,1364230805546,69,1364230805595,49,80,1,-48
26,79,1364230805706,79,1364230805778,72,160,183,111
26,84,1364230805843,84,1364230805907,64,137,129,65
26,8,1364230806035,8,1364230806082,47,192,175,128
26,8,1364230806155,8,1364230806210,55,120,128,73
26,8,1364230806274,8,1364230806314,40,119,104,64
26,79,1364230806487,79,1364230806546,59,213,232,173
26,84,1364230806587,84,1364230806682,95,100,136,41
26,32,1364230806667,32,1364230806754,87,80,72,-15
26,84,1364230807178,84,1364230807282,104,511,528,424
26,79,1364230807234,79,1364230807338,104,56,56,-48
26,32,1364230807306,32,1364230807402,96,72,64,-32
26,84,1364230807627,84,1364230807731,104,321,329,225
26,85,1364230807747,85,1364230807827,80,120,96,16
26,82,1364230807859,82,1364230807978,119,112,151,32
26,78,1364230807979,78,1364230808090,111,120,112,1
26,73,1364230808091,73,1364230808210,119,112,120,1
26,78,1364230808234,78,1364230808322,88,143,112,24
26,8,1364230808602,8,1364230808658,56,368,336,280
26,8,1364230808731,8,1364230808787,56,129,129,73
26,8,1364230808850,8,1364230808882,32,119,95,63
26,32,1364230809155,32,1364230809202,47,305,320,273
26,8,1364230809594,8,1364230809650,56,439,448,392
26,78,1364230809810,78,1364230809922,112,216,272,160
26,32,1364230809882,32,1364230809970,88,72,48,-40
26,73,1364230810066,73,1364230810090,24,184,120,96
26,79,1364230810138,79,1364230810306,168,72,216,48
26,78,1364230810290,78,1364230810418,128,152,112,-16
26,32,1364230810386,32,1364230810466,80,96,48,-32
26,84,1364230810554,84,1364230810602,48,168,136,88
26,8,1364230810738,8,1364230810802,64,184,200,136
26,8,1364230810858,8,1364230810906,48,120,104,56
26,8,1364230810954,8,1364230811018,64,96,112,48
26,8,1364230811074,8,1364230811274,200,120,256,56
26,8,1364230811314,8,1364230811338,24,240,64,40
26,8,1364230811474,8,1364230811546,72,160,208,136
26,32,1364230811930,32,1364230812010,80,456,464,384
26,79,1364230812090,79,1364230812204,114,160,194,80
26,78,1364230812154,78,1364230812267,113,64,63,-50
26,32,1364230812234,32,1364230812306,72,80,39,-33
26,84,1364230812354,84,1364230812450,96,120,144,48
26,72,1364230812450,72,1364230812506,56,96,56,0
26,69,1364230812522,69,1364230812610,88,72,104,16
26,32,1364230812594,32,1364230812666,72,72,56,-16
26,86,1364230812946,86,1364230813066,120,352,400,280
26,73,1364230813066,73,1364230813130,64,120,64,0
26,68,1364230813578,68,1364230813666,88,512,536,448
26,69,1364230814010,69,1364230814082,72,432,416,344
26,79,1364230814106,79,1364230814218,112,96,136,24
26,32,1364230814194,32,1364230814274,80,88,56,-24
26,65,1364230814354,65,1364230814450,96,160,176,80
26,78,1364230814442,78,1364230814523,81,88,73,-8
26,68,1364230814571,68,1364230814699,128,129,176,48
26,32,1364230814643,32,1364230814739,96,72,40,-56
26,16,1364230815683,16,1364230815787,104,1040,1048,944
26,73,1364230815747,73,1364230815851,104,64,64,-40
26,32,1364230815811,32,1364230815883,72,64,32,-40
26,82,1364230815963,82,1364230816123,160,152,240,80
26,69,1364230816043,69,1364230816179,136,80,56,-80
26,8,1364230816459,8,1364230816507,48,416,328,280
26,8,1364230816587,8,1364230816651,64,128,144,80
26,8,1364230816723,8,1364230816795,72,136,144,72
26,8,1364230816859,8,1364230816931,72,136,136,64
26,8,1364230816987,8,1364230817051,64,128,120,56
26,8,1364230818307,8,1364230818347,40,1320,1296,1256
26,8,1364230818459,8,1364230818515,56,152,168,112
26,8,1364230818610,8,1364230818666,56,151,151,95
26,83,1364230819306,83,1364230819410,104,696,744,640
26,79,1364230819370,79,1364230819466,96,64,56,-40
26,32,1364230819426,32,1364230819514,88,56,48,-40
26,16,1364230819658,16,1364230819754,96,232,240,144
26,73,1364230819698,73,1364230819794,96,40,40,-56
26,32,1364230819754,32,1364230819818,64,56,24,-40
26,72,1364230819890,72,1364230819986,96,136,168,72
26,65,1364230819970,65,1364230820066,96,80,80,-16
26,86,1364230820138,86,1364230820258,120,168,192,72
26,69,1364230820178,69,1364230820314,136,40,56,-80
26,32,1364230820314,32,1364230820386,72,136,72,0
26,84,1364230820450,84,1364230820594,144,136,208,64
26,79,1364230820538,79,1364230820618,80,88,24,-56
26,32,1364230820594,32,1364230820666,72,56,48,-24
26,82,1364230821098,82,1364230821202,104,504,536,432
26,82,1364230821850,82,1364230821898,48,752,696,648
26,69,1364230821874,69,1364230822001,127,24,103,-24
26,8,1364230822497,8,1364230822553,56,623,552,496
26,8,1364230822617,8,1364230822682,65,120,129,64
26,69,1364230822762,69,1364230822818,56,145,136,80
26,67,1364230822970,67,1364230823058,88,208,240,152
26,79,1364230823073,79,1364230823121,48,103,63,15
26,68,1364230823186,68,1364230823266,80,113,145,65
26,69,1364230823410,69,1364230823466,56,224,200,144
26,8,1364230823793,8,1364230823858,65,383,392,327
26,8,1364230823914,8,1364230823977,63,121,119,56
26,82,1364230824017,82,1364230824089,72,103,112,40
26,68,1364230824193,68,1364230824273,80,176,184,104
26,32,1364230824298,32,1364230824378,80,105,105,25
26,84,1364230824378,84,1364230824505,127,80,127,0
26,72,1364230824481,72,1364230824577,96,103,72,-24
26,69,1364230824553,69,1364230824625,72,72,48,-24
26,32,1364230824657,32,1364230824738,81,104,113,32
26,68,1364230824793,68,1364230824913,120,136,175,55
26,65,1364230824897,65,1364230824953,56,104,40,-16
26,84,1364230825025,84,1364230825177,152,128,224,72
26,65,1364230825129,65,1364230825249,120,104,72,-48
26,32,1364230825250,32,1364230825361,111,121,112,1
26,65,1364230825537,65,1364230825641,104,287,280,176
26,71,1364230825737,71,1364230825865,128,200,224,96
26,65,1364230825825,65,1364230825937,112,88,72,-40
26,73,1364230825953,73,1364230826033,80,128,96,16
26,78,1364230826097,78,1364230826193,96,144,160,64
26,190,1364230826345,190,1364230826417,72,248,224,152
26,32,1364230826433,32,1364230826561,128,88,144,16
26,16,1364230826689,16,1364230826849,160,256,288,128
26,73,1364230826785,73,1364230826905,120,96,56,-64
26,32,1364230826865,32,1364230826953,88,80,48,-40
26,8,1364230827210,8,1364230827257,47,345,304,257
26,8,1364230827329,8,1364230827385,56,119,128,72
26,16,1364230827529,16,1364230827665,136,200,280,144
26,83,1364230827633,83,1364230827705,72,104,40,-32
26,79,1364230827697,79,1364230827785,88,64,80,-8
26,82,1364230827849,82,1364230827921,72,152,136,64
26,82,1364230828025,82,1364230828113,88,176,192,104
26,89,1364230828113,89,1364230828217,104,88,104,0
26,32,1364230828465,32,1364230828609,144,352,392,248
26,70,1364230828785,70,1364230828905,120,320,296,176
26,79,1364230828929,79,1364230828993,64,144,88,24
26,82,1364230829041,82,1364230829145,104,112,152,48
26,32,1364230829146,32,1364230829209,63,105,64,1
26,84,1364230829257,84,1364230829393,136,111,184,48
26,72,1364230829337,72,1364230829393,56,80,0,-56
26,69,1364230829425,69,1364230829537,112,88,144,32
26,32,1364230829521,32,1364230829609,88,96,72,-16
26,73,1364230829737,73,1364230829809,72,216,200,128
26,78,1364230829809,78,1364230829889,80,72,80,0
26,67,1364230829977,67,1364230830073,96,168,184,88
26,79,1364230830137,79,1364230830225,88,160,152,64
26,78,1364230830553,78,1364230830617,64,416,392,328
26,86,1364230830793,86,1364230830889,96,240,272,176
26,69,1364230831129,69,1364230831225,96,336,336,240
26,78,1364230831465,78,1364230831585,120,336,360,240
26,73,1364230831561,73,1364230831665,104,96,80,-24
26,69,1364230831729,69,1364230831809,80,168,144,64
26,78,1364230831986,78,1364230832074,88,257,265,177
26,86,1364230832146,86,1364230832290,144,160,216,72
26,69,1364230832242,69,1364230832354,112,96,64,-48
26,32,1364230832402,32,1364230832485,83,160,131,48
26,8,1364230833186,8,1364230833242,56,784,757,701
26,8,1364230833314,8,1364230833474,160,128,232,72
26,8,1364230833658,8,1364230833746,88,344,272,184
26,67,1364230833818,67,1364230833954,136,160,208,72
26,69,1364230833898,69,1364230834010,112,80,56,-56
26,190,1364230834066,190,1364230834138,72,168,128,56
26,32,1364230834170,32,1364230834258,88,104,120,32
26,16,1364230835498,16,1364230835706,208,1328,1448,1240
26,73,1364230835658,73,1364230835730,72,160,24,-48
26,84,1364230835826,84,1364230835882,56,168,152,96
26,32,1364230835898,32,1364230835962,64,72,80,16
26,8,1364230836362,8,1364230836426,64,464,464,400
26,32,1364230836722,32,1364230836802,80,360,376,296
26,73,1364230836898,73,1364230836987,89,176,185,96
26,83,1364230836962,83,1364230837066,104,64,79,-25
26,32,1364230837066,32,1364230837146,80,104,80,0
26,65,1364230837218,65,1364230837322,104,152,176,72
26,32,1364230837290,32,1364230837346,56,72,24,-32
26,81,1364230837650,81,1364230837738,88,360,392,304
26,85,1364230837722,85,1364230837834,112,72,96,-16
26,73,1364230837810,73,1364230837882,72,88,48,-24
26,84,1364230837882,84,1364230838010,128,72,128,0
26,69,1364230837954,69,1364230838058,104,72,48,-56
26,32,1364230838074,32,1364230838154,80,120,96,16
26,73,1364230838234,73,1364230838338,104,160,184,80
26,78,1364230838314,78,1364230838410,96,80,72,-24
26,84,1364230838414,84,1364230838498,84,100,88,4
26,69,1364230838546,69,1364230838650,104,132,152,48
26,82,1364230838626,82,1364230838826,200,80,176,-24
26,69,1364230838770,69,1364230838858,88,144,32,-56
26,83,1364230839066,83,1364230839194,128,296,336,208
26,84,1364230839162,84,1364230839284,122,96,90,-32
26,73,1364230839284,73,1364230839378,94,122,94,0
26,78,1364230839338,78,1364230839450,112,54,72,-40
26,71,1364230839410,71,1364230839578,168,72,128,-40
26,32,1364230839514,32,1364230839594,80,104,16,-64
26,82,1364230840921,82,1364230841073,152,1407,1479,1327
26,69,1364230841001,69,1364230841097,96,80,24,-72
26,83,1364230841226,83,1364230841425,199,225,328,129
26,69,1364230841298,69,1364230841449,151,72,24,-127
26,65,1364230841377,65,1364230841522,145,79,73,-72
26,82,1364230841401,82,1364230841522,121,24,0,-121
26,67,1364230841681,67,1364230841801,120,280,279,159
26,72,1364230841777,72,1364230841881,104,96,80,-24
26,32,1364230842265,32,1364230842378,113,488,497,384
26,65,1364230842450,65,1364230842521,71,185,143,72
26,8,1364230844617,8,1364230844713,96,2167,2192,2096
26,65,1364230845585,65,1364230845665,80,968,952,872
26,78,1364230845681,78,1364230845770,89,96,105,16
26,68,1364230845770,68,1364230845849,79,89,79,0
26,32,1364230845873,32,1364230845945,72,103,96,24
26,16,1364230846161,16,1364230846265,104,288,320,216
26,73,1364230846209,73,1364230846345,136,48,80,-56
26,32,1364230846297,32,1364230846377,80,88,32,-48
26,8,1364230846913,8,1364230846969,56,616,592,536
26,8,1364230847049,8,1364230847121,72,136,152,80
26,73,1364230847409,73,1364230847473,64,360,352,288
26,84,1364230847521,84,1364230847609,88,112,136,48
26,32,1364230847609,32,1364230847657,48,88,48,0
26,87,1364230847729,87,1364230847817,88,120,160,72
26,79,1364230847818,79,1364230847905,87,89,88,1
26,85,1364230847906,85,1364230847969,63,88,64,1
26,76,1364230848097,76,1364230848185,88,191,216,128
26,68,1364230848153,68,1364230848209,56,56,24,-32
26,32,1364230848913,32,1364230849001,88,760,792,704
26,66,1364230849121,66,1364230849201,80,208,200,120
26,69,1364230849201,69,1364230849305,104,80,104,0
26,32,1364230849305,32,1364230849377,72,104,72,0
26,77,1364230849610,77,1364230849674,64,305,297,233
26,89,1364230849882,89,1364230849986,104,272,312,208
26,32,1364230849914,32,1364230850018,104,32,32,-72
26,80,1364230851922,80,1364230852018,96,2008,2000,1904
26,76,1364230852170,76,1364230852242,72,248,224,152
26,69,1364230852322,69,1364230852546,224,152,304,80
26,65,1364230852490,65,1364230852634,144,168,88,-56
26,83,1364230852802,83,1364230852962,160,312,328,168
26,85,1364230853122,85,1364230853218,96,320,256,160
26,82,1364230853218,82,1364230853338,120,96,120,0
26,69,1364230853274,69,1364230853362,88,56,24,-64
26,32,1364230853338,32,1364230853442,104,64,80,-24
26,84,1364230853506,84,1364230853634,128,168,192,64
26,79,1364230853578,79,1364230853682,104,72,48,-56
26,32,1364230853650,32,1364230853730,80,72,48,-32
26,77,1364230855738,77,1364230855810,72,2088,2080,2008
26,65,1364230855810,65,1364230855882,72,72,72,0
26,75,1364230855906,75,1364230855978,72,96,96,24
26,69,1364230855994,69,1364230856090,96,88,112,16
26,32,1364230856082,32,1364230856170,88,88,80,-8
26,84,1364230856634,84,1364230856754,120,552,584,464
26,73,1364230856706,73,1364230856754,48,72,0,-48
26,77,1364230856842,77,1364230856930,88,136,176,88
26,8,1364230857378,8,1364230857434,56,536,504,448
26,78,1364230857602,78,1364230857738,136,224,304,168
26,89,1364230858161,89,1364230858281,120,559,543,423
26,32,1364230858266,32,1364230858338,72,105,57,-15
26,67,1364230858618,67,1364230858714,96,352,376,280
26,79,1364230858714,79,1364230858834,120,96,120,0
26,78,1364230858810,78,1364230858922,112,96,88,-24
26,84,1364230858922,84,1364230859001,79,112,79,0
26,82,1364230859122,82,1364230859218,96,200,217,121
26,85,1364230859250,85,1364230859321,71,128,103,32
26,8,1364230860009,8,1364230860057,48,759,736,688
26,8,1364230860193,8,1364230860249,56,184,192,136
26,82,1364230860818,82,1364230860913,95,625,664,569
26,73,1364230860914,73,1364230860982,68,96,69,1
26,66,1364230861081,66,1364230861185,104,167,203,99
26,85,1364230861161,85,1364230861234,73,80,49,-24
26,84,1364230861234,84,1364230861329,95,73,95,0
26,73,1364230861409,73,1364230861497,88,175,168,80
26,79,1364230861498,79,1364230861569,71,89,72,1
26,78,1364230861673,78,1364230861769,96,175,200,104
26,83,1364230861873,83,1364230862001,128,200,232,104
26,32,1364230862121,32,1364230862233,112,248,232,120
26,72,1364230862393,72,1364230862474,81,272,241,160
26,69,1364230862553,69,1364230862649,96,160,175,79
26,82,1364230862673,82,1364230862842,169,120,193,24
26,69,1364230862769,69,1364230862905,136,96,63,-73
26,32,1364230862906,32,1364230862980,74,137,75,1
26,84,1364230863105,84,1364230863225,120,199,245,125
26,79,1364230863185,79,1364230863281,96,80,56,-40
26,32,1364230863249,32,1364230863337,88,64,56,-32
26,86,1364230866457,86,1364230866617,160,3208,3280,3120
26,65,1364230866569,65,1364230866673,104,112,56,-48
26,76,1364230866753,76,1364230866833,80,184,160,80
26,73,1364230866938,73,1364230867002,64,185,169,105
26,68,1364230867026,68,1364230867138,112,88,136,24
26,65,1364230867122,65,1364230867210,88,96,72,-16
26,84,1364230867234,84,1364230867394,160,112,184,24
26,69,1364230867338,69,1364230867458,120,104,64,-56
26,32,1364230867450,32,1364230867514,64,112,56,-8
26,84,1364230867570,84,1364230867730,160,120,216,56
26,72,1364230867650,72,1364230867730,80,80,0,-80
26,69,1364230867730,69,1364230867842,112,80,112,0
26,32,1364230867842,32,1364230867890,48,112,48,0
26,69,1364230868114,69,1364230868210,96,272,320,224
26,70,1364230868338,70,1364230868386,48,224,176,128
26,70,1364230868490,70,1364230868562,72,152,176,104
26,73,1364230868730,73,1364230868794,64,240,232,168
26,67,1364230868858,67,1364230868994,136,128,200,64
26,73,1364230868991,73,1364230869026,35,133,32,-3
26,69,1364230869058,69,1364230869194,136,67,168,32
26,78,1364230869210,78,1364230869306,96,152,112,16
26,67,1364230869826,67,1364230869938,112,616,632,520
26,89,1364230869914,89,1364230870026,112,88,88,-24
26,32,1364230869978,32,1364230870058,80,64,32,-48
26,79,1364230870162,79,1364230870226,64,184,168,104
26,70,1364230870290,70,1364230870394,104,128,168,64
26,32,1364230870394,32,1364230870466,72,104,72,0
26,84,1364230870562,84,1364230870674,112,168,208,96
26,72,1364230870634,72,1364230870722,88,72,48,-40
26,69,1364230870754,69,1364230870842,88,120,120,32
26,8,1364230871154,8,1364230871202,48,400,360,312
26,73,1364230871370,73,1364230871434,64,216,232,168
26,83,1364230871466,83,1364230871562,96,96,128,32
26,32,1364230871562,32,1364230871650,88,96,88,0
26,87,1364230871770,87,1364230871866,96,208,216,120
26,79,1364230871866,79,1364230871914,48,96,48,0
26,82,1364230871962,82,1364230872098,136,96,184,48
26,75,1364230872066,75,1364230872122,56,104,24,-32
26,190,1364230872306,190,1364230872362,56,240,240,184
26,32,1364230872498,32,1364230872594,96,192,232,136
26,87,1364505086174,87,1364505086302,128,455,80,-48
26,72,1364505086302,72,1364505086399,97,128,97,0
26,65,1364505086446,65,1364505086566,120,144,167,47
26,84,1364505086566,84,1364505086662,96,120,96,0
26,32,1364505086662,32,1364505086750,88,96,88,0
26,83,1364505087006,83,1364505087110,104,344,360,256
26,72,1364505087022,72,1364505087142,120,16,32,-88
26,79,1364505087142,79,1364505087262,120,120,120,0
26,85,1364505087222,85,1364505087310,88,80,48,-40
26,76,1364505087374,76,1364505087438,64,152,128,64
26,68,1364505087438,68,1364505087542,104,64,104,0
26,32,1364505087519,32,1364505087599,80,81,57,-23
26,16,1364505087679,16,1364505087799,120,160,200,80
26,73,1364505087735,73,1364505087863,128,56,64,-64
26,32,1364505087799,32,1364505087903,104,64,40,-64
26,82,1364505087999,82,1364505088127,128,200,224,96
26,69,1364505088071,69,1364505088183,112,72,56,-56
26,67,1364505088743,67,1364505088847,104,672,664,560
26,79,1364505088847,79,1364505088939,92,104,92,0
26,82,1364505088967,82,1364505089063,96,120,124,28
26,68,1364505089159,68,1364505089263,104,192,200,96
26,32,1364505089319,32,1364505089431,112,160,168,56
26,84,1364505089431,84,1364505089535,104,112,104,0
26,79,1364505089551,79,1364505089639,88,120,104,16
26,68,1364505089767,68,1364505089919,152,216,280,128
26,65,1364505089871,65,1364505090007,136,104,88,-48
26,89,1364505089983,89,1364505090079,96,112,72,-24
26,16,1364505090391,16,1364505090759,368,408,680,312
26,191,1364505090687,191,1364505090759,72,296,0,-72
26,32,1364505090823,32,1364505090943,120,136,184,64
26,16,1364505090939,16,1364505091967,1028,116,1024,-4
26,84,1364505091919,84,1364505092015,96,980,48,-48
26,72,1364505092016,72,1364505092111,95,97,96,1
26,69,1364505092111,69,1364505092207,96,95,96,0
26,82,1364505092183,82,1364505092351,168,72,144,-24
26,69,1364505092287,69,1364505092431,144,104,80,-64
26,32,1364505092432,32,1364505092527,95,145,96,1
26,8,1364505092783,8,1364505092847,64,351,320,256
26,8,1364505092927,8,1364505092983,56,144,136,80
26,8,1364505093071,8,1364505093103,32,144,120,88
26,8,1364505093183,8,1364505093223,40,112,120,80
26,8,1364505093287,8,1364505093359,72,104,136,64
26,8,1364505093447,8,1364505093535,88,160,176,88
26,16,1364505094071,16,1364505094855,784,624,1320,536
26,16,1364505094570,16,1364505095871,1301,499,1016,-285
26,87,1364505095807,87,1364505095895,88,1237,24,-64
26,69,1364505096063,69,1364505096151,88,256,256,168
26,76,1364505096239,76,1364505096327,88,176,176,88
26,8,1364505096623,8,1364505096663,40,384,336,296
26,76,1364505097455,76,1364505097511,56,832,848,792
26,76,1364505097583,76,1364505097639,56,128,128,72
26,188,1364505097807,188,1364505097943,136,224,304,168
26,32,1364505097919,32,1364505098063,144,112,120,-24
26,16,1364505098327,16,1364505098447,120,408,384,264
26,73,1364505098391,73,1364505098519,128,64,72,-56
26,32,1364505098463,32,1364505098567,104,72,48,-56
26,80,1364505098671,80,1364505098743,72,208,176,104
26,82,1364505098863,82,1364505098967,104,192,224,120
26,79,1364505098967,79,1364505099047,80,104,80,0
26,66,1364505099135,66,1364505099238,103,168,191,88
26,65,1364505099374,65,1364505099503,129,239,265,136
26,66,1364505099503,66,1364505099607,104,129,104,0
26,76,1364505099711,76,1364505099822,111,208,215,104
26,89,1364505099927,89,1364505100063,136,216,241,105
26,32,1364505100063,32,1364505100183,120,136,120,0
26,87,1364505100286,87,1364505100374,88,223,191,103
26,73,1364505100358,73,1364505100430,72,72,56,-16
26,76,1364505100518,76,1364505100598,80,160,168,88
26,76,1364505100646,76,1364505100742,96,128,144,48
26,32,1364505100719,32,1364505100783,64,73,41,-23
26,66,1364505100871,66,1364505100959,88,152,176,88
26,69,1364505100959,69,1364505101046,87,88,87,0
26,32,1364505101022,32,1364505101126,104,63,80,-24
26,71,1364505101167,71,1364505101247,80,145,121,41
26,82,1364505101367,82,1364505101527,160,200,280,120
26,65,1364505101470,65,1364505101582,112,103,55,-57
26,68,1364505101678,68,1364505101782,104,208,200,96
26,85,1364505101814,85,1364505101902,88,136,120,32
26,65,1364505101983,65,1364505102086,103,169,184,81
26,84,1364505102087,84,1364505102230,143,104,144,1
26,69,1364505102190,69,1364505102295,105,103,65,-40
26,68,1364505102446,68,1364505102510,64,256,215,151
26,32,1364505102590,32,1364505102702,112,144,192,80
26,78,1364505102999,78,1364505103094,95,409,392,297
26,69,1364505103095,69,1364505103158,63,96,64,1
26,88,1364505103295,88,1364505103366,71,200,208,137
26,84,1364505103462,84,1364505103567,105,167,201,96
26,32,1364505103567,32,1364505103679,112,105,112,0
26,89,1364505103934,89,1364505104030,96,367,351,255
26,69,1364505104054,69,1364505104230,176,120,200,24
26,65,1364505104134,65,1364505104231,97,80,1,-96
26,82,1364505104182,82,1364505104334,152,48,103,-49
26,188,1364505104822,188,1364505104926,104,640,592,488
26,32,1364505104926,32,1364505104998,72,104,72,0
26,72,1364505105111,72,1364505105240,129,185,242,113
26,79,1364505105223,79,1364505105335,112,112,95,-17
26,80,1364505105511,80,1364505105559,48,288,224,176
26,69,1364505105751,69,1364505105815,64,240,256,192
26,70,1364505105927,70,1364505106007,80,176,192,112
26,85,1364505106039,85,1364505106119,80,112,112,32
26,76,1364505106207,76,1364505106279,72,168,160,88
26,76,1364505106343,76,1364505106407,64,136,128,64
26,89,1364505106519,89,1364505106615,96,176,208,112
26,190,1364505106791,190,1364505106895,104,272,280,176
26,32,1364505106895,32,1364505106975,80,104,80,0
26,16,1364505107135,16,1364505107447,312,240,472,160
26,73,1364505107399,73,1364505107479,80,264,32,-48
26,84,1364505107431,84,1364505107527,96,32,48,-48
26,8,1364505107991,8,1364505108047,56,560,520,464
26,8,1364505108119,8,1364505108159,40,128,112,72
26,84,1364505108239,84,1364505108319,80,120,160,80
26,8,1364505108639,8,1364505108711,72,400,392,320
26,16,1364505109151,16,1364505109367,216,512,656,440
26,73,1364505109295,73,1364505109399,104,144,32,-72
26,8,1364505109831,8,1364505109927,96,536,528,432
26,16,1364505110295,16,1364505110440,145,464,513,368
26,73,1364505110399,73,1364505110511,112,104,71,-41
26,32,1364505110463,32,1364505110559,96,64,48,-48
26,72,1364505111743,72,1364505111831,88,1280,1272,1184
26,65,1364505111807,65,1364505111911,104,64,80,-24
26,86,1364505112007,86,1364505112135,128,200,224,96
26,69,1364505112079,69,1364505112183,104,72,48,-56
26,32,1364505112215,32,1364505112311,96,136,128,32
26,68,1364505113247,68,1364505113319,72,1032,1008,936
26,8,1364505114879,8,1364505114951,72,1632,1632,1560
26,84,1364505115199,84,1364505115343,144,320,392,248
26,72,1364505115311,72,1364505115436,125,112,93,-32
26,79,1364505115437,79,1364505115559,122,126,123,1
26,85,1364505115527,85,1364505115615,88,90,56,-32
26,71,1364505115679,71,1364505115767,88,152,152,64
26,72,1364505115767,72,1364505115855,88,88,88,0
26,84,1364505115855,84,1364505115967,112,88,112,0
26,32,1364505116007,32,1364505116087,80,152,120,40
26,73,1364505116263,73,1364505116367,104,256,280,176
26,84,1364505116367,84,1364505116463,96,104,96,0
26,32,1364505116455,32,1364505116535,80,88,72,-8
26,87,1364505116647,87,1364505116719,72,192,184,112
26,8,1364505117039,8,1364505117111,72,392,392,320
26,84,1364505117143,84,1364505117247,104,104,136,32
26,72,1364505117279,72,1364505117375,96,136,128,32
26,82,1364505117436,82,1364505117511,75,157,136,61
26,79,1364505117511,79,1364505117623,112,75,112,0
26,85,1364505117599,85,1364505117687,88,88,64,-24
26,71,1364505117774,71,1364505117871,97,175,184,87
26,72,1364505117871,72,1364505117958,87,97,87,0
26,84,1364505117998,84,1364505118103,105,127,145,40
26,8,1364505118383,8,1364505118447,64,385,344,280
26,32,1364505118550,32,1364505118647,97,167,200,103
26,87,1364505118694,87,1364505118783,89,144,136,47
26,72,1364505118783,72,1364505118878,95,89,95,0
26,65,1364505118926,65,1364505119062,136,143,184,48
26,84,1364505119031,84,1364505119142,111,105,80,-31
26,32,1364505119118,32,1364505119231,113,87,89,-24
26,83,1364505119510,83,1364505119614,104,392,383,279
26,72,1364505119558,72,1364505119670,112,48,56,-56
26,79,1364505119646,79,1364505119766,120,88,96,-24
26,85,1364505119734,85,1364505119838,104,88,72,-32
26,76,1364505119894,76,1364505119958,64,160,120,56
26,68,1364505119896,68,1364505119990,94,2,32,-62
26,32,1364505120062,32,1364505120142,80,166,152,72
26,16,1364505120126,16,1364505120254,128,64,112,-16
26,73,1364505120230,73,1364505120334,104,104,80,-24
26,32,1364505120303,32,1364505120406,103,73,72,-31
26,68,1364505121318,68,1364505121406,88,1015,1000,912
26,79,1364505121366,79,1364505121486,120,48,80,-40
26,32,1364505121454,32,1364505121550,96,88,64,-32
26,65,1364505121654,65,1364505121758,104,200,208,104
26,70,1364505121838,70,1364505121926,88,184,168,80
26,84,1364505122071,84,1364505122190,119,233,264,145
26,69,1364505122214,69,1364505122350,136,143,160,24
26,82,1364505122318,82,1364505122438,120,104,88,-32
26,32,1364505122551,32,1364505122687,136,233,249,113
26,71,1364505122719,71,1364505122807,88,168,120,32
26,82,1364505122939,82,1364505123063,124,220,256,132
26,65,1364505123007,65,1364505123111,104,68,48,-56
26,68,1364505123287,68,1364505123431,144,280,320,176
26,65,1364505123495,65,1364505123575,80,208,144,64
26,8,1364505123896,8,1364505123967,71,401,392,321
26,85,1364505124087,85,1364505124169,82,191,202,120
26,65,1364505124215,65,1364505124311,96,128,142,46
26,84,1364505124311,84,1364505124433,122,96,122,0
26,73,1364505124415,73,1364505124583,168,104,150,-18
26,79,1364505124487,79,1364505124615,128,72,32,-96
26,78,1364505124583,78,1364505124655,72,96,40,-32
26,190,1364505124791,190,1364505124887,96,208,232,136
26,32,1364505124871,32,1364505124991,120,80,104,-16
26,16,1364505125055,16,1364505127215,2160,184,2224,64
26,65,1364505127127,65,1364505127216,89,2072,1,-88
26,84,1364505127335,84,1364505127415,80,208,199,119
26,32,1364505127447,32,1364505127495,48,112,80,32
26,84,1364505127527,84,1364505127647,120,80,152,32
26,72,1364505127615,72,1364505127703,88,88,56,-32
26,69,1364505127727,69,1364505127847,120,112,144,24
26,32,1364505127791,32,1364505127887,96,64,40,-56
26,66,1364505128159,66,1364505128231,72,368,344,272
26,69,1364505128207,69,1364505128295,88,48,64,-24
26,71,1364505128391,71,1364505128503,112,184,208,96
26,73,1364505128503,73,1364505128575,72,112,72,0
26,78,1364505129151,78,1364505129215,64,648,640,576
26,78,1364505129303,78,1364505129383,80,152,168,88
26,73,1364505129455,73,1364505129567,112,152,184,72
26,78,1364505129543,78,1364505129631,88,88,64,-24
26,71,1364505129615,71,1364505129711,96,72,80,-16
26,32,1364505129711,32,1364505129791,80,96,80,0
26,79,1364505129799,79,1364505129887,88,88,96,8
26,70,1364505129887,70,1364505129999,112,88,112,0
26,32,1364505129967,32,1364505130047,80,80,48,-32
26,77,1364505130175,77,1364505130247,72,208,200,128
26,89,1364505130391,89,1364505130519,128,216,272,144
26,32,1364505130471,32,1364505130559,88,80,40,-48
26,80,1364505130687,80,1364505130783,96,216,224,128
26,8,1364505131119,8,1364505131215,96,432,432,336
26,16,1364505131263,16,1364505131463,200,144,248,48
26,16,1364505132631,16,1364505132783,152,1368,1320,1168
26,72,1364505132735,72,1364505132839,104,104,56,-48
26,8,1364505133431,8,1364505133527,96,696,688,592
26,72,1364505133743,72,1364505133831,88,312,304,216
26,190,1364505134063,190,1364505134119,56,320,288,232
26,16,1364505134183,16,1364505134343,160,120,224,64
26,68,1364505134271,68,1364505134399,128,88,56,-72
26,32,1364505134423,32,1364505134526,103,152,127,24
26,83,1364505134622,83,1364505134711,89,199,185,96
26,84,1364505134734,84,1364505134831,97,112,120,23
26,85,1364505134831,85,1364505134918,87,97,87,0
26,68,1364505134936,68,1364505135031,95,105,113,18
26,89,1364505135071,89,1364505135134,63,135,103,40
26,188,1364505135326,188,1364505135414,88,255,280,192
26,32,1364505135415,32,1364505135503,88,89,89,1
26,16,1364505135623,16,1364505135767,144,208,264,120
26,73,1364505135703,73,1364505135823,120,80,56,-64
26,32,1364505135767,32,1364505135862,95,64,39,-56
26,82,1364505135943,82,1364505136071,128,176,209,81
26,69,1364505135998,69,1364505136142,144,55,71,-73
26,65,1364505136126,65,1364505136183,57,128,41,-16
26,76,1364505136183,76,1364505136246,63,57,63,0
26,76,1364505136326,76,1364505136438,112,143,192,80
26,89,1364505136478,89,1364505136606,128,152,168,40
26,32,1364505136558,32,1364505136655,97,80,49,-48
26,87,1364505136662,87,1364505136775,113,104,120,7
26,65,1364505136750,65,1364505136855,105,88,80,-25
26,78,1364505136815,78,1364505136910,95,65,55,-40
26,84,1364505136940,84,1364505137031,91,125,121,30
26,32,1364505136990,32,1364505137062,72,50,31,-41
26,84,1364505137110,84,1364505137230,120,120,168,48
26,79,1364505137182,79,1364505137294,112,72,64,-48
26,32,1364505137254,32,1364505137334,80,72,40,-40
26,66,1364505137422,66,1364505137503,81,168,169,88
26,69,1364505137503,69,1364505137607,104,81,104,0
26,32,1364505137607,32,1364505137662,55,104,55,0
26,32,1364505137879,32,1364505137958,79,272,296,217
26,80,1364505138718,80,1364505138806,88,839,848,760
26,82,1364505138838,82,1364505138958,120,120,152,32
26,79,1364505138959,79,1364505139054,95,121,96,1
26,70,1364505139311,70,1364505139382,71,352,328,257
26,69,1364505139462,69,1364505139550,88,151,168,80
26,83,1364505139670,83,1364505139734,64,208,184,120
26,83,1364505139830,83,1364505139918,88,160,184,96
26,79,1364505139958,79,1364505140047,89,128,129,40
26,82,1364505140047,82,1364505140151,104,89,104,0
26,190,1364505140231,190,1364505140319,88,184,168,80
26,32,1364505140319,32,1364505140423,104,88,104,0
26,16,1364505140943,16,1364505141735,792,624,1312,520
26,73,1364505141695,73,1364505141823,128,752,88,-40
26,32,1364505141791,32,1364505141911,120,96,88,-32
26,84,1364505142063,84,1364505142167,104,272,256,152
26,79,1364505142191,79,1364505142255,64,128,88,24
26,8,1364505142479,8,1364505142535,56,288,280,224
26,8,1364505142591,8,1364505142647,56,112,112,56
26,68,1364505142695,68,1364505142815,120,104,168,48
26,8,1364505143535,8,1364505143639,104,840,824,720
26,78,1364505143863,78,1364505143919,56,328,280,224
26,222,1364505144319,222,1364505144383,64,456,464,400
26,84,1364505144415,84,1364505144519,104,96,136,32
26,32,1364505144519,32,1364505144599,80,104,80,0
26,72,1364505144663,72,1364505144759,96,144,160,64
26,73,1364505145079,73,1364505145135,56,416,376,320
26,8,1364505145391,8,1364505145447,56,312,312,256
26,8,1364505145511,8,1364505145575,64,120,128,64
26,84,1364505145575,84,1364505145711,136,64,136,0
26,72,1364505145735,72,1364505145831,96,160,120,24
26,73,1364505145791,73,1364505145879,88,56,48,-40
26,78,1364505145967,78,1364505146079,112,176,200,88
26,75,1364505146055,75,1364505146199,144,88,120,-24
26,32,1364505146199,32,1364505146295,96,144,96,0
26,84,1364505146807,84,1364505146941,134,608,646,512
26,72,1364505146919,72,1364505147023,104,112,82,-22
26,65,1364505147023,65,1364505147143,120,104,120,0
26,84,1364505147079,84,1364505147223,144,56,80,-64
26,32,1364505147167,32,1364505147279,112,88,56,-56
26,73,1364505147543,73,1364505147647,104,376,368,264
26,83,1364505147647,83,1364505147759,112,104,112,0
26,32,1364505147735,32,1364505147823,88,88,64,-24
26,83,1364505148151,83,1364505148167,16,416,344,328
26,8,1364505148679,8,1364505148759,80,528,592,512
26,65,1364505148831,65,1364505148927,96,152,168,72
26,32,1364505148887,32,1364505148967,80,56,40,-40
26,71,1364505149079,71,1364505149191,112,192,224,112
26,8,1364505149671,8,1364505149751,80,592,560,480
26,80,1364505149975,80,1364505150055,80,304,304,224
26,79,1364505150431,79,1364505150527,96,456,472,376
26,83,1364505150655,83,1364505150727,72,224,200,128
26,83,1364505150815,83,1364505150951,136,160,224,88
26,73,1364505150951,73,1364505151023,72,136,72,0
26,66,1364505151847,66,1364505151975,128,896,952,824
26,76,1364505151951,76,1364505152055,104,104,80,-24
26,69,1364505152031,69,1364505152143,112,80,88,-24
26,32,1364505152143,32,1364505152239,96,112,96,0
26,77,1364505152311,77,1364505152431,120,168,192,72
26,73,1364505152391,73,1364505152487,96,80,56,-40
26,83,1364505152519,83,1364505152583,64,128,96,32
26,83,1364505152687,83,1364505152775,88,168,192,104
26,73,1364505152775,73,1364505152940,165,88,165,0
26,79,1364505152847,79,1364505152967,120,72,27,-93
26,78,1364505152941,78,1364505153055,114,94,88,-26
26,32,1364505152999,32,1364505153087,88,58,32,-56
26,82,1364505153311,82,1364505153390,79,312,303,224
26,73,1364505153423,73,1364505153503,80,112,113,33
26,71,1364505153526,71,1364505153607,81,103,104,23
26,72,1364505153607,72,1364505153710,103,81,103,0
26,84,1364505153694,84,1364505153806,112,87,96,-16
26,32,1364505153790,32,1364505153878,88,96,72,-16
26,78,1364505153974,78,1364505154094,120,184,216,96
26,79,1364505154038,79,1364505154142,104,64,48,-56
26,87,1364505154174,87,1364505154270,96,136,128,32
26,188,1364505154350,188,1364505154446,96,176,176,80
26,32,1364505154447,32,1364505154542,95,97,96,1
26,8,1364505154918,8,1364505154982,64,471,440,376
26,8,1364505155030,8,1364505155094,64,112,112,48
26,190,1364505155326,190,1364505155430,104,296,336,232
26,32,1364505155431,32,1364505155534,103,105,104,1
26,16,1364505157014,16,1364505157543,529,1583,2009,1480
26,72,1364505158823,72,1364505158951,128,1809,1408,1280
26,79,1364505158911,79,1364505159023,112,88,72,-40
26,8,1364505159311,8,1364505159383,72,400,360,288
26,8,1364505159447,8,1364505159519,72,136,136,64
26,16,1364505160447,16,1364505160656,209,1000,1137,928
26,73,1364505160567,73,1364505160687,120,120,31,-89
26,32,1364505160631,32,1364505160751,120,64,64,-56
26,65,1364505160903,65,1364505161055,152,272,304,152
26,77,1364505160975,77,1364505161103,128,72,48,-80
26,32,1364505161055,32,1364505161159,104,80,56,-48
26,69,1364505161599,69,1364505161679,80,544,520,440
26,78,1364505161719,78,1364505161807,88,120,128,40
26,86,1364505161839,86,1364505161943,104,120,136,32
26,69,1364505161903,69,1364505161991,88,64,48,-40
26,78,1364505162015,78,1364505162135,120,112,144,24
26,32,1364505162095,32,1364505162207,112,80,72,-40
26,8,1364505162567,8,1364505162743,176,472,536,360
26,8,1364505162823,8,1364505162847,24,256,104,80
26,8,1364505162927,8,1364505162999,72,104,152,80
26,8,1364505163088,8,1364505163159,71,161,160,89
26,8,1364505163256,8,1364505163327,71,168,168,97
26,86,1364505163471,86,1364505163567,96,215,240,144
26,69,1364505163535,69,1364505163647,112,64,80,-32
26,78,1364505163647,78,1364505163791,144,112,144,0
26,32,1364505163759,32,1364505163871,112,112,80,-32
26,68,1364505163951,68,1364505164047,96,192,176,80
26,79,1364505164079,79,1364505164127,48,128,80,32
26,8,1364505164343,8,1364505164391,48,264,264,216
26,8,1364505164455,8,1364505164511,56,112,120,64
26,87,1364505164575,87,1364505164679,104,120,168,64
26,79,1364505164679,79,1364505164807,128,104,128,0
26,78,1364505164767,78,1364505164871,104,88,64,-40
26,68,1364505164871,68,1364505164939,68,104,68,0
26,69,1364505165647,69,1364505165783,136,776,844,708
26,82,1364505165719,82,1364505165855,136,72,72,-64
26,73,1364505165855,73,1364505165951,96,136,96,0
26,78,1364505165927,78,1364505166015,88,72,64,-24
26,71,1364505166015,71,1364505166127,112,88,112,0
26,32,1364505166111,32,1364505166183,72,96,56,-16
26,87,1364505166263,87,1364505166335,72,152,152,80
26,72,1364505166319,72,1364505166407,88,56,72,-16
26,65,1364505166479,65,1364505166615,136,160,208,72
26,84,1364505166567,84,1364505166679,112,88,64,-48
26,32,1364505166639,32,1364505166735,96,72,56,-40
26,83,1364505166807,83,1364505166903,96,168,168,72
26,72,1364505166855,72,1364505166959,104,48,56,-48
26,79,1364505166959,79,1364505167175,216,104,216,0
26,85,1364505167079,85,1364505167231,152,120,56,-96
26,76,1364505168631,76,1364505168663,32,1552,1432,1400
26,68,1364505169191,68,1364505169279,88,560,616,528
26,32,1364505169303,32,1364505169367,64,112,88,24
26,66,1364505169463,66,1364505169535,72,160,168,96
26,69,1364505169559,69,1364505169639,80,96,104,24
26,32,1364505169663,32,1364505169767,104,104,128,24
26,77,1364505169950,77,1364505170022,72,287,255,183
26,89,1364505170198,89,1364505170318,120,248,296,176
26,32,1364505170279,32,1364505170390,111,81,72,-39
26,84,1364505170510,84,1364505170631,121,231,241,120
26,72,1364505170582,72,1364505170671,89,72,40,-49
26,69,1364505170671,69,1364505170758,87,89,87,0
26,83,1364505171054,83,1364505171190,136,383,432,296
26,73,1364505171271,73,1364505171358,87,217,168,81
26,83,1364505171390,83,1364505171494,104,119,136,32
26,32,1364505171534,32,1364505171630,96,144,136,40
26,84,1364505171646,84,1364505171751,105,112,121,16
26,79,1364505171751,79,1364505171846,95,105,95,0
26,80,1364505171950,80,1364505172054,104,199,208,104
26,73,1364505172167,73,1364505172262,95,217,208,113
26,67,1364505172390,67,1364505172487,97,223,225,128
26,190,1364505172551,190,1364505172662,111,161,175,64
26,32,1364505172663,32,1364505172774,111,112,112,1
26,84,1364575518969,84,1364575519088,119,224,48,-71
26,72,1364575519089,72,1364575519208,119,120,120,1
26,73,1364575519168,73,1364575519272,104,79,64,-40
26,83,1364575519256,83,1364575519352,96,88,80,-16
26,32,1364575519400,32,1364575519480,80,144,128,48
26,73,1364575519848,73,1364575519937,89,448,457,368
26,83,1364575519961,83,1364575520048,87,113,111,24
26,32,1364575520032,32,1364575520104,72,71,56,-16
26,84,1364575520216,84,1364575520328,112,184,224,112
26,72,1364575520280,72,1364575520360,80,64,32,-48
26,69,1364575520400,69,1364575520488,88,120,128,40
26,32,1364575520505,32,1364575520576,71,105,88,17
26,70,1364575521016,70,1364575521088,72,511,512,440
26,79,1364575521112,79,1364575521200,88,96,112,24
26,85,1364575521248,85,1364575521344,96,136,144,48
26,82,1364575521408,82,1364575521488,80,160,144,64
26,84,1364575521800,84,1364575521896,96,392,408,312
26,72,1364575521880,72,1364575521968,88,80,72,-16
26,32,1364575522016,32,1364575522104,88,136,136,48
26,84,1364575522248,84,1364575522392,144,232,288,144
26,73,1364575522393,73,1364575522520,127,145,128,1
26,77,1364575522488,77,1364575522600,112,95,80,-32
26,69,1364575522568,69,1364575522672,104,80,72,-32
26,32,1364575522672,32,1364575522768,96,104,96,0
26,16,1364575522889,16,1364575522992,103,217,224,121
26,73,1364575522928,73,1364575523048,120,39,56,-64
26,32,1364575523016,32,1364575523096,80,88,48,-32
26,82,1364575523160,82,1364575523289,129,144,193,64
26,69,1364575523240,69,1364575523344,104,80,55,-49
26,67,1364575523640,67,1364575523744,104,400,400,296
26,79,1364575523744,79,1364575523824,80,104,80,0
26,82,1364575523872,82,1364575523984,112,128,160,48
26,68,1364575524064,68,1364575524168,104,192,184,80
26,32,1364575524232,32,1364575524304,72,168,136,64
26,70,1364575525928,70,1364575525992,64,1696,1688,1624
26,79,1364575526016,79,1364575526088,72,88,96,24
26,82,1364575526096,82,1364575526184,88,80,96,8
26,32,1364575526185,32,1364575526249,64,89,65,1
26,84,1364575526288,84,1364575526424,136,103,175,39
26,72,1364575526368,72,1364575526464,96,80,40,-56
26,73,1364575526440,73,1364575526536,96,72,72,-24
26,83,1364575526536,83,1364575526664,128,96,128,0
26,32,1364575526640,32,1364575526736,96,104,72,-24
26,82,1364575528376,82,1364575528504,128,1736,1768,1640
26,69,1364575528448,69,1364575528544,96,72,40,-56
26,83,1364575528665,83,1364575528897,232,217,353,121
26,69,1364575528705,69,1364575528945,240,40,48,-192
26,65,1364575528825,65,1364575528977,152,120,32,-120
26,82,1364575528881,82,1364575528993,112,56,16,-96
26,67,1364575529137,67,1364575529241,104,256,248,144
26,72,1364575529209,72,1364575529297,88,72,56,-32
26,190,1364575529449,190,1364575529569,120,240,272,152
26,32,1364575529569,32,1364575529681,112,120,112,0
26,16,1364575530033,16,1364575530257,224,464,576,352
26,73,1364575530201,73,1364575530329,128,168,72,-56
26,32,1364575530329,32,1364575530409,80,128,80,0
26,8,1364575530745,8,1364575530809,64,416,400,336
26,84,1364575530873,84,1364575530977,104,128,168,64
26,32,1364575530977,32,1364575531025,48,104,48,0
26,73,1364575531105,73,1364575531201,96,128,176,80
26,83,1364575531233,83,1364575531305,72,128,104,32
26,32,1364575531289,32,1364575531393,104,56,88,-16
26,65,1364575531738,65,1364575531849,111,449,456,345
26,32,1364575531865,32,1364575531977,112,127,128,16
26,81,1364575532065,81,1364575532129,64,200,152,88
26,85,1364575532129,85,1364575532241,112,64,112,0
26,73,1364575532209,73,1364575532305,96,80,64,-32
26,84,1364575532305,84,1364575532433,128,96,128,0
26,69,1364575532377,69,1364575532513,136,72,80,-56
26,32,1364575532505,32,1364575532617,112,128,104,-8
26,73,1364575532689,73,1364575532769,80,184,152,72
26,78,1364575532769,78,1364575532865,96,80,96,0
26,84,1364575532889,84,1364575532961,72,120,96,24
26,69,1364575532961,69,1364575533081,120,72,120,0
26,82,1364575533065,82,1364575533257,192,104,176,-16
26,69,1364575533177,69,1364575533297,120,112,40,-80
26,83,1364575533441,83,1364575533537,96,264,240,144
26,84,1364575533505,84,1364575533673,168,64,136,-32
26,73,1364575534081,73,1364575534201,120,576,528,408
26,78,1364575534177,78,1364575534265,88,96,64,-24
26,71,1364575534249,71,1364575534337,88,72,72,-16
26,32,1364575534329,32,1364575534416,87,80,79,-8
26,82,1364575534497,82,1364575534625,128,168,209,81
26,69,1364575534568,69,1364575534649,81,71,24,-57
26,83,1364575534769,83,1364575535001,232,201,352,120
26,69,1364575534857,69,1364575535057,200,88,56,-144
26,65,1364575534945,65,1364575535089,144,88,32,-112
26,82,1364575535041,82,1364575535113,72,96,24,-48
26,67,1364575535273,67,1364575535377,104,232,264,160
26,72,1364575535337,72,1364575535425,88,64,48,-40
26,190,1364575535569,190,1364575535673,104,232,248,144
26,32,1364575535673,32,1364575535753,80,104,80,0
26,16,1364575536257,16,1364575536424,167,584,671,504
26,73,1364575536328,73,1364575536440,112,71,16,-96
26,32,1364575536393,32,1364575536504,111,65,64,-47
26,65,1364575537625,65,1364575537720,95,1232,1216,1121
26,77,1364575537704,77,1364575537824,120,79,104,-16
26,32,1364575537776,32,1364575537840,64,72,16,-48
26,87,1364575537889,87,1364575537992,103,113,152,49
26,79,1364575537993,79,1364575538104,111,104,112,1
26,78,1364575538105,78,1364575538184,79,112,80,1
26,68,1364575538257,68,1364575538360,103,152,176,73
26,8,1364575538560,8,1364575538624,64,303,264,200
26,8,1364575538680,8,1364575538752,72,120,128,56
26,8,1364575538776,8,1364575538864,88,96,112,24
26,8,1364575538888,8,1364575539104,216,112,240,24
26,8,1364575539160,8,1364575539225,65,272,121,56
26,8,1364575539305,8,1364575539352,47,145,127,80
26,8,1364575539432,8,1364575539480,48,127,128,80
26,83,1364575539824,83,1364575539928,104,392,448,344
26,72,1364575539928,72,1364575540032,104,104,104,0
26,79,1364575540032,79,1364575540136,104,104,104,0
26,85,1364575540112,85,1364575540184,72,80,48,-24
26,76,1364575540257,76,1364575540320,63,145,136,73
26,68,1364575540320,68,1364575540432,112,63,112,0
26,32,1364575540408,32,1364575540536,128,88,104,-24
26,83,1364575541888,83,1364575541968,80,1480,1432,1352
26,84,1364575541992,84,1364575542112,120,104,144,24
26,85,1364575542257,85,1364575542352,95,265,240,145
26,68,1364575542808,68,1364575542912,104,551,560,456
26,89,1364575542896,89,1364575543024,128,88,112,-16
26,32,1364575542976,32,1364575543080,104,80,56,-48
26,16,1364575544544,16,1364575544704,160,1568,1624,1464
26,67,1364575544640,67,1364575544760,120,96,56,-64
26,79,1364575544736,79,1364575544832,96,96,72,-24
26,77,1364575544808,77,1364575544880,72,72,48,-24
26,80,1364575544944,80,1364575545024,80,136,144,64
26,85,1364575545096,85,1364575545160,64,152,136,72
26,84,1364575545368,84,1364575545488,120,272,328,208
26,69,1364575545520,69,1364575545648,128,152,160,32
26,82,1364575545600,82,1364575545744,144,80,96,-48
26,32,1364575545792,32,1364575545928,136,192,184,48
26,16,1364575546401,16,1364575546633,232,609,705,473
26,83,1364575546537,83,1364575546641,104,136,8,-96
26,67,1364575546785,67,1364575546897,112,248,256,144
26,69,1364575546985,69,1364575547081,96,200,184,88
26,8,1364575547585,8,1364575547642,57,600,561,504
26,73,1364575547793,73,1364575547857,64,208,215,151
26,69,1364575547937,69,1364575548033,96,144,176,80
26,78,1364575548065,78,1364575548145,80,128,112,32
26,67,1364575548145,67,1364575548281,136,80,136,0
26,69,1364575548209,69,1364575548329,120,64,48,-72
26,32,1364575548401,32,1364575548521,120,192,192,72
26,65,1364575548793,65,1364575548897,104,392,376,272
26,84,1364575548921,84,1364575549041,120,128,144,24
26,32,1364575549041,32,1364575549137,96,120,96,0
26,84,1364575549113,84,1364575549273,160,72,136,-24
26,72,1364575549217,72,1364575549313,96,104,40,-56
26,69,1364575549313,69,1364575549409,96,96,96,0
26,32,1364575549377,32,1364575549489,112,64,80,-32
26,8,1364575551017,8,1364575551089,72,1640,1600,1528
26,8,1364575551144,8,1364575551225,81,127,136,55
26,8,1364575551289,8,1364575551449,160,145,224,64
26,8,1364575551545,8,1364575551713,168,256,264,96
26,8,1364575551753,8,1364575551825,72,208,112,40
26,8,1364575552081,8,1364575552160,79,328,335,256
26,8,1364575552240,8,1364575552304,64,159,144,80
26,87,1364575553409,87,1364575553489,80,1169,1185,1105
26,72,1364575553489,72,1364575553552,63,80,63,0
26,69,1364575553616,69,1364575553728,112,127,176,64
26,78,1364575553785,78,1364575553865,80,169,137,57
26,32,1364575553992,32,1364575554073,81,207,208,127
26,8,1364575554505,8,1364575554568,63,513,495,432
26,8,1364575554640,8,1364575554721,81,135,153,72
26,8,1364575554969,8,1364575555048,79,329,327,248
26,8,1364575555128,8,1364575555184,56,159,136,80
26,8,1364575555265,8,1364575555312,47,137,128,81
26,87,1364575555584,87,1364575555673,89,319,361,272
26,72,1364575555673,72,1364575555736,63,89,63,0
26,69,1364575555776,69,1364575555864,88,103,128,40
26,78,1364575555864,78,1364575555976,112,88,112,0
26,32,1364575555953,32,1364575556008,55,89,32,-23
26,16,1364575556048,16,1364575556168,120,95,160,40
26,73,1364575556096,73,1364575556208,112,48,40,-72
26,32,1364575556168,32,1364575556272,104,72,64,-40
26,87,1364575556929,87,1364575557088,159,761,816,657
26,69,1364575557072,69,1364575557216,144,143,128,-16
26,8,1364575557544,8,1364575557736,192,472,520,328
26,8,1364575558024,8,1364575558096,72,480,360,288
26,87,1364575558408,87,1364575558528,120,384,432,312
26,69,1364575558480,69,1364575558600,120,72,72,-48
26,78,1364575558624,78,1364575558696,72,144,96,24
26,84,1364575558728,84,1364575558808,80,104,112,32
26,32,1364575558848,32,1364575558920,72,120,112,40
26,84,1364575558920,84,1364575559048,128,72,128,0
26,79,1364575559616,79,1364575559768,152,696,720,568
26,32,1364575559728,32,1364575559824,96,112,56,-40
26,84,1364575560720,84,1364575560856,136,992,1032,896
26,190,1364575561024,190,1364575561104,80,304,248,168
26,32,1364575561105,32,1364575561192,87,81,88,1
26,16,1364575563314,16,1364575563769,455,2209,2577,2122
26,73,1364575563697,73,1364575563841,144,383,72,-72
26,32,1364575563793,32,1364575563905,112,96,64,-48
26,87,1364575563953,87,1364575564097,144,160,192,48
26,65,1364575564081,65,1364575564185,104,128,88,-16
26,83,1364575564313,83,1364575564417,104,232,232,128
26,32,1364575564857,32,1364575564969,112,544,552,440
26,84,1364575564969,84,1364575565065,96,112,96,0
26,79,1364575565065,79,1364575565137,72,96,72,0
26,76,1364575565233,76,1364575565313,80,168,176,96
26,68,1364575565329,68,1364575565449,120,96,136,16
26,32,1364575565401,32,1364575565497,96,72,48,-48
26,84,1364575565793,84,1364575565897,104,392,400,296
26,72,1364575565897,72,1364575565969,72,104,72,0
26,8,1364575566281,8,1364575566353,72,384,384,312
26,8,1364575566625,8,1364575566697,72,344,344,272
26,84,1364575567473,84,1364575567553,80,848,856,776
26,72,1364575567521,72,1364575567633,112,48,80,-32
26,69,1364575567633,69,1364575567745,112,112,112,0
26,32,1364575567713,32,1364575567825,112,80,80,-32
26,32,1364575568609,32,1364575568737,128,896,912,784
26,87,1364575569864,87,1364575569952,88,1255,1215,1127
26,79,1364575570057,79,1364575570129,72,193,177,105
26,76,1364575570993,76,1364575571080,87,936,951,864
26,8,1364575571400,8,1364575571457,57,407,377,320
26,85,1364575571600,85,1364575571704,104,200,247,143
26,76,1364575571728,76,1364575571824,96,128,120,24
26,68,1364575571848,68,1364575571952,104,120,128,24
26,32,1364575571944,32,1364575572032,88,96,80,-8
26,78,1364575572105,78,1364575572224,119,161,192,73
26,79,1364575572176,79,1364575572289,113,71,65,-48
26,84,1364575572289,84,1364575572408,119,113,119,0
26,32,1364575572360,32,1364575572505,145,71,97,-48
26,67,1364575572720,67,1364575572808,88,360,303,215
26,79,1364575572809,79,1364575572912,103,89,104,1
26,77,1364575572896,77,1364575573008,112,87,96,-16
26,69,1364575572984,69,1364575573104,120,88,96,-24
26,32,1364575573104,32,1364575573208,104,120,104,0
26,65,1364575574288,65,1364575574456,168,1184,1248,1080
26,8,1364575574704,8,1364575574784,80,416,328,248
26,8,1364575574856,8,1364575574912,56,152,128,72
26,8,1364575575096,8,1364575575168,72,240,256,184
26,8,1364575575256,8,1364575575320,64,160,152,88
26,8,1364575575400,8,1364575575464,64,144,144,80
26,8,1364575576056,8,1364575576160,104,656,696,592
26,32,1364575577096,32,1364575577176,80,1040,1016,936
26,66,1364575577304,66,1364575577384,80,208,208,128
26,69,1364575577384,69,1364575577472,88,80,88,0
26,32,1364575577472,32,1364575577576,104,88,104,0
26,72,1364575579464,72,1364575579592,128,1992,2016,1888
26,79,1364575579560,79,1364575579664,104,96,72,-32
26,84,1364575579665,84,1364575579800,135,105,136,1
26,32,1364575579768,32,1364575579848,80,103,48,-32
26,65,1364575579920,65,1364575580072,152,152,224,72
26,78,1364575580016,78,1364575580088,72,96,16,-56
26,89,1364575580240,89,1364575580320,80,224,232,152
26,77,1364575580816,77,1364575580920,104,576,600,496
26,79,1364575580888,79,1364575580976,88,72,56,-32
26,82,1364575580976,82,1364575581064,88,88,88,0
26,69,1364575581032,69,1364575581113,81,56,49,-32
26,32,1364575581113,32,1364575581193,80,81,80,0
26,84,1364575582017,84,1364575582105,88,904,912,824
26,65,1364575582153,65,1364575582289,136,136,184,48
26,84,1364575582257,84,1364575582385,128,104,96,-32
26,8,1364575582601,8,1364575582649,48,344,264,216
26,8,1364575582729,8,1364575582769,40,128,120,80
26,8,1364575582833,8,1364575582881,48,104,112,64
26,65,1364575582977,65,1364575583129,152,144,248,96
26,84,1364575583073,84,1364575583161,88,96,32,-56
26,32,1364575583145,32,1364575583209,64,72,48,-16
26,84,1364575583274,84,1364575583377,103,129,168,65
26,72,1364575583401,72,1364575583505,104,127,128,24
26,69,1364575583505,69,1364575583601,96,104,96,0
26,32,1364575583681,32,1364575583769,88,176,168,80
26,8,1364575584201,8,1364575584249,48,520,480,432
26,8,1364575584305,8,1364575584361,56,104,112,56
26,65,1364575584417,65,1364575584537,120,112,176,56
26,84,1364575584481,84,1364575584609,128,64,72,-56
26,32,1364575584609,32,1364575584665,56,128,56,0
26,84,1364575584705,84,1364575584833,128,96,168,40
26,73,1364575584801,73,1364575584929,128,96,96,-32
26,77,1364575584929,77,1364575585025,96,128,96,0
26,69,1364575584985,69,1364575585089,104,56,64,-40
26,32,1364575585089,32,1364575585209,120,104,120,0
26,65,1364575585289,65,1364575585425,136,200,216,80
26,78,1364575585425,78,1364575585529,104,136,104,0
26,68,1364575585529,68,1364575585625,96,104,96,0
26,8,1364575586321,8,1364575586377,56,792,752,696
26,8,1364575586441,8,1364575586497,56,120,120,64
26,8,1364575586561,8,1364575586616,55,120,119,64
26,87,1364575586760,87,1364575586865,105,199,249,144
26,72,1364575586865,72,1364575586961,96,105,96,0
26,73,1364575586929,73,1364575587009,80,64,48,-32
26,76,1364575587065,76,1364575587161,96,136,152,56
26,69,1364575587161,69,1364575587289,128,96,128,0
26,32,1364575587257,32,1364575587337,80,96,48,-32
26,67,1364575587761,67,1364575587865,104,504,528,424
26,76,1364575587888,76,1364575587952,64,127,87,23
26,82,1364575588513,82,1364575588609,96,625,657,561
26,76,1364575588688,76,1364575588768,80,175,159,79
26,89,1364575588840,89,1364575588960,120,152,192,72
26,32,1364575588952,32,1364575589064,112,112,104,-8
26,73,1364575589136,73,1364575589216,80,184,152,72
26,84,1364575589240,84,1364575589369,129,104,153,24
26,32,1364575589369,32,1364575589480,111,129,111,0
26,73,1364575590048,73,1364575590129,81,679,649,568
26,83,1364575590129,83,1364575590216,87,81,87,0
26,32,1364575590217,32,1364575590312,95,88,96,1
26,87,1364575590512,87,1364575590640,128,295,328,200
26,82,1364575590672,82,1364575590809,137,160,169,32
26,79,1364575590912,79,1364575591032,120,240,223,103
26,78,1364575591033,78,1364575591112,79,121,80,1
26,71,1364575591152,71,1364575591273,121,119,161,40
26,190,1364575591273,190,1364575591361,88,121,88,0
26,32,1364575591361,32,1364575591458,97,88,97,0
26,16,1364575592416,16,1364575593024,608,1055,1566,958
26,84,1364575592928,84,1364575593025,97,512,1,-96
26,72,1364575593025,72,1364575593136,111,97,111,0
26,69,1364575593136,69,1364575593224,88,111,88,0
26,82,1364575593225,82,1364575593384,159,89,160,1
26,69,1364575593320,69,1364575593432,112,95,48,-64
26,32,1364575593512,32,1364575593624,112,192,192,80
26,65,1364575593736,65,1364575593840,104,224,216,112
26,82,1364575593864,82,1364575593976,112,128,136,24
26,69,1364575593928,69,1364575594048,120,64,72,-48
26,77,1364575594160,77,1364575594248,88,232,200,112
26,32,1364575594304,32,1364575594416,112,144,168,56
26,8,1364575594640,8,1364575594688,48,336,272,224
26,8,1364575594760,8,1364575594800,40,120,112,72
26,32,1364575594912,32,1364575594992,80,152,192,112
26,77,1364575595056,77,1364575595152,96,144,160,64
26,65,1364575595200,65,1364575595336,136,144,184,48
26,78,1364575595792,78,1364575595864,72,592,528,456
26,89,1364575596032,89,1364575596144,112,240,280,168
26,32,1364575596120,32,1364575596208,88,88,64,-24
26,73,1364575596208,73,1364575596344,136,88,136,0
26,78,1364575596344,78,1364575596432,88,136,88,0
26,84,1364575596432,84,1364575596512,80,88,80,0
26,69,1364575596512,69,1364575596648,136,80,136,0
26,82,1364575596616,82,1364575596800,184,104,152,-32
26,69,1364575596704,69,1364575596840,136,88,40,-96
26,83,1364575597040,83,1364575597128,88,336,288,200
26,84,1364575597176,84,1364575597320,144,136,192,48
26,73,1364575597488,73,1364575597592,104,312,272,168
26,78,1364575597552,78,1364575597664,112,64,72,-40
26,71,1364575597624,71,1364575597752,128,72,88,-40
26,32,1364575597720,32,1364575597808,88,96,56,-32
26,65,1364575597896,65,1364575598032,136,176,224,88
26,80,1364575597992,80,1364575598064,72,96,32,-40
26,80,1364575598152,80,1364575598216,64,160,152,88
26,76,1364575598320,76,1364575598384,64,168,168,104
26,73,1364575598472,73,1364575598552,80,152,168,88
26,67,1364575598552,67,1364575598657,105,80,105,0
26,65,1364575598617,65,1364575598721,104,65,64,-40
26,84,1364575598793,84,1364575598921,128,176,200,72
26,73,1364575598857,73,1364575598985,128,64,64,-64
26,79,1364575598897,79,1364575599018,121,40,33,-88
26,78,1364575599019,78,1364575599129,110,122,111,1
26,83,1364575599193,83,1364575599321,128,174,192,64
26,32,1364575599321,32,1364575599401,80,128,80,0
26,82,1364575599553,82,1364575599689,136,232,288,152
26,69,1364575599625,69,1364575599753,128,72,64,-64
26,67,1364575599881,67,1364575600001,120,256,248,128
26,69,1364575599929,69,1364575600073,144,48,72,-72
26,78,1364575600529,78,1364575600593,64,600,520,456
26,84,1364575600681,84,1364575600793,112,152,200,88
26,76,1364575600833,76,1364575600921,88,152,128,40
26,89,1364575601025,89,1364575601129,104,192,208,104
26,32,1364575601129,32,1364575601241,112,104,112,0
26,82,1364575601937,82,1364575602105,168,808,864,696
26,69,1364575602033,69,1364575602153,120,96,48,-72
26,76,1364575602249,76,1364575602321,72,216,168,96
26,65,1364575602353,65,1364575602441,88,104,120,32
26,84,1364575602409,84,1364575602593,184,56,152,-32
26,69,1364575602505,69,1364575602593,88,96,0,-88
26,68,1364575602713,68,1364575602817,104,208,224,120
26,32,1364575602873,32,1364575602945,72,160,128,56
26,84,1364575603409,84,1364575603521,112,536,576,464
26,79,1364575603473,79,1364575603601,128,64,80,-48
26,32,1364575603569,32,1364575603665,96,96,64,-32
26,84,1364575603945,84,1364575604040,95,376,375,280
26,72,1364575604025,72,1364575604145,120,80,105,-15
26,73,1364575604105,73,1364575604201,96,80,56,-40
26,83,1364575604185,83,1364575604280,95,80,79,-16
26,32,1364575604257,32,1364575604352,95,72,72,-23
26,65,1364575604593,65,1364575604745,152,336,393,241
26,82,1364575604745,82,1364575604912,167,152,167,0
26,69,1364575604840,69,1364575604992,152,95,80,-72
26,65,1364575604968,65,1364575605080,112,128,88,-24
26,190,1364575605321,190,1364575605441,120,353,361,241
26,32,1364575605441,32,1364575605569,128,120,128,0
26,80,1365008431069,80,1365008431141,72,88,0,-72
26,65,1365008431573,65,1365008431684,111,504,543,432
26,84,1365008431789,84,1365008431868,79,216,184,105
26,84,1365008432012,84,1365008432069,57,223,201,144
26,69,1365008432252,69,1365008432388,136,240,319,183
26,82,1365008432340,82,1365008432492,152,88,104,-48
26,78,1365008432460,78,1365008432580,120,120,88,-32
26,32,1365008432540,32,1365008432668,128,80,88,-40
26,82,1365008432700,82,1365008432876,176,160,208,32
26,69,1365008432788,69,1365008432924,136,88,48,-88
26,67,1365008433060,67,1365008433140,80,272,216,136
26,79,1365008433141,79,1365008433212,71,81,72,1
26,71,1365008433325,71,1365008433420,95,184,208,113
26,78,1365008433404,78,1365008433540,136,79,120,-16
26,73,1365008433541,73,1365008433637,96,137,97,1
26,84,1365008433692,84,1365008433812,120,151,175,55
26,73,1365008433756,73,1365008433940,184,64,128,-56
26,79,1365008433852,79,1365008433972,120,96,32,-88
26,78,1365008433916,78,1365008434060,144,64,88,-56
26,32,1365008434052,32,1365008434156,104,136,96,-8
26,73,1365008434196,73,1365008434260,64,144,104,40
26,83,1365008434292,83,1365008434397,105,96,137,32
26,32,1365008434332,32,1365008434397,65,40,0,-65
26,65,1365008435052,65,1365008435180,128,720,783,655
26,32,1365008435156,32,1365008435245,89,104,65,-24
26,86,1365008435548,86,1365008435636,88,392,391,303
26,69,1365008435612,69,1365008435716,104,64,80,-24
26,82,1365008435796,82,1365008435892,96,184,176,80
26,89,1365008435924,89,1365008436004,80,128,112,32
26,32,1365008435980,32,1365008436068,88,56,64,-24
26,85,1365008436172,85,1365008436284,112,192,216,104
26,83,1365008436364,83,1365008436476,112,192,192,80
26,70,1365008436684,70,1365008436850,166,320,374,208
26,8,1365008437052,8,1365008437116,64,368,266,202
26,69,1365008437148,69,1365008437220,72,96,104,32
26,70,1365008437308,70,1365008437413,105,160,193,88
26,85,1365008437413,85,1365008437493,80,105,80,0
26,76,1365008437557,76,1365008437621,64,144,128,64
26,32,1365008437717,32,1365008437838,121,160,217,96
26,67,1365008437989,67,1365008438133,144,272,295,151
26,65,1365008438069,65,1365008438173,104,80,40,-64
26,76,1365008438174,76,1365008438229,55,105,56,1
26,83,1365008438309,83,1365008438373,64,135,144,80
26,83,1365008438469,83,1365008438565,96,160,192,96
26,8,1365008438709,8,1365008438765,56,240,200,144
26,8,1365008438829,8,1365008438901,72,120,136,64
26,8,1365008438981,8,1365008439029,48,152,128,80
26,8,1365008439581,8,1365008439645,64,600,616,552
26,76,1365008439869,76,1365008439917,48,288,272,224
26,65,1365008439957,65,1365008440021,64,88,104,40
26,83,1365008440190,83,1365008440269,79,233,248,169
26,83,1365008440381,83,1365008440485,104,191,216,112
26,190,1365008440509,190,1365008440629,120,128,144,24
26,32,1365008440629,32,1365008440701,72,120,72,0
26,16,1365008440741,16,1365008440861,120,112,160,40
26,73,1365008440813,73,1365008440925,112,72,64,-48
26,32,1365008440909,32,1365008440989,80,96,64,-16
26,84,1365008441013,84,1365008441125,112,104,136,24
26,72,1365008441149,72,1365008441253,104,136,128,24
26,79,1365008441285,79,1365008441421,136,136,168,32
26,85,1365008441389,85,1365008441469,80,104,48,-32
26,8,1365008441645,8,1365008441709,64,256,240,176
26,8,1365008441773,8,1365008441829,56,128,120,64
26,8,1365008441894,8,1365008441941,47,121,112,65
26,8,1365008442013,8,1365008442053,40,119,112,72
26,83,1365008442421,83,1365008442541,120,408,488,368
26,72,1365008442525,72,1365008442621,96,104,80,-16
26,79,1365008442621,79,1365008442733,112,96,112,0
26,85,1365008442709,85,1365008442789,80,88,56,-24
26,76,1365008442845,76,1365008442925,80,136,136,56
26,68,1365008442933,68,1365008442997,64,88,72,8
26,32,1365008442997,32,1365008443133,136,64,136,0
26,84,1365008443109,84,1365008443261,152,112,128,-24
26,65,1365008443221,65,1365008443349,128,112,88,-40
26,75,1365008443309,75,1365008443405,96,88,56,-40
26,69,1365008443437,69,1365008443533,96,128,128,32
26,32,1365008443509,32,1365008443589,80,72,56,-24
26,73,1365008443685,73,1365008443757,72,176,168,96
26,84,1365008443725,84,1365008443853,128,40,96,-32
26,32,1365008443821,32,1365008443917,96,96,64,-32
26,8,1365008445389,8,1365008445453,64,1568,1536,1472
26,8,1365008445541,8,1365008445605,64,152,152,88
26,8,1365008445653,8,1365008445749,96,112,144,48
26,32,1365008446189,32,1365008446301,112,536,552,440
26,76,1365008447477,76,1365008447525,48,1288,1224,1176
26,8,1365008447773,8,1365008447829,56,296,304,248
26,69,1365008447869,69,1365008448076,207,96,247,40
26,65,1365008447973,65,1365008448125,152,104,49,-103
26,76,1365008448436,76,1365008448524,88,463,399,311
26,73,1365008448628,73,1365008448700,72,192,176,104
26,69,1365008448724,69,1365008448892,168,96,192,24
26,82,1365008448796,82,1365008448965,169,72,73,-96
26,190,1365008449076,190,1365008449173,97,280,208,111
26,32,1365008449173,32,1365008449301,128,97,128,0
26,8,1365008449917,8,1365008449967,50,744,666,616
26,8,1365008450077,8,1365008450164,87,160,197,110
26,8,1365008450573,8,1365008450652,79,496,488,409
26,8,1365008450732,8,1365008450804,72,159,152,80
26,8,1365008450876,8,1365008450932,56,144,128,72
26,8,1365008451012,8,1365008451076,64,136,144,80
26,82,1365008451189,82,1365008451332,143,177,256,113
26,76,1365008451333,76,1365008451396,63,144,64,1
26,73,1365008451492,73,1365008451564,72,159,168,96
26,69,1365008451564,69,1365008451724,160,72,160,0
26,82,1365008451636,82,1365008451772,136,72,48,-88
26,190,1365008451796,190,1365008451892,96,160,120,24
26,32,1365008451908,32,1365008452012,104,112,120,16
26,16,1365008452132,16,1365008452892,760,224,880,120
26,16,1365008452632,16,1365008453332,700,500,440,-260
26,84,1365008453268,84,1365008453356,88,636,24,-64
26,73,1365008453332,73,1365008453436,104,64,80,-24
26,8,1365008453685,8,1365008453756,71,353,320,249
26,8,1365008453876,8,1365008453908,32,191,152,120
26,84,1365008454388,84,1365008454484,96,512,576,480
26,32,1365008454548,32,1365008454644,96,160,160,64
26,8,1365008454941,8,1365008454973,32,393,329,297
26,8,1365008455077,8,1365008455101,24,136,128,104
26,8,1365008455445,8,1365008455533,88,368,432,344
26,16,1365008455717,16,1365008455853,136,272,320,184
26,73,1365008455797,73,1365008455885,88,80,32,-56
26,84,1365008456349,84,1365008456445,96,552,560,464
26,32,1365008456461,32,1365008456573,112,112,128,16
26,73,1365008456677,73,1365008456749,72,216,176,104
26,83,1365008456821,83,1365008456925,104,144,176,72
26,32,1365008456925,32,1365008456997,72,104,72,0
26,84,1365008457021,84,1365008457157,136,96,160,24
26,72,1365008457101,72,1365008457189,88,80,32,-56
26,69,1365008457189,69,1365008457277,88,88,88,0
26,32,1365008457261,32,1365008457373,112,72,96,-16
26,70,1365008457621,70,1365008457749,128,360,376,248
26,73,1365008457813,73,1365008457893,80,192,144,64
26,82,1365008457933,82,1365008458037,104,120,144,40
26,83,1365008458069,83,1365008458237,168,136,200,32
26,84,1365008458181,84,1365008458301,120,112,64,-56
26,32,1365008458301,32,1365008458405,104,120,104,0
26,67,1365008458469,67,1365008458605,136,168,200,64
26,65,1365008458557,65,1365008458645,88,88,40,-48
26,76,1365008458605,76,1365008458677,72,48,32,-40
26,83,1365008458773,83,1365008458853,80,168,176,96
26,83,1365008458949,83,1365008459077,128,176,224,96
26,32,1365008459077,32,1365008459173,96,128,96,0
26,8,1365008459541,8,1365008459581,40,464,408,368
26,8,1365008459661,8,1365008459717,56,120,136,80
26,8,1365008459781,8,1365008459829,48,120,112,64
26,8,1365008459917,8,1365008459957,40,136,128,88
26,8,1365008460741,8,1365008460797,56,824,840,784
26,76,1365008461005,76,1365008461053,48,264,256,208
26,8,1365008461325,8,1365008461381,56,320,328,272
26,8,1365008461685,8,1365008461773,88,360,392,304
26,32,1365008462421,32,1365008462541,120,736,768,648
26,67,1365008462661,67,1365008462813,152,240,272,120
26,76,1365008462813,76,1365008462885,72,152,72,0
26,65,1365008462893,65,1365008462965,72,80,80,8
26,83,1365008463085,83,1365008463149,64,192,184,120
26,83,1365008463261,83,1365008463349,88,176,200,112
26,32,1365008463389,32,1365008463469,80,128,120,40
26,84,1365008463477,84,1365008463605,128,88,136,8
26,72,1365008463581,72,1365008463661,80,104,56,-24
26,65,1365008463661,65,1365008463773,112,80,112,0
26,84,1365008463725,84,1365008463845,120,64,72,-48
26,32,1365008463813,32,1365008463925,112,88,80,-32
26,16,1365008463957,16,1365008464077,120,144,152,32
26,73,1365008464045,73,1365008464149,104,88,72,-32
26,32,1365008464101,32,1365008464181,80,56,32,-48
26,72,1365008464677,72,1365008464765,88,576,584,496
26,65,1365008464966,65,1365008465077,111,289,312,201
26,86,1365008465157,86,1365008465309,152,191,232,80
26,69,1365008465245,69,1365008465349,104,88,40,-64
26,32,1365008465365,32,1365008465445,80,120,96,16
26,69,1365008465501,69,1365008466012,511,136,567,56
26,69,1365008466000,69,1365008466117,117,499,105,-12
26,8,1365008466565,8,1365008466644,79,565,527,448
26,8,1365008466708,8,1365008466772,64,143,128,64
26,86,1365008466820,86,1365008466932,112,112,160,48
26,69,1365008466852,69,1365008466980,128,32,48,-80
26,82,1365008467108,82,1365008467236,128,256,256,128
26,32,1365008467261,32,1365008467356,95,153,120,25
26,84,1365008467388,84,1365008467556,168,127,200,32
26,65,1365008467492,65,1365008467589,97,104,33,-64
26,75,1365008467604,75,1365008467693,89,112,104,15
26,69,1365008468222,69,1365008468349,127,618,656,529
26,78,1365008468349,78,1365008468468,119,127,119,0
26,32,1365008468436,32,1365008468543,107,87,75,-32
26,73,1365008468725,73,1365008468836,111,289,293,182
26,78,1365008468837,78,1365008468900,63,112,64,1
26,8,1365008469124,8,1365008469180,56,287,280,224
26,8,1365008469244,8,1365008469301,57,120,121,64
26,65,1365008469364,65,1365008469452,88,120,151,63
26,84,1365008469412,84,1365008469540,128,48,88,-40
26,32,1365008469541,32,1365008469644,103,129,104,1
26,32,1365008470909,32,1365008471004,95,1368,1360,1265
26,65,1365008471004,65,1365008471116,112,95,112,0
26,78,1365008471116,78,1365008471188,72,112,72,0
26,68,1365008471188,68,1365008471308,120,72,120,0
26,32,1365008471308,32,1365008471380,72,120,72,0
26,73,1365008471460,73,1365008471540,80,152,160,80
26,84,1365008471564,84,1365008471700,136,104,160,24
26,32,1365008471716,32,1365008471820,104,152,120,16
26,73,1365008471996,73,1365008472060,64,280,240,176
26,83,1365008472076,83,1365008472188,112,80,128,16
26,32,1365008472188,32,1365008472284,96,112,96,0
26,82,1365008472389,82,1365008472557,168,201,273,105
26,69,1365008472445,69,1365008472581,136,56,24,-112
26,65,1365008472557,65,1365008472661,104,112,80,-24
26,76,1365008472693,76,1365008472765,72,136,104,32
26,89,1365008472973,89,1365008473109,136,280,344,208
26,32,1365008473085,32,1365008473221,136,112,112,-24
26,8,1365008473517,8,1365008473581,64,432,360,296
26,8,1365008473637,8,1365008473693,56,120,112,56
26,76,1365008474029,76,1365008474101,72,392,408,336
26,89,1365008474221,89,1365008474341,120,192,240,120
26,32,1365008474325,32,1365008474397,72,104,56,-16
26,73,1365008474581,73,1365008474693,112,256,296,184
26,78,1365008474693,78,1365008474805,112,112,112,0
26,84,1365008474829,84,1365008474917,88,136,112,24
26,69,1365008474917,69,1365008475013,96,88,96,0
26,82,1365008475037,82,1365008475197,160,120,184,24
26,69,1365008475125,69,1365008475253,128,88,56,-72
26,83,1365008475413,83,1365008475525,112,288,272,160
26,84,1365008475525,84,1365008475645,120,112,120,0
26,73,1365008475677,73,1365008475789,112,152,144,32
26,78,1365008475757,78,1365008475845,88,80,56,-32
26,71,1365008475845,71,1365008475949,104,88,104,0
26,190,1365008476021,190,1365008476117,96,176,168,72
26,32,1365008476117,32,1365008476205,88,96,88,0
26,16,1365008476229,16,1365008476365,136,112,160,24
26,84,1365008476301,84,1365008476421,120,72,56,-64
26,72,1365008476389,72,1365008476485,96,88,64,-32
26,69,1365008476517,69,1365008476613,96,128,128,32
26,32,1365008476613,32,1365008476709,96,96,96,0
26,79,1365008477005,79,1365008477101,96,392,392,296
26,78,1365008477085,78,1365008477173,88,80,72,-16
26,76,1365008477245,76,1365008477317,72,160,144,72
26,89,1365008477397,89,1365008477517,120,152,200,80
26,32,1365008477493,32,1365008477589,96,96,72,-24
26,68,1365008477645,68,1365008477797,152,152,208,56
26,65,1365008477821,65,1365008477933,112,176,136,24
26,82,1365008478021,82,1365008478189,168,200,256,88
26,8,1365008478397,8,1365008478445,48,376,256,208
26,8,1365008478485,8,1365008478565,80,88,120,40
26,82,1365008478565,82,1365008478749,184,80,184,0
26,87,1365008478621,87,1365008478813,192,56,64,-128
26,65,1365008478773,65,1365008478893,120,152,80,-40
26,8,1365008479261,8,1365008479309,48,488,416,368
26,8,1365008479373,8,1365008479429,56,112,120,64
26,65,1365008479573,65,1365008479741,168,200,312,144
26,87,1365008479805,87,1365008479981,176,232,240,64
26,66,1365008480293,66,1365008480389,96,488,408,312
26,65,1365008480389,65,1365008480485,96,96,96,0
26,67,1365008480589,67,1365008480677,88,200,192,104
26,75,1365008480677,75,1365008480789,112,88,112,0
26,32,1365008480789,32,1365008480885,96,112,96,0
26,73,1365008481021,73,1365008481093,72,232,208,136
26,83,1365008481117,83,1365008481221,104,96,128,24
26,32,1365008481205,32,1365008481277,72,88,56,-16
26,84,1365008481325,84,1365008481437,112,120,160,48
26,72,1365008481413,72,1365008481485,72,88,48,-24
26,65,1365008481517,65,1365008481629,112,104,144,32
26,84,1365008481597,84,1365008481733,136,80,104,-32
26,32,1365008481709,32,1365008481837,128,112,104,-24
26,73,1365008482269,73,1365008482341,72,560,504,432
26,84,1365008482341,84,1365008482453,112,72,112,0
26,32,1365008482453,32,1365008482549,96,112,96,0
26,73,1365008483237,73,1365008483325,88,784,776,688
26,8,1365008483845,8,1365008483909,64,608,584,520
26,8,1365008485236,8,1365008485324,88,1391,1415,1327
26,222,1365008485692,222,1365008485756,64,456,432,368
26,83,1365008485780,83,1365008485892,112,88,136,24
26,32,1365008485893,32,1365008485972,79,113,80,1
26,82,1365008486012,82,1365008486164,152,119,192,40
26,8,1365008486452,8,1365008486564,112,440,400,288
26,80,1365008486796,80,1365008486868,72,344,304,232
26,82,1365008486908,82,1365008487044,136,112,176,40
26,69,1365008486956,69,1365008487068,112,48,24,-88
26,84,1365008487492,84,1365008487572,80,536,504,424
26,84,1365008487652,84,1365008487724,72,160,152,80
26,89,1365008488276,89,1365008488388,112,624,664,552
26,32,1365008488388,32,1365008488460,72,112,72,0
26,72,1365008488565,72,1365008488644,79,177,184,105
26,65,1365008488684,65,1365008488797,113,119,153,40
26,82,1365008488772,82,1365008488868,96,88,71,-25
26,68,1365008489396,68,1365008489516,120,624,648,528
26,190,1365008489644,190,1365008489740,96,248,224,128
26,32,1365008489756,32,1365008489860,104,112,120,16
26,8,1365008490829,8,1365008490901,72,1073,1041,969
26,8,1365008490965,8,1365008491037,72,136,136,64
26,32,1365008491205,32,1365008491309,104,240,272,168
26,65,1365008491341,65,1365008491493,152,136,184,32
26,83,1365008491493,83,1365008491581,88,152,88,0
26,32,1365008491581,32,1365008491661,80,88,80,0
26,16,1365008491773,16,1365008491901,128,192,240,112
26,73,1365008491853,73,1365008491949,96,80,48,-48
26,32,1365008491902,32,1365008492005,103,49,56,-47
26,68,1365008492125,68,1365008492221,96,223,216,120
26,79,1365008492269,79,1365008492317,48,144,96,48
26,78,1365008492317,78,1365008492397,80,48,80,0
26,222,1365008492981,222,1365008493037,56,664,640,584
26,84,1365008493109,84,1365008493253,144,128,216,72
26,32,1365008493165,32,1365008493309,144,56,56,-88
26,72,1365008493477,72,1365008493573,96,312,264,168
26,65,1365008493629,65,1365008493733,104,152,160,56
26,69,1365008493909,69,1365008494037,128,280,304,176
26,32,1365008494093,32,1365008494181,88,184,144,56
26,8,1365008494429,8,1365008494485,56,336,304,248
26,8,1365008494565,8,1365008494733,168,136,248,80
26,69,1365008494933,69,1365008495029,96,368,296,200
26,8,1365008495149,8,1365008495213,64,216,184,120
26,8,1365008495277,8,1365008495325,48,128,112,64
26,69,1365008495349,69,1365008495445,96,72,120,24
26,32,1365008495533,32,1365008495597,64,184,152,88
26,69,1365008495957,69,1365008496061,104,424,464,360
26,78,1365008496061,78,1365008496133,72,104,72,0
26,79,1365008496245,79,1365008496381,136,184,248,112
26,85,1365008496357,85,1365008496453,96,112,72,-24
26,71,1365008496541,71,1365008496653,112,184,200,88
26,72,1365008496653,72,1365008496749,96,112,96,0
26,84,1365008496781,84,1365008496869,88,128,120,32
26,8,1365008497317,8,1365008497389,72,536,520,448
26,32,1365008497533,32,1365008497629,96,216,240,144
26,75,1365008497749,75,1365008497821,72,216,192,120
26,78,1365008497893,78,1365008498029,136,144,208,72
26,79,1365008497989,79,1365008498093,104,96,64,-40
26,87,1365008498109,87,1365008498213,104,120,120,16
26,76,1365008498701,76,1365008498773,72,592,560,488
26,69,1365008498837,69,1365008498901,64,136,128,64
26,68,1365008499021,68,1365008499101,80,184,200,120
26,71,1365008499229,71,1365008499373,144,208,272,128
26,69,1365008499301,69,1365008499413,112,72,40,-72
26,32,1365008499517,32,1365008499629,112,216,216,104
26,79,1365008501213,79,1365008501285,72,1696,1656,1584
26,70,1365008501285,70,1365008501381,96,72,96,0
26,32,1365008501381,32,1365008501445,64,96,64,0
26,84,1365008501485,84,1365008501629,144,104,184,40
26,72,1365008501557,72,1365008501629,72,72,0,-72
26,69,1365008501580,69,1365008501693,113,23,64,-49
26,32,1365008501709,32,1365008501812,103,129,119,16
26,16,1365008502764,16,1365008502916,152,1055,1104,952
26,67,1365008502844,67,1365008502964,120,80,48,-72
26,79,1365008502980,79,1365008503116,136,136,152,16
26,77,1365008503117,77,1365008503172,55,137,56,1
26,80,1365008503260,80,1365008503342,82,143,170,88
26,85,1365008503492,85,1365008503572,80,232,230,150
26,84,1365008503590,84,1365008503684,94,98,112,18
26,69,1365008503748,69,1365008503868,120,158,184,64
26,82,1365008503820,82,1365008503980,160,72,112,-48
26,32,1365008504028,32,1365008504164,136,208,184,48
26,86,1365008504684,86,1365008504804,120,656,640,520
26,73,1365008504828,73,1365008504916,88,144,112,24
26,83,1365008504966,83,1365008505028,62,138,112,50
26,73,1365008505028,73,1365008505196,168,62,168,0
26,79,1365008505108,79,1365008505260,152,80,64,-88
26,78,1365008505220,78,1365008505348,128,112,88,-40
26,32,1365008506508,32,1365008506612,104,1288,1264,1160
26,87,1365008506620,87,1365008506748,128,112,136,8
26,72,1365008506700,72,1365008506788,88,80,40,-48
26,73,1365008506764,73,1365008506844,80,64,56,-24
26,76,1365008506948,76,1365008506972,24,184,128,104
26,69,1365008506980,69,1365008507069,89,32,97,8
26,32,1365008507108,32,1365008507180,72,128,111,39
26,16,1365008507204,16,1365008507332,128,96,152,24
26,73,1365008507300,73,1365008507397,97,96,65,-32
26,32,1365008507365,32,1365008507461,96,65,64,-32
26,68,1365008507517,68,1365008507637,120,152,176,56
26,73,1365008508309,73,1365008508389,80,792,752,672
26,68,1365008508429,68,1365008508509,80,120,120,40
26,32,1365008508525,32,1365008508605,80,96,96,16
26,65,1365008508685,65,1365008508797,112,160,192,80
26,32,1365008508757,32,1365008508869,112,72,72,-40
26,71,1365008508901,71,1365008509053,152,144,184,32
26,79,1365008509053,79,1365008509109,56,152,56,0
26,79,1365008509189,79,1365008509245,56,136,136,80
26,68,1365008509277,68,1365008509381,104,88,136,32
26,32,1365008509381,32,1365008509485,104,104,104,0
26,74,1365008510085,74,1365008510197,112,704,712,600
26,79,1365008510237,79,1365008510325,88,152,128,40
26,66,1365008510461,66,1365008510541,80,224,216,136
26,32,1365008510645,32,1365008510741,96,184,200,104
26,65,1365008510958,65,1365008511085,127,313,344,217
26,84,1365008511117,84,1365008511222,105,159,137,32
26,32,1365008511222,32,1365008511342,120,105,120,0
26,8,1365008512061,8,1365008512117,56,839,775,719
26,8,1365008512181,8,1365008512237,56,120,120,64
26,8,1365008512654,8,1365008512709,55,473,472,417
26,73,1365008512941,73,1365008513069,128,287,360,232
26,78,1365008513005,78,1365008513133,128,64,64,-64
26,32,1365008513069,32,1365008513165,96,64,32,-64
26,84,1365008513165,84,1365008513309,144,96,144,0
26,72,1365008513277,72,1365008513365,88,112,56,-32
26,69,1365008513365,69,1365008513477,112,88,112,0
26,32,1365008513557,32,1365008513701,144,192,224,80
26,67,1365008513725,67,1365008513869,144,168,168,24
26,76,1365008513893,76,1365008513957,64,168,88,24
26,65,1365008514021,65,1365008514101,80,128,144,64
26,83,1365008514221,83,1365008514269,48,200,168,120
26,83,1365008514373,83,1365008514437,64,152,168,104
26,190,1365008514437,190,1365008514589,152,64,152,0
26,32,1365008514589,32,1365008514709,120,152,120,0
26,16,1365182834600,16,1365182834816,216,432,480,264
26,73,1365182834800,73,1365182834904,104,200,88,-16
26,32,1365182834856,32,1365182834984,128,56,80,-48
26,71,1365182835088,71,1365182835232,144,232,248,104
26,85,1365182835561,85,1365182835649,88,473,417,329
26,69,1365182835673,69,1365182835761,88,112,112,24
26,83,1365182835857,83,1365182835937,80,184,176,96
26,83,1365182836009,83,1365182836105,96,152,168,72
26,32,1365182836105,32,1365182836201,96,96,96,0
26,84,1365182836393,84,1365182836513,120,288,312,192
26,72,1365182836465,72,1365182836577,112,72,64,-48
26,73,1365182836553,73,1365182836673,120,88,96,-24
26,83,1365182836673,83,1365182836769,96,120,96,0
26,32,1365182836769,32,1365182836841,72,96,72,0
26,73,1365182836857,73,1365182836969,112,88,128,16
26,83,1365182836993,83,1365182837065,72,136,96,24
26,32,1365182837105,32,1365182837193,88,112,128,40
26,84,1365182837337,84,1365182837449,112,232,256,144
26,72,1365182837433,72,1365182837513,80,96,64,-16
26,69,1365182837553,69,1365182837649,96,120,136,40
26,32,1365182837625,32,1365182837721,96,72,72,-24
26,70,1365182837969,70,1365182838001,32,344,280,248
26,8,1365182838553,8,1365182838641,88,584,640,552
26,83,1365182839249,83,1365182839329,80,696,688,608
26,73,1365182839465,73,1365182839552,87,216,223,136
26,88,1365182839569,88,1365182839641,72,104,89,17
26,84,1365182839745,84,1365182839849,104,176,208,104
26,72,1365182839816,72,1365182839937,121,71,88,-33
26,32,1365182839937,32,1365182840057,120,121,120,0
26,84,1365182840065,84,1365182840168,103,128,111,8
26,73,1365182840153,73,1365182840233,80,88,65,-15
26,77,1365182840297,77,1365182840384,87,144,151,64
26,69,1365182840409,69,1365182840489,80,112,105,25
26,32,1365182840472,32,1365182840529,57,63,40,-17
26,84,1365182840657,84,1365182840753,96,185,224,128
26,72,1365182840753,72,1365182840840,87,96,87,0
26,65,1365182840905,65,1365182841000,95,152,160,65
26,84,1365182840944,84,1365182841104,160,39,104,-56
26,32,1365182841049,32,1365182841152,103,105,48,-55
26,16,1365182841360,16,1365182841457,97,311,305,208
26,73,1365182841392,73,1365182841504,112,32,47,-65
26,32,1365182841457,32,1365182841536,79,65,32,-47
26,82,1365182841601,82,1365182841728,127,144,192,65
26,69,1365182841681,69,1365182841800,119,80,72,-47
26,67,1365182841913,67,1365182842025,112,232,225,113
26,79,1365182842025,79,1365182842104,79,112,79,0
26,82,1365182842424,82,1365182842520,96,399,416,320
26,68,1365182842657,68,1365182842720,63,233,200,137
26,32,1365182842808,32,1365182842872,64,151,152,88
26,84,1365182842873,84,1365182843000,127,65,128,1
26,72,1365182843001,72,1365182843072,71,128,72,1
26,69,1365182843096,69,1365182843184,88,95,112,24
26,32,1365182843185,32,1365182843272,87,89,88,1
26,8,1365182843936,8,1365182844000,64,751,728,664
26,8,1365182844064,8,1365182844120,56,128,120,64
26,8,1365182844192,8,1365182844232,40,128,112,72
26,8,1365182844392,8,1365182844472,80,200,240,160
26,84,1365182848624,84,1365182848736,112,4232,4264,4152
26,72,1365182848720,72,1365182848808,88,96,72,-16
26,69,1365182848808,69,1365182848896,88,88,88,0
26,32,1365182848896,32,1365182849000,104,88,104,0
26,84,1365182849264,84,1365182849376,112,368,376,264
26,89,1365182849392,89,1365182849472,80,128,96,16
26,80,1365182851720,80,1365182851816,96,2328,2344,2248
26,8,1365182852418,8,1365182852480,62,698,664,602
26,8,1365182852560,8,1365182852640,80,142,160,80
26,8,1365182852712,8,1365182852792,80,152,152,72
26,8,1365182852832,8,1365182852904,72,120,112,40
26,8,1365182852985,8,1365182853049,64,153,145,81
26,8,1365182853121,8,1365182853187,66,136,138,72
26,8,1365182853257,8,1365182853329,72,136,142,70
26,84,1365182855081,84,1365182855225,144,1824,1896,1752
26,72,1365182855721,72,1365182855817,96,640,592,496
26,69,1365182855825,69,1365182855913,88,104,96,8
26,32,1365182855929,32,1365182856025,96,104,112,16
26,84,1365182856457,84,1365182856587,130,528,562,432
26,89,1365182856587,89,1365182856664,77,130,77,0
26,80,1365182856825,80,1365182856913,88,238,249,161
26,73,1365182857001,73,1365182857137,136,176,224,88
26,78,1365182857121,78,1365182857217,96,120,80,-16
26,71,1365182857193,71,1365182857305,112,72,88,-24
26,32,1365182857305,32,1365182857393,88,112,88,0
26,73,1365182857417,73,1365182857545,128,112,152,24
26,78,1365182857521,78,1365182857601,80,104,56,-24
26,70,1365182857601,70,1365182857697,96,80,96,0
26,79,1365182857737,79,1365182857801,64,136,104,40
26,77,1365182857960,77,1365182858016,56,223,215,159
26,82,1365182857984,82,1365182858113,129,24,97,-32
26,8,1365182858329,8,1365182858385,56,345,272,216
26,8,1365182858449,8,1365182858504,55,120,119,64
26,82,1365182858609,82,1365182858713,104,160,209,105
26,77,1365182858713,77,1365182858776,63,104,63,0
26,65,1365182858824,65,1365182858936,112,111,160,48
26,84,1365182858840,84,1365182859048,208,16,112,-96
26,73,1365182858937,73,1365182859105,168,97,57,-111
26,79,1365182859049,79,1365182859184,135,112,79,-56
26,78,1365182859153,78,1365182859232,79,104,48,-31
26,190,1365182859425,190,1365182859504,79,272,272,193
26,32,1365182859536,32,1365182859680,144,111,176,32
26,16,1365182859672,16,1365182859801,129,136,121,-8
26,73,1365182859721,73,1365182859840,119,49,39,-80
26,32,1365182859801,32,1365182859896,95,80,56,-39
26,70,1365182859976,70,1365182860104,128,175,208,80
26,73,1365182860105,73,1365182860152,47,129,48,1
26,78,1365182860248,78,1365182860328,80,143,176,96
26,65,1365182860424,65,1365182860544,120,176,216,96
26,76,1365182860488,76,1365182860560,72,64,16,-56
26,76,1365182860640,76,1365182860705,65,152,145,80
26,89,1365182860825,89,1365182860922,97,185,217,120
26,32,1365182860922,32,1365182860992,70,97,70,0
26,77,1365182861120,77,1365182861225,105,198,233,128
26,65,1365182861249,65,1365182861345,96,129,120,24
26,75,1365182861321,75,1365182861417,96,72,72,-24
26,69,1365182861417,69,1365182861513,96,96,96,0
26,32,1365182861513,32,1365182861624,111,96,111,0
26,65,1365182861920,65,1365182862040,120,407,416,296
26,32,1365182862040,32,1365182862168,128,120,128,0
26,76,1365182862216,76,1365182862296,80,176,128,48
26,8,1365182862536,8,1365182862600,64,320,304,240
26,8,1365182862672,8,1365182862728,56,136,128,72
26,8,1365182862808,8,1365182862872,64,136,144,80
26,83,1365182863056,83,1365182863168,112,248,296,184
26,79,1365182863128,79,1365182863288,160,72,120,-40
26,77,1365182863256,77,1365182863360,104,128,72,-32
26,69,1365182863384,69,1365182863488,104,128,128,24
26,32,1365182863456,32,1365182863600,144,72,112,-32
26,80,1365182863849,80,1365182863952,103,393,352,249
26,82,1365182863952,82,1365182864072,120,103,120,0
26,79,1365182864096,79,1365182864208,112,144,136,24
26,67,1365182864272,67,1365182864416,144,176,208,64
26,69,1365182864376,69,1365182864496,120,104,80,-40
26,8,1365182864984,8,1365182865048,64,608,552,488
26,8,1365182865192,8,1365182865264,72,208,216,144
26,71,1365182865352,71,1365182865416,64,160,152,88
26,8,1365182866208,8,1365182866280,72,856,864,792
26,8,1365182866344,8,1365182866416,72,136,136,64
26,82,1365182866480,82,1365182866632,152,136,216,64
26,69,1365182866544,69,1365182866648,104,64,16,-88
26,83,1365182866784,83,1365182866848,64,240,200,136
26,83,1365182866944,83,1365182867048,104,160,200,96
26,32,1365182867048,32,1365182867136,88,104,88,0
26,73,1365182867192,73,1365182867320,128,144,184,56
26,78,1365182867272,78,1365182867384,112,80,64,-48
26,32,1365182867360,32,1365182867448,88,88,64,-24
26,84,1365182867489,84,1365182867608,119,129,160,41
26,8,1365182868360,8,1365182868416,56,871,808,752
26,77,1365182868552,77,1365182868624,72,192,208,136
26,89,1365182868768,89,1365182868896,128,216,272,144
26,32,1365182868864,32,1365182868968,104,96,72,-32
26,80,1365182869576,80,1365182869728,152,712,760,608
26,65,1365182869728,65,1365182869856,128,152,128,0
26,80,1365182869856,80,1365182869928,72,128,72,0
26,69,1365182870008,69,1365182870144,136,152,216,80
26,82,1365182870056,82,1365182870232,176,48,88,-88
26,32,1365182870272,32,1365182870424,152,216,192,40
26,68,1365182871937,68,1365182872001,64,1665,1577,1513
26,82,1365182872185,82,1365182872345,160,248,344,184
26,65,1365182872313,65,1365182872417,104,128,72,-32
26,70,1365182872545,70,1365182872617,72,232,200,128
26,84,1365182872729,84,1365182872849,120,184,232,112
26,32,1365182872873,32,1365182872969,96,144,120,24
26,65,1365182872969,65,1365182873057,88,96,88,0
26,78,1365182873057,78,1365182873153,96,88,96,0
26,68,1365182873153,68,1365182873273,120,96,120,0
26,32,1365182873241,32,1365182873297,56,88,24,-32
26,72,1365182873369,72,1365182873489,120,128,192,72
26,79,1365182873489,79,1365182873585,96,120,96,0
26,80,1365182873801,80,1365182873873,72,312,288,216
26,69,1365182874057,69,1365182874169,112,256,296,184
26,70,1365182874329,70,1365182874401,72,272,232,160
26,85,1365182874473,85,1365182874537,64,144,136,72
26,76,1365182874849,76,1365182874905,56,376,368,312
26,76,1365182874969,76,1365182875025,56,120,120,64
26,89,1365182875177,89,1365182875281,104,208,256,152
26,32,1365182875281,32,1365182875368,87,104,87,0
26,78,1365182875472,78,1365182875577,105,191,209,104
26,79,1365182875577,79,1365182875656,79,105,79,0
26,84,1365182875680,84,1365182875809,129,103,153,24
26,72,1365182875809,72,1365182875905,96,129,96,0
26,73,1365182876040,73,1365182876176,136,231,271,135
26,78,1365182876161,78,1365182876289,128,121,113,-15
26,71,1365182876289,71,1365182876400,111,128,111,0
26,32,1365182876376,32,1365182876464,88,87,64,-24
26,87,1365182876552,87,1365182876616,64,176,152,88
26,73,1365182876584,73,1365182876648,64,32,32,-32
26,76,1365182876752,76,1365182876816,64,168,168,104
26,76,1365182876888,76,1365182876920,32,136,104,72
26,32,1365182876944,32,1365182877057,113,56,137,24
26,83,1365182877928,83,1365182878025,97,984,968,871
26,85,1365182878000,85,1365182878072,72,72,47,-25
26,82,1365182878208,82,1365182878321,113,208,249,136
26,80,1365182879552,80,1365182879656,104,1344,1335,1231
26,82,1365182879696,82,1365182879808,112,144,152,40
26,73,1365182879930,73,1365182880008,78,234,200,122
26,67,1365182880032,67,1365182880144,112,102,136,24
26,69,1365182880080,69,1365182880176,96,48,32,-64
26,83,1365182880304,83,1365182880408,104,224,232,128
26,32,1365182880408,32,1365182880536,128,104,128,0
26,8,1365182881008,8,1365182881072,64,600,536,472
26,8,1365182881136,8,1365182881200,64,128,128,64
26,32,1365182881504,32,1365182881616,112,368,416,304
26,8,1365182882976,8,1365182883528,552,1472,1912,1360
26,83,1365182884720,83,1365182884864,144,1744,1336,1192
26,69,1365182884808,69,1365182884928,120,88,64,-56
26,32,1365182884928,32,1365182885048,120,120,120,0
26,77,1365182885120,77,1365182885225,105,192,177,72
26,69,1365182885226,69,1365182885336,110,106,111,1
26,32,1365182885296,32,1365182885432,136,70,96,-40
26,73,1365182885864,73,1365182885984,120,568,552,432
26,78,1365182885960,78,1365182886096,136,96,112,-24
26,32,1365182886056,32,1365182886152,96,96,56,-40
26,8,1365182886328,8,1365182886392,64,272,240,176
26,8,1365182886448,8,1365182886504,56,120,112,56
26,8,1365182886576,8,1365182886616,40,128,112,72
26,65,1365182886744,65,1365182886856,112,168,240,128
26,84,1365182887024,84,1365182887176,152,280,320,168
26,72,1365182887104,72,1365182887176,72,80,0,-72
26,69,1365182887216,69,1365182887320,104,112,144,40
26,32,1365182887288,32,1365182887416,128,72,96,-32
26,8,1365182887696,8,1365182887752,56,408,336,280
26,8,1365182887816,8,1365182887880,64,120,128,64
26,8,1365182887944,8,1365182888009,65,128,129,64
26,8,1365182888065,8,1365182888129,64,121,120,56
26,72,1365182888425,72,1365182888505,80,360,376,296
26,69,1365182888545,69,1365182888665,120,120,160,40
26,32,1365182888697,32,1365182888817,120,152,152,32
26,69,1365182888993,69,1365182889049,56,296,232,176
26,78,1365182889137,78,1365182889225,88,144,176,88
26,68,1365182889273,68,1365182889369,96,136,144,48
26,190,1365182889433,190,1365182889529,96,160,160,64
26,32,1365182889529,32,1365182889625,96,96,96,0
26,16,1365182889937,16,1365182890081,144,408,456,312
26,73,1365182890009,73,1365182890105,96,72,24,-72
26,84,1365182890129,84,1365182890273,144,120,168,24
26,32,1365182890257,32,1365182890353,96,128,80,-16
26,73,1365182890993,73,1365182891065,72,736,712,640
26,83,1365182891065,83,1365182891161,96,72,96,0
26,32,1365182891161,32,1365182891257,96,96,96,0
26,82,1365182891273,82,1365182891424,151,112,167,16
26,69,1365182891337,69,1365182891505,168,64,81,-87
26,65,1365182891441,65,1365182891545,104,104,40,-64
26,76,1365182891561,76,1365182891617,56,120,72,16
26,76,1365182891681,76,1365182891753,72,120,136,64
26,89,1365182891833,89,1365182891921,88,152,168,80
26,32,1365182891897,32,1365182891977,80,64,56,-24
26,72,1365182892065,72,1365182892137,72,168,160,88
26,65,1365182892169,65,1365182892281,112,104,144,32
26,82,1365182892265,82,1365182892336,71,96,55,-16
26,68,1365182892441,68,1365182892545,104,176,209,105
26,32,1365182892545,32,1365182892624,79,104,79,0
26,73,1365182892689,73,1365182892760,71,144,136,65
26,70,1365182892817,70,1365182892905,88,128,145,57
26,32,1365182892905,32,1365182893000,95,88,95,0
26,89,1365182893089,89,1365182893169,80,184,169,89
26,79,1365182893169,79,1365182893281,112,80,112,0
26,85,1365182893257,85,1365182893369,112,88,88,-24
26,32,1365182893336,32,1365182893424,88,79,55,-33
26,72,1365182893505,72,1365182893577,72,169,153,81
26,65,1365182893577,65,1365182893688,111,72,111,0
26,86,1365182893736,86,1365182893849,113,159,161,48
26,69,1365182893800,69,1365182893920,120,64,71,-49
26,32,1365182893889,32,1365182894008,119,89,88,-31
26,84,1365182894241,84,1365182894352,111,352,344,233
26,79,1365182894320,79,1365182894416,96,79,64,-32
26,32,1365182894377,32,1365182894464,87,57,48,-39
26,87,1365182894576,87,1365182894673,97,199,209,112
26,79,1365182894673,79,1365182894736,63,97,63,0
26,82,1365182894784,82,1365182894888,104,111,152,48
26,75,1365182894889,75,1365182894952,63,105,64,1
26,32,1365182895049,32,1365182895176,127,160,224,97
26,79,1365182895328,79,1365182895457,129,279,281,152
26,78,1365182895400,78,1365182895528,128,72,71,-57
26,32,1365182895496,32,1365182895592,96,96,64,-32
26,89,1365182895696,89,1365182895768,72,200,176,104
26,79,1365182895769,79,1365182895880,111,73,112,1
26,85,1365182895856,85,1365182895944,88,87,64,-24
26,82,1365182895920,82,1365182896024,104,64,80,-24
26,32,1365182896025,32,1365182896152,127,105,128,1
26,79,1365182896265,79,1365182896360,95,240,208,113
26,87,1365182896641,87,1365182896720,79,376,360,281
26,78,1365182896721,78,1365182896832,111,80,112,1
26,32,1365182896792,32,1365182896872,80,71,40,-40
26,65,1365182896912,65,1365182897000,88,120,128,40
26,78,1365182897000,78,1365182897072,72,88,72,0
26,68,1365182897104,68,1365182897216,112,104,144,32
26,32,1365182897192,32,1365182897280,88,88,64,-24
26,69,1365182897464,69,1365182897544,80,272,264,184
26,88,1365182897704,88,1365182897800,96,240,256,160
26,80,1365182897817,80,1365182897880,63,113,80,17
26,76,1365182897992,76,1365182898072,80,175,192,112
26,65,1365182898112,65,1365182898232,120,120,160,40
26,73,1365182898192,73,1365182898328,136,80,96,-40
26,78,1365182898304,78,1365182898416,112,112,88,-24
26,32,1365182898512,32,1365182898632,120,208,216,96
26,69,1365182898920,69,1365182899032,112,408,400,288
26,86,1365182899129,86,1365182899256,127,209,224,97
26,69,1365182899232,69,1365182899328,96,103,72,-24
26,82,1365182899432,82,1365182899520,88,200,192,104
26,89,1365182900232,89,1365182900312,80,800,792,712
26,84,1365182900392,84,1365182900496,104,160,184,80
26,72,1365182900544,72,1365182900640,96,152,144,48
26,73,1365182900640,73,1365182900784,144,96,144,0
26,78,1365182900760,78,1365182900888,128,120,104,-24
26,71,1365182900864,71,1365182900976,112,104,88,-24
26,32,1365182901008,32,1365182901096,88,144,120,32
26,84,1365182901096,84,1365182901232,136,88,136,0
26,79,1365182901168,79,1365182901280,112,72,48,-64
26,32,1365182901232,32,1365182901320,88,64,40,-48
26,84,1365182901416,84,1365182901528,112,184,208,96
26,72,1365182901528,72,1365182901600,72,112,72,0
26,69,1365182901624,69,1365182901720,96,96,120,24
26,32,1365182901680,32,1365182901800,120,56,80,-40
26,65,1365182901920,65,1365182902008,88,240,208,120
26,68,1365182902136,68,1365182902240,104,216,232,128
26,86,1365182902472,86,1365182902600,128,336,360,232
26,73,1365182902648,73,1365182902720,72,176,120,48
26,83,1365182902776,83,1365182902856,80,128,136,56
26,79,1365182902936,79,1365182903016,80,160,160,80
26,82,1365182903024,82,1365182903120,96,88,104,8
26,190,1365182903224,190,1365182903312,88,200,192,104
26,32,1365182903312,32,1365182903400,88,88,88,0
26,16,1365182903464,16,1365182903648,184,152,248,64
26,73,1365182903560,73,1365182903688,128,96,40,-88
26,32,1365182903648,32,1365182903736,88,88,48,-40
26,8,1365182903928,8,1365182903992,64,280,256,192
26,8,1365182904064,8,1365182904120,56,136,128,72
26,8,1365182904200,8,1365182904256,56,136,136,80
26,8,1365182904328,8,1365182904384,56,128,128,72
26,8,1365182904712,8,1365182904784,72,384,400,328
26,8,1365182904856,8,1365182904960,104,144,176,72
26,69,1365182907137,69,1365182907289,152,2281,2329,2177
26,82,1365182907233,82,1365182907369,136,96,80,-56
26,190,1365182907545,190,1365182907681,136,312,312,176
26,32,1365182907721,32,1365182907825,104,176,144,40
26,16,1365182908281,16,1365182908417,136,560,592,456
26,73,1365182908345,73,1365182908473,128,64,56,-72
26,32,1365182908433,32,1365182908529,96,88,56,-40
26,72,1365182908905,72,1365182909033,128,472,504,376
26,79,1365182909033,79,1365182909121,88,128,88,0
26,80,1365182909233,80,1365182909305,72,200,184,112
26,69,1365182909385,69,1365182909473,88,152,168,80
26,32,1365182909457,32,1365182909561,104,72,88,-16
26,16,1365182909697,16,1365182909809,112,240,248,136
26,73,1365182909736,73,1365182909857,121,39,48,-73
26,32,1365182909809,32,1365182909920,111,73,63,-48
26,67,1365182910289,67,1365182910432,143,480,512,369
26,65,1365182910377,65,1365182910520,143,88,88,-55
26,78,1365182910465,78,1365182910584,119,88,64,-55
26,32,1365182910536,32,1365182910632,96,71,48,-48
26,71,1365182911928,71,1365182912048,120,1392,1416,1296
26,79,1365182912024,79,1365182912136,112,96,88,-24
26,32,1365182912112,32,1365182912233,121,88,97,-24
26,70,1365182912320,70,1365182912409,89,208,176,87
26,79,1365182912424,79,1365182912504,80,104,95,15
26,82,1365182912592,82,1365182912712,120,168,208,88
26,87,1365182913112,87,1365182913296,184,520,584,400
26,65,1365182913216,65,1365182913344,128,104,48,-80
26,82,1365182913297,82,1365182913384,87,81,40,-47
26,68,1365182913536,68,1365182913624,88,239,240,152
26,32,1365182913688,32,1365182913776,88,152,152,64
26,84,1365182913832,84,1365182913872,40,144,96,56
26,8,1365182914297,8,1365182914352,55,465,480,425
26,8,1365182914432,8,1365182914488,56,135,136,80
26,8,1365182914544,8,1365182914592,48,112,104,56
26,65,1365182914625,65,1365182914720,95,81,128,33
26,78,1365182914776,78,1365182914872,96,151,152,56
26,68,1365182914856,68,1365182914976,120,80,104,-16
26,32,1365182914968,32,1365182915048,80,112,72,-8
26,68,1365182915193,68,1365182915288,95,225,240,145
26,79,1365182915264,79,1365182915384,120,71,96,-24
26,32,1365182915352,32,1365182915448,96,88,64,-32
26,83,1365182915584,83,1365182915664,80,232,216,136
26,79,1365182915640,79,1365182915768,128,56,104,-24
26,77,1365182915744,77,1365182915880,136,104,112,-24
26,69,1365182915856,69,1365182915984,128,112,104,-24
26,84,1365182916120,84,1365182916248,128,264,264,136
26,72,1365182916184,72,1365182916288,104,64,40,-64
26,73,1365182916248,73,1365182916384,136,64,96,-40
26,78,1365182916392,78,1365182916496,104,144,112,8
26,71,1365182916432,71,1365182916568,136,40,72,-64
26,32,1365182916568,32,1365182916664,96,136,96,0
26,77,1365182917064,77,1365182917200,136,496,536,400
26,79,1365182917176,79,1365182917280,104,112,80,-24
26,82,1365182917280,82,1365182917376,96,104,96,0
26,69,1365182917320,69,1365182917456,136,40,80,-56
26,32,1365182917448,32,1365182917528,80,128,72,-8
26,73,1365182917600,73,1365182917688,88,152,160,72
26,84,1365182917640,84,1365182917720,80,40,32,-48
26,8,1365182918208,8,1365182918256,48,568,536,488
26,78,1365182918624,78,1365182918713,89,416,457,368
26,84,1365182918714,84,1365182918808,94,90,95,1
26,69,1365182918848,69,1365182918960,112,134,152,40
26,82,1365182918936,82,1365182919120,184,88,160,-24
26,69,1365182919040,69,1365182919145,105,104,25,-80
26,83,1365182919272,83,1365182919392,120,232,247,127
26,84,1365182919344,84,1365182919480,136,72,88,-48
26,73,1365182919480,73,1365182919616,136,136,136,0
26,78,1365182919560,78,1365182919656,96,80,40,-56
26,71,1365182919616,71,1365182919768,152,56,112,-40
26,190,1365182919832,190,1365182919936,104,216,168,64
27,73,1363382155309,73,1363382155389,80,151,64,-16
27,84,1363382155645,84,1363382155749,104,336,360,256
27,32,1363382155781,32,1363382155893,112,136,144,32
27,87,1363382156005,87,1363382156157,152,224,264,112
27,65,1363382156125,65,1363382156221,96,120,64,-32
27,83,1363382156358,83,1363382156445,87,233,224,137
27,32,1363382156445,32,1363382156549,104,87,104,0
27,84,1363382156685,84,1363382156797,112,240,248,136
27,72,1363382156813,72,1363382156941,128,128,144,16
27,69,1363382156989,69,1363382157085,96,176,144,48
27,32,1363382157141,32,1363382157277,136,152,192,56
27,66,1363382158445,66,1363382158565,120,1304,1288,1168
27,69,1363382158597,69,1363382158709,112,152,144,32
27,83,1363382158821,83,1363382158901,80,224,192,112
27,84,1363382159029,84,1363382159133,104,208,232,128
27,32,1363382159134,32,1363382159213,79,105,80,1
27,79,1363382159333,79,1363382159437,104,199,224,120
27,70,1363382159517,70,1363382159629,112,184,192,80
27,32,1363382159629,32,1363382159717,88,112,88,0
27,84,1363382159805,84,1363382159925,120,176,208,88
27,72,1363382159925,72,1363382160037,112,120,112,0
27,69,1363382160085,69,1363382160213,128,160,176,48
27,32,1363382160213,32,1363382160325,112,128,112,0
27,84,1363382160477,84,1363382160565,88,264,240,152
27,8,1363382160933,8,1363382161021,88,456,456,368
27,8,1363382161117,8,1363382161189,72,184,168,96
27,8,1363382161277,8,1363382161365,88,160,176,88
27,8,1363382161445,8,1363382161653,208,168,288,80
27,73,1363382162253,73,1363382162365,112,808,712,600
27,77,1363382162461,77,1363382162597,136,208,232,96
27,69,1363382162645,69,1363382162725,80,184,128,48
27,83,1363382162829,83,1363382162917,88,184,192,104
27,188,1363382163173,188,1363382163285,112,344,368,256
27,32,1363382163429,32,1363382163517,88,256,232,144
27,73,1363382164053,73,1363382164141,88,624,624,536
27,84,1363382164469,84,1363382164558,89,416,417,328
27,32,1363382164558,32,1363382164638,80,89,80,0
27,87,1363382164806,87,1363382164934,128,248,296,168
27,65,1363382164934,65,1363382165014,80,128,80,0
27,83,1363382165126,83,1363382165206,80,192,192,112
27,32,1363382165206,32,1363382165286,80,80,80,0
27,84,1363382165470,84,1363382165526,56,264,240,184
27,72,1363382165566,72,1363382165654,88,96,128,40
27,69,1363382165678,69,1363382165822,144,112,168,24
27,32,1363382165878,32,1363382165982,104,200,160,56
27,87,1363382166446,87,1363382166598,152,568,616,464
27,79,1363382166662,79,1363382166758,96,216,160,64
27,82,1363382166870,82,1363382166934,64,208,176,112
27,83,1363382167046,83,1363382167150,104,176,216,112
27,84,1363382167278,84,1363382167350,72,232,200,128
27,32,1363382167374,32,1363382167454,80,96,104,24
27,79,1363382167814,79,1363382167901,87,440,447,360
27,70,1363382167966,70,1363382168062,96,152,161,65
27,32,1363382168062,32,1363382168149,87,96,87,0
27,84,1363382168286,84,1363382168374,88,224,225,137
27,73,1363382168406,73,1363382168494,88,120,120,32
27,77,1363382168598,77,1363382168702,104,192,208,104
27,69,1363382169174,69,1363382169245,71,576,543,472
27,83,1363382169478,83,1363382169597,119,304,352,233
27,188,1363382170773,188,1363382170837,64,1295,1240,1176
27,32,1363382170990,32,1363382171022,32,217,185,153
27,73,1363382171109,73,1363382171269,160,119,247,87
27,84,1363382171397,84,1363382171501,104,288,232,128
27,32,1363382171549,32,1363382171637,88,152,136,48
27,87,1363382171702,87,1363382171862,160,153,225,65
27,65,1363382172181,65,1363382172261,80,479,399,319
27,83,1363382172413,83,1363382172525,112,232,264,152
27,32,1363382172653,32,1363382172773,120,240,248,128
27,84,1363382173685,84,1363382173797,112,1032,1024,912
27,72,1363382173829,72,1363382173941,112,144,144,32
27,69,1363382173941,69,1363382174061,120,112,120,0
27,32,1363382174053,32,1363382174133,80,112,72,-8
27,65,1363382174213,65,1363382174325,112,160,192,80
27,71,1363382174421,71,1363382174525,104,208,200,96
27,69,1363382174525,69,1363382174629,104,104,104,0
27,32,1363382174661,32,1363382174741,80,136,112,32
27,79,1363382174885,79,1363382174997,112,224,256,144
27,70,1363382176005,70,1363382176109,104,1120,1112,1008
27,32,1363382176157,32,1363382176253,96,152,144,48
27,84,1363382176357,84,1363382176485,128,200,232,104
27,8,1363382176829,8,1363382176957,128,472,472,344
27,87,1363382177189,87,1363382177301,112,360,344,232
27,73,1363382177885,73,1363382178045,160,696,744,584
27,83,1363382178173,83,1363382178213,40,288,168,128
27,68,1363382178469,68,1363382178589,120,296,376,256
27,79,1363382178605,79,1363382178701,96,136,112,16
27,77,1363382178813,77,1363382178917,104,208,216,112
27,188,1363382179933,188,1363382180069,136,1120,1152,1016
27,32,1363382180157,32,1363382180229,72,224,160,88
27,73,1363382180341,73,1363382180477,136,184,248,112
27,84,1363382180557,84,1363382180661,104,216,184,80
27,32,1363382180661,32,1363382180749,88,104,88,0
27,87,1363382180877,87,1363382181045,168,216,296,128
27,65,1363382181021,65,1363382181141,120,144,96,-24
27,83,1363382181277,83,1363382181381,104,256,240,136
27,32,1363382181437,32,1363382181533,96,160,152,56
27,84,1363382181621,84,1363382181757,136,184,224,88
27,72,1363382181813,72,1363382181933,120,192,176,56
27,69,1363382181933,69,1363382182046,113,120,113,0
27,32,1363382182094,32,1363382182198,104,161,152,48
27,65,1363382182278,65,1363382182398,120,184,200,80
27,71,1363382182518,71,1363382182622,104,240,224,120
27,69,1363382182622,69,1363382182750,128,104,128,0
27,32,1363382182846,32,1363382182926,80,224,176,96
27,79,1363382183086,79,1363382183190,104,240,264,160
27,70,1363382183334,70,1363382183462,128,248,272,144
27,32,1363382184198,32,1363382184342,144,864,880,736
27,70,1363382185030,70,1363382185158,128,832,816,688
27,79,1363382185230,79,1363382185310,80,200,152,72
27,79,1363382185406,79,1363382185494,88,176,184,96
27,76,1363382186206,76,1363382186358,152,800,864,712
27,73,1363382187813,73,1363382187965,152,1607,1607,1455
27,83,1363382188461,83,1363382188621,160,648,656,496
27,72,1363382188637,72,1363382188717,80,176,96,16
27,78,1363382188981,78,1363382189109,128,344,392,264
27,69,1363382189237,69,1363382189309,72,256,200,128
27,83,1363382189709,83,1363382189782,73,472,473,400
27,83,1363382189869,83,1363382189957,88,160,175,87
27,188,1363382190869,188,1363382190973,104,1000,1016,912
27,32,1363382191085,32,1363382191165,80,216,192,112
27,73,1363382191357,73,1363382191501,144,272,336,192
27,84,1363382191597,84,1363382191693,96,240,192,96
27,32,1363382191893,32,1363382192005,112,296,312,200
27,87,1363382192261,87,1363382192389,128,368,384,256
27,65,1363382192373,65,1363382192461,88,112,72,-16
27,83,1363382192605,83,1363382192717,112,232,256,144
27,32,1363382192773,32,1363382192861,88,168,144,56
27,84,1363382192949,84,1363382193070,121,176,209,88
27,72,1363382193109,72,1363382193237,128,160,167,39
27,69,1363382193205,69,1363382193309,104,96,72,-32
27,32,1363382194109,32,1363382194213,104,904,904,800
27,69,1363382194965,69,1363382195061,96,856,848,752
27,80,1363382195373,80,1363382195453,80,408,392,312
27,79,1363382195565,79,1363382195637,72,192,184,112
27,67,1363382195781,67,1363382195853,72,216,216,144
27,72,1363382196077,72,1363382196165,88,296,312,224
27,32,1363382196629,32,1363382196725,96,552,560,464
27,79,1363382197693,79,1363382197829,136,1064,1104,968
27,70,1363382197917,70,1363382198013,96,224,184,88
27,32,1363382198045,32,1363382198157,112,128,144,32
27,66,1363382198437,66,1363382198549,112,392,392,280
27,69,1363382198597,69,1363382198693,96,160,144,48
27,76,1363382198821,76,1363382199013,192,224,320,128
27,73,1363382198981,73,1363382199109,128,160,96,-32
27,69,1363382199189,69,1363382199293,104,208,184,80
27,70,1363382199477,70,1363382199574,97,288,281,184
27,188,1363382200774,188,1363382200846,72,1297,1272,1200
27,32,1363382200926,32,1363382200990,64,152,144,80
27,73,1363382201118,73,1363382201286,168,192,296,128
27,84,1363382201342,84,1363382201462,120,224,176,56
27,32,1363382201462,32,1363382201550,88,120,88,0
27,87,1363382201718,87,1363382201942,224,256,392,168
27,65,1363382201910,65,1363382202022,112,192,80,-32
27,83,1363382202166,83,1363382202262,96,256,240,144
27,32,1363382202294,32,1363382202366,72,128,104,32
27,84,1363382202462,84,1363382202566,104,168,200,96
27,72,1363382202598,72,1363382202710,112,136,144,32
27,69,1363382202710,69,1363382202822,112,112,112,0
27,32,1363382202838,32,1363382202910,72,128,88,16
27,69,1363382203294,69,1363382203430,136,456,520,384
27,80,1363382203757,80,1363382203813,56,463,383,327
27,79,1363382203918,79,1363382203997,79,161,184,105
27,67,1363382204158,67,1363382204317,159,240,320,161
27,72,1363382204334,72,1363382204414,80,176,97,17
27,32,1363382204486,32,1363382204558,72,152,144,72
27,79,1363382204653,79,1363382204757,104,167,199,95
27,70,1363382204822,70,1363382204925,103,169,168,65
27,32,1363382205205,32,1363382205341,136,383,416,280
27,73,1363382206245,73,1363382206365,120,1040,1024,904
27,78,1363382206509,78,1363382206613,104,264,248,144
27,67,1363382207094,67,1363382207245,151,585,632,481
27,82,1363382207381,82,1363382207541,160,287,296,136
27,69,1363382207525,69,1363382207653,128,144,112,-16
27,68,1363382208510,68,1363382208709,199,985,1056,857
27,85,1363382209621,85,1363382209749,128,1111,1040,912
27,76,1363382209925,76,1363382210101,176,304,352,176
27,73,1363382210061,73,1363382210197,136,136,96,-40
27,84,1363382210357,84,1363382210469,112,296,272,160
27,89,1363382210501,89,1363382210557,56,144,88,32
27,188,1363382211461,188,1363382211557,96,960,1000,904
27,32,1363382211693,32,1363382211765,72,232,208,136
27,73,1363382211861,73,1363382212013,152,168,248,96
27,87,1363382213125,87,1363382213245,120,1264,1232,1112
27,8,1363382213598,8,1363382213718,120,473,473,353
27,84,1363382213774,84,1363382213886,112,176,168,56
27,32,1363382213990,32,1363382214102,112,216,216,104
27,87,1363382214238,87,1363382214406,168,248,304,136
27,65,1363382214406,65,1363382214479,73,168,73,0
27,83,1363382214606,83,1363382214694,88,200,215,127
27,32,1363382214718,32,1363382214838,120,112,144,24
27,84,1363382215022,84,1363382215142,120,304,304,184
27,72,1363382215142,72,1363382215270,128,120,128,0
27,69,1363382215326,69,1363382215462,136,184,192,56
27,32,1363382216118,32,1363382216230,112,792,768,656
27,87,1363382216334,87,1363382216566,232,216,336,104
27,65,1363382216568,65,1363382216694,126,234,128,2
27,8,1363382217679,8,1363382217815,136,1111,1121,985
27,8,1363382217927,8,1363382218023,96,248,208,112
27,83,1363382219167,83,1363382219263,96,1240,1240,1144
27,69,1363382219383,69,1363382219447,64,216,184,120
27,65,1363382219471,65,1363382219551,80,88,104,24
27,83,1363382219887,83,1363382220023,136,416,472,336
27,79,1363382220055,79,1363382220175,120,168,152,32
27,78,1363382220343,78,1363382220455,112,288,280,168
27,32,1363382220759,32,1363382220911,152,416,456,304
27,79,1363382221615,79,1363382221735,120,856,824,704
27,70,1363382221890,70,1363382221982,92,275,247,155
27,32,1363382222038,32,1363382222134,96,148,152,56
27,76,1363382222271,76,1363382222438,167,233,304,137
27,73,1363382222406,73,1363382222550,144,135,112,-32
27,71,1363382222663,71,1363382222774,111,257,224,113
27,72,1363382222775,72,1363382222870,95,112,96,1
27,84,1363382223022,84,1363382223134,112,247,264,152
27,188,1363382223862,188,1363382223974,112,840,840,728
27,32,1363382224022,32,1363382224078,56,160,104,48
27,73,1363382224262,73,1363382224398,136,240,320,184
27,84,1363382224734,84,1363382224838,104,472,440,336
27,32,1363382224878,32,1363382224982,104,144,144,40
27,87,1363382225102,87,1363382225254,152,224,272,120
27,65,1363382225255,65,1363382225318,63,153,64,1
27,83,1363382225487,83,1363382225567,80,232,249,169
27,32,1363382225582,32,1363382225686,104,95,119,15
27,84,1363382225798,84,1363382225887,89,216,201,112
27,72,1363382225910,72,1363382226014,104,112,127,23
27,69,1363382226038,69,1363382226158,120,128,144,24
27,32,1363382226158,32,1363382226262,104,120,104,0
27,83,1363382226702,83,1363382226798,96,544,536,440
27,69,1363382226854,69,1363382226998,144,152,200,56
27,65,1363382227014,65,1363382227134,120,160,136,16
27,83,1363382227375,83,1363382227502,127,361,368,241
27,79,1363382227534,79,1363382227638,104,159,136,32
27,78,1363382227734,78,1363382227814,80,200,176,96
27,32,1363382227878,32,1363382227966,88,144,152,64
27,79,1363382228390,79,1363382228518,128,512,552,424
27,32,1363382229158,32,1363382229230,72,768,712,640
27,8,1363382229646,8,1363382229790,144,488,560,416
27,70,1363382229894,70,1363382230006,112,248,216,104
27,32,1363382230078,32,1363382230182,104,184,176,72
27,68,1363382230790,68,1363382230918,128,712,736,608
27,65,1363382230990,65,1363382231102,112,200,184,72
27,82,1363382231198,82,1363382231270,72,208,168,96
27,75,1363382231542,75,1363382231622,80,344,352,272
27,78,1363382231798,78,1363382231902,104,256,280,176
27,69,1363382231926,69,1363382232014,88,128,112,24
27,83,1363382232190,83,1363382232246,56,264,232,176
27,83,1363382232358,83,1363382232422,64,168,176,112
27,188,1363382232662,188,1363382232782,120,304,360,240
27,32,1363382233390,32,1363382233510,120,728,728,608
27,73,1363382234030,73,1363382234222,192,640,712,520
27,84,1363382234647,84,1363382234759,112,617,537,425
27,32,1363382234815,32,1363382234895,80,168,136,56
27,87,1363382234967,87,1363382235103,136,152,208,72
27,83,1363382235375,83,1363382235487,112,408,384,272
27,8,1363382235839,8,1363382235951,112,464,464,352
27,65,1363382236359,65,1363382236415,56,520,464,408
27,83,1363382236535,83,1363382236634,99,176,219,120
27,32,1363382236671,32,1363382236767,96,136,133,37
27,84,1363382236831,84,1363382236959,128,160,192,64
27,72,1363382237015,72,1363382237143,128,184,184,56
27,69,1363382237175,69,1363382237295,120,160,152,32
27,32,1363382238039,32,1363382238159,120,864,864,744
27,83,1363382238319,83,1363382238415,96,280,256,160
27,80,1363382238551,80,1363382238647,96,232,232,136
27,73,1363382238831,73,1363382238991,160,280,344,184
27,78,1363382239039,78,1363382239166,127,208,175,48
27,71,1363382239590,71,1363382239710,120,551,544,424
27,32,1363382239742,32,1363382239846,104,152,136,32
27,79,1363382239974,79,1363382240086,112,232,240,128
27,70,1363382240215,70,1363382240310,95,241,224,129
27,32,1363382240342,32,1363382240422,80,127,112,32
27,76,1363382240678,76,1363382240790,112,336,368,256
27,79,1363382240862,79,1363382240974,112,184,184,72
27,86,1363382241102,86,1363382241190,88,240,216,128
27,69,1363382241191,69,1363382241270,79,89,80,1
27,188,1363382241398,188,1363382241526,128,207,256,128
27,32,1363382241670,32,1363382241750,80,272,224,144
27,8,1363382242430,8,1363382242510,80,760,760,680
27,8,1363382242623,8,1363382242686,63,193,176,113
27,8,1363382242766,8,1363382242831,65,143,145,80
27,37,1363382243774,37,1363382243847,73,1008,1016,943
27,37,1363382243934,37,1363382244007,73,160,160,87
27,37,1363382244086,37,1363382244158,72,152,151,79
27,37,1363382244198,37,1363382244294,96,112,136,40
27,37,1363382244374,37,1363382244446,72,176,152,80
27,37,1363382244518,37,1363382244590,72,144,144,72
27,37,1363382244670,37,1363382244782,112,152,192,80
27,37,1363382244806,37,1363382244926,120,136,144,24
27,37,1363382245030,37,1363382245166,136,224,240,104
27,37,1363382245294,37,1363382245406,112,264,240,128
27,82,1363382247190,82,1363382247318,128,1896,1912,1784
27,39,1363382248086,39,1363382248142,56,896,824,768
27,39,1363382248238,39,1363382248302,64,152,160,96
27,39,1363382248390,39,1363382248454,64,152,152,88
27,39,1363382248542,39,1363382248614,72,152,160,88
27,39,1363382248710,39,1363382248774,64,168,160,96
27,39,1363382248870,39,1363382248942,72,160,168,96
27,39,1363382249038,39,1363382249118,80,168,176,96
27,39,1363382249438,39,1363382249526,88,400,408,320
27,39,1363382249630,39,1363382249702,72,192,176,104
27,39,1363382249830,39,1363382249998,168,200,296,128
27,69,1363382250646,69,1363382250750,104,816,752,648
27,188,1363382250894,188,1363382250966,72,248,216,144
27,32,1363382251110,32,1363382251166,56,216,200,144
27,73,1363382251326,73,1363382251430,104,216,264,160
27,84,1363382251526,84,1363382251638,112,200,208,96
27,32,1363382251638,32,1363382251734,96,112,96,0
27,87,1363382251838,87,1363382251991,153,200,257,104
27,65,1363382252015,65,1363382252135,120,177,144,24
27,83,1363382252263,83,1363382252375,112,248,240,128
27,32,1363382252423,32,1363382252535,112,160,160,48
27,84,1363382252679,84,1363382252799,120,256,264,144
27,72,1363382252847,72,1363382252943,96,168,144,48
27,69,1363382252999,69,1363382253143,144,152,200,56
27,32,1363382253223,32,1363382253327,104,224,184,80
27,87,1363382253775,87,1363382253919,144,552,592,448
27,73,1363382253919,73,1363382254007,88,144,88,0
27,78,1363382254079,78,1363382254191,112,160,184,72
27,84,1363382254799,84,1363382254895,96,720,704,608
27,69,1363382254959,69,1363382255079,120,160,184,64
27,82,1363382255079,82,1363382255175,96,120,96,0
27,32,1363382255255,32,1363382255351,96,176,176,80
27,79,1363382256359,79,1363382256471,112,1104,1120,1008
27,70,1363382256519,70,1363382256631,112,160,160,48
27,32,1363382256679,32,1363382256782,103,160,151,48
27,68,1363382257342,68,1363382257446,104,663,664,560
27,69,1363382257518,69,1363382257590,72,176,144,72
27,83,1363382257710,83,1363382257798,88,192,208,120
27,80,1363382258014,80,1363382258142,128,304,344,216
27,65,1363382258494,65,1363382258614,120,480,472,352
27,73,1363382258694,73,1363382258806,112,200,192,80
27,82,1363382258846,82,1363382258966,120,152,160,40
27,188,1363382260134,188,1363382260190,56,1288,1224,1168
27,32,1363382260302,32,1363382260398,96,168,208,112
27,87,1363382260494,87,1363382260615,121,192,217,96
27,69,1363382260590,69,1363382260703,113,96,88,-25
27,32,1363382260703,32,1363382260774,71,113,71,0
27,72,1363382260878,72,1363382261014,136,175,240,104
27,65,1363382261015,65,1363382261118,103,137,104,1
27,68,1363382261318,68,1363382261446,128,303,328,200
27,32,1363382261510,32,1363382261606,96,192,160,64
27,69,1363382262310,69,1363382262422,112,800,816,704
27,86,1363382262590,86,1363382262678,88,280,256,168
27,69,1363382262750,69,1363382262870,120,160,192,72
27,82,1363382262982,82,1363382263062,80,232,192,112
27,89,1363382263230,89,1363382263334,104,248,272,168
27,84,1363382263486,84,1363382263582,96,256,248,152
27,72,1363382263582,72,1363382263670,88,96,88,0
27,73,1363382263670,73,1363382263798,128,88,128,0
27,78,1363382263798,78,1363382263894,96,128,96,0
27,71,1363382263934,71,1363382264054,120,136,160,40
27,32,1363382264238,32,1363382264334,96,304,280,184
27,66,1363382264550,66,1363382264678,128,312,344,216
27,69,1363382264790,69,1363382264870,80,240,192,112
27,70,1363382265078,70,1363382265174,96,288,304,208
27,79,1363382265247,79,1363382265342,95,169,168,73
27,82,1363382265374,82,1363382265486,112,127,144,32
27,69,1363382265438,69,1363382265566,128,64,80,-48
27,32,1363382265582,32,1363382265662,80,144,96,16
27,85,1363382265870,85,1363382265982,112,288,320,208
27,83,1363382266054,83,1363382266134,80,184,152,72
27,188,1363382266534,188,1363382266614,80,480,480,400
27,32,1363382266750,32,1363382266838,88,216,224,136
27,87,1363382266918,87,1363382267046,128,168,208,80
27,69,1363382267046,69,1363382267134,88,128,88,0
27,32,1363382267294,32,1363382267414,120,248,280,160
27,72,1363382267790,72,1363382267902,112,496,488,376
27,65,1363382267942,65,1363382268038,96,152,136,40
27,68,1363382268206,68,1363382268326,120,264,288,168
27,32,1363382268406,32,1363382268478,72,200,152,80
27,78,1363382268670,78,1363382268750,80,264,272,192
27,79,1363382268918,79,1363382269038,120,248,288,168
27,84,1363382269150,84,1363382269254,104,232,216,112
27,72,1363382269254,72,1363382269342,88,104,88,0
27,73,1363382269318,73,1363382269479,161,64,137,-24
27,78,1363382269463,78,1363382269575,112,145,96,-16
27,71,1363382269599,71,1363382269727,128,136,152,24
27,32,1363382270239,32,1363382270311,72,640,584,512
27,66,1363382270479,66,1363382270575,96,240,264,168
27,69,1363382270599,69,1363382270703,104,120,128,24
27,70,1363382270895,70,1363382271023,128,296,320,192
27,79,1363382271023,79,1363382271135,112,128,112,0
27,82,1363382271199,82,1363382271343,144,176,208,64
27,69,1363382271303,69,1363382271423,120,104,80,-40
27,32,1363382271463,32,1363382271527,64,160,104,40
27,85,1363382271663,85,1363382271799,136,200,272,136
27,83,1363382271839,83,1363382271959,120,176,160,40
27,188,1363382272087,188,1363382272207,120,248,248,128
27,32,1363382272639,32,1363382272743,104,552,536,432
27,87,1363382272943,87,1363382273070,127,304,327,200
27,69,1363382273063,69,1363382273151,88,120,81,-7
27,32,1363382273463,32,1363382273614,151,400,463,312
27,87,1363382273774,87,1363382273934,160,311,320,160
27,82,1363382274270,82,1363382274437,167,496,503,336
27,69,1363382274725,69,1363382274821,96,455,384,288
27,82,1363382274925,82,1363382275013,88,200,192,104
27,8,1363382275589,8,1363382275653,64,664,640,576
27,8,1363382275749,8,1363382275821,72,160,168,96
27,8,1363382275910,8,1363382276021,111,161,200,89
27,69,1363382276149,69,1363382276246,97,239,225,128
27,82,1363382276397,82,1363382276573,176,248,327,151
27,69,1363382276549,69,1363382276678,129,152,105,-24
27,32,1363382277765,32,1363382277861,96,1216,1183,1087
27,65,1363382278005,65,1363382278101,96,240,240,144
27,76,1363382278205,76,1363382278285,80,200,184,104
27,76,1363382278389,76,1363382278445,56,184,160,104
27,32,1363382278597,32,1363382278685,88,208,240,152
27,71,1363382278886,71,1363382279013,127,289,328,201
27,79,1363382278989,79,1363382279101,112,103,88,-24
27,73,1363382279237,73,1363382279357,120,248,256,136
27,78,1363382279405,78,1363382279485,80,168,128,48
27,71,1363382279533,71,1363382279653,120,128,168,48
27,32,1363382279797,32,1363382279885,88,264,232,144
27,68,1363382280317,68,1363382280445,128,520,560,432
27,73,1363382280533,73,1363382280654,121,216,209,88
27,82,1363382280757,82,1363382280869,112,224,215,103
27,69,1363382280821,69,1363382280949,128,64,80,-48
27,67,1363382281149,67,1363382281245,96,328,296,200
27,84,1363382281389,84,1363382281493,104,240,248,144
27,32,1363382281661,32,1363382281789,128,272,296,168
27,84,1363382282621,84,1363382282725,104,960,936,832
27,79,1363382282749,79,1363382282861,112,128,136,24
27,32,1363382282861,32,1363382282909,48,112,48,0
27,72,1363382283053,72,1363382283173,120,192,264,144
27,69,1363382283245,69,1363382283309,64,192,136,72
27,8,1363382283757,8,1363382283885,128,512,576,448
27,8,1363382284237,8,1363382284333,96,480,448,352
27,16,1363382284525,16,1363382284869,344,288,536,192
27,72,1363382284781,72,1363382284893,112,256,24,-88
27,69,1363382285085,69,1363382285269,184,304,376,192
27,65,1363382285373,65,1363382285493,120,288,224,104
27,86,1363382285677,86,1363382285757,80,304,264,184
27,69,1363382285845,69,1363382285997,152,168,240,88
27,78,1363382285997,78,1363382286061,64,152,64,0
27,188,1363382286525,188,1363382286613,88,528,552,464
27,32,1363382286861,32,1363382286942,81,336,329,248
27,87,1363382287070,87,1363382287206,136,209,264,128
27,69,1363382287206,69,1363382287294,88,136,88,0
27,32,1363382287366,32,1363382287454,88,160,160,72
27,87,1363382287886,87,1363382288006,120,520,552,432
27,69,1363382288182,69,1363382288302,120,296,296,176
27,82,1363382288494,82,1363382288638,144,312,336,192
27,69,1363382288606,69,1363382288766,160,112,128,-32
27,32,1363382288878,32,1363382288982,104,272,216,112
27,65,1363382289198,65,1363382289334,136,320,352,216
27,76,1363382289358,76,1363382289430,72,160,96,24
27,76,1363382289534,76,1363382289582,48,176,152,104
27,32,1363382289718,32,1363382289806,88,184,224,136
27,71,1363382289926,71,1363382290054,128,208,248,120
27,79,1363382290094,79,1363382290182,88,168,128,40
27,73,1363382290358,73,1363382290510,152,264,328,176
27,78,1363382290574,78,1363382290670,96,216,160,64
27,71,1363382291422,71,1363382291550,128,848,880,752
27,32,1363382291677,32,1363382291790,113,255,240,127
27,68,1363382292101,68,1363382292245,144,424,455,311
27,73,1363382292261,73,1363382292381,120,160,136,16
27,82,1363382292429,82,1363382292549,120,168,168,48
27,69,1363382292493,69,1363382292629,136,64,80,-56
27,67,1363382292869,67,1363382292910,41,376,281,240
27,84,1363382293349,84,1363382293477,128,480,567,439
27,32,1363382294077,32,1363382294221,144,728,744,600
27,84,1363382294941,84,1363382295070,129,864,849,720
27,72,1363382295101,72,1363382295197,96,160,127,31
27,69,1363382295221,69,1363382295357,136,120,160,24
27,32,1363382295325,32,1363382295405,80,104,48,-32
27,79,1363382295693,79,1363382295805,112,368,400,288
27,84,1363382295861,84,1363382295989,128,168,184,56
27,72,1363382295989,72,1363382296085,96,128,96,0
27,69,1363382296149,69,1363382296285,136,160,200,64
27,82,1363382296254,82,1363382296381,127,105,96,-31
27,32,1363382296417,32,1363382296509,92,163,128,36
27,87,1363382296629,87,1363382296845,216,212,336,120
27,65,1363382296781,65,1363382296917,136,152,72,-64
27,89,1363382296909,89,1363382296997,88,128,80,-8
27,190,1363382297941,190,1363382298021,80,1032,1024,944
27,73,1363901126752,73,1363901126856,104,96,64,-40
27,84,1363901127008,84,1363901127104,96,256,248,152
27,32,1363901127104,32,1363901127208,104,96,104,0
27,87,1363901127320,87,1363901127480,160,216,272,112
27,65,1363901127488,65,1363901127584,96,168,104,8
27,32,1363901127616,32,1363901127712,96,128,128,32
27,83,1363901127801,83,1363901127905,104,185,193,89
27,32,1363901127977,32,1363901128065,88,176,160,72
27,84,1363901128185,84,1363901128280,95,208,215,120
27,8,1363901128713,8,1363901128816,103,528,536,433
27,8,1363901128904,8,1363901128984,80,191,168,88
27,8,1363901129073,8,1363901129153,80,169,169,89
27,8,1363901129312,8,1363901129408,96,239,255,159
27,83,1363901129752,83,1363901129840,88,440,432,344
27,32,1363901129993,32,1363901130017,24,241,177,153
27,84,1363901130456,84,1363901130544,88,463,527,439
27,72,1363901130616,72,1363901130712,96,160,168,72
27,69,1363901130728,69,1363901130832,104,112,120,16
27,32,1363901130833,32,1363901130912,79,105,80,1
27,66,1363901131048,66,1363901131160,112,215,248,136
27,69,1363901131160,69,1363901131256,96,112,96,0
27,83,1363901131496,83,1363901131584,88,336,328,240
27,84,1363901132665,84,1363901132712,47,1169,1128,1081
27,32,1363901132777,32,1363901132840,63,112,128,65
27,79,1363901133000,79,1363901133128,128,223,288,160
27,70,1363901133240,70,1363901133352,112,240,224,112
27,32,1363901133680,32,1363901133792,112,440,440,328
27,84,1363901133968,84,1363901134088,120,288,296,176
27,73,1363901134088,73,1363901134208,120,120,120,0
27,77,1363901134320,77,1363901134472,152,232,264,112
27,69,1363901134592,69,1363901134688,96,272,216,120
27,83,1363901134800,83,1363901134904,104,208,216,112
27,188,1363901135616,188,1363901135720,104,816,816,712
27,32,1363901135816,32,1363901135880,64,200,160,96
27,73,1363901136016,73,1363901136161,145,200,281,136
27,84,1363901136200,84,1363901136280,80,184,119,39
27,87,1363901136576,87,1363901136736,160,376,456,296
27,65,1363901136736,65,1363901136833,97,160,97,0
27,83,1363901137088,83,1363901137184,96,352,351,255
27,32,1363901137240,32,1363901137344,104,152,160,56
27,84,1363901137464,84,1363901137584,120,224,240,120
27,72,1363901137632,72,1363901137768,136,168,184,48
27,69,1363901137800,69,1363901137944,144,168,176,32
27,32,1363901138000,32,1363901138096,96,200,152,56
27,87,1363901138496,87,1363901138640,144,496,544,400
27,79,1363901138744,79,1363901138856,112,248,216,104
27,82,1363901138912,82,1363901139008,96,168,152,56
27,83,1363901139200,83,1363901139272,72,288,264,192
27,84,1363901139448,84,1363901139552,104,248,280,176
27,32,1363901139568,32,1363901139672,104,120,120,16
27,79,1363901140440,79,1363901140536,96,872,864,768
27,70,1363901140600,70,1363901140704,104,160,168,64
27,32,1363901140704,32,1363901140800,96,104,96,0
27,84,1363901141120,84,1363901141272,152,416,472,320
27,73,1363901141312,73,1363901141424,112,192,152,40
27,77,1363901141528,77,1363901141656,128,216,232,104
27,69,1363901141656,69,1363901141736,80,128,80,0
27,83,1363901141856,83,1363901141968,112,200,232,120
27,188,1363901142168,188,1363901142320,152,312,352,200
27,37,1363901143720,37,1363901143824,104,1552,1504,1400
27,37,1363901143864,37,1363901143960,96,144,136,40
27,37,1363901144040,37,1363901144128,88,176,168,80
27,37,1363901144168,37,1363901144264,96,128,136,40
27,37,1363901144352,37,1363901144416,64,184,152,88
27,37,1363901144505,37,1363901144552,47,153,136,89
27,37,1363901144640,37,1363901144712,72,135,160,88
27,37,1363901144768,37,1363901144864,96,128,152,56
27,37,1363901144952,37,1363901145016,64,184,152,88
27,37,1363901145112,37,1363901145184,72,160,168,96
27,37,1363901145305,37,1363901145369,64,193,185,121
27,37,1363901145481,37,1363901145544,63,176,175,112
27,37,1363901145649,37,1363901145728,79,168,184,105
27,37,1363901145848,37,1363901145905,57,199,177,120
27,37,1363901146017,37,1363901146097,80,169,192,112
27,37,1363901146193,37,1363901146289,96,176,192,96
27,37,1363901146385,37,1363901146489,104,192,200,96
27,37,1363901146552,37,1363901146664,112,167,175,63
27,37,1363901146753,37,1363901146824,71,201,160,89
27,37,1363901146928,37,1363901146992,64,175,168,104
27,37,1363901147113,37,1363901147192,79,185,200,121
27,37,1363901147280,37,1363901147360,80,167,168,88
27,37,1363901147528,37,1363901147696,168,248,336,168
27,32,1363901147905,32,1363901148033,128,377,337,209
27,32,1363901150912,32,1363901151008,96,3007,2975,2879
27,73,1363901151288,73,1363901151401,113,376,393,280
27,84,1363901151512,84,1363901151608,96,224,207,111
27,32,1363901151624,32,1363901151720,96,112,112,16
27,87,1363901151824,87,1363901151976,152,200,256,104
27,65,1363901151952,65,1363901152064,112,128,88,-24
27,83,1363901152200,83,1363901152296,96,248,232,136
27,32,1363901152320,32,1363901152408,88,120,112,24
27,84,1363901152488,84,1363901152616,128,168,208,80
27,72,1363901152640,72,1363901152760,120,152,144,24
27,69,1363901152768,69,1363901152872,104,128,112,8
27,32,1363901152904,32,1363901152976,72,136,104,32
27,65,1363901153120,65,1363901153224,104,216,248,144
27,71,1363901153384,71,1363901153448,64,264,224,160
27,69,1363901153497,69,1363901153608,111,113,160,49
27,32,1363901153728,32,1363901153808,80,231,200,120
27,79,1363901154032,79,1363901154128,96,304,320,224
27,70,1363901154464,70,1363901154528,64,432,400,336
27,32,1363901154616,32,1363901154720,104,152,192,88
27,87,1363901154864,87,1363901154968,104,248,248,144
27,73,1363901154984,73,1363901155064,80,120,96,16
27,83,1363901155152,83,1363901155224,72,168,160,88
27,68,1363901155384,68,1363901155472,88,232,248,160
27,79,1363901155600,79,1363901155784,184,216,312,128
27,77,1363901155864,77,1363901155968,104,264,184,80
27,188,1363901156440,188,1363901156552,112,576,584,472
27,32,1363901157024,32,1363901157120,96,584,568,472
27,73,1363901157248,73,1363901157368,120,224,248,128
27,84,1363901157448,84,1363901157568,120,200,200,80
27,32,1363901157568,32,1363901157672,104,120,104,0
27,87,1363901157784,87,1363901157936,152,216,264,112
27,65,1363901157920,65,1363901158064,144,136,128,-16
27,83,1363901158224,83,1363901158304,80,304,240,160
27,32,1363901158352,32,1363901158432,80,128,128,48
27,84,1363901158576,84,1363901158672,96,224,240,144
27,72,1363901158697,72,1363901158816,119,121,144,25
27,69,1363901158816,69,1363901158928,112,119,112,0
27,32,1363901158920,32,1363901159024,104,104,96,-8
27,65,1363901159120,65,1363901159240,120,200,216,96
27,71,1363901159336,71,1363901159432,96,216,192,96
27,69,1363901159432,69,1363901159528,96,96,96,0
27,32,1363901159576,32,1363901159656,80,144,128,48
27,79,1363901159776,79,1363901159888,112,200,232,120
27,70,1363901160416,70,1363901160488,72,640,600,528
27,32,1363901160600,32,1363901160696,96,184,208,112
27,70,1363901161672,70,1363901161776,104,1072,1080,976
27,79,1363901161840,79,1363901161904,64,168,128,64
27,79,1363901162008,79,1363901162048,40,168,144,104
27,76,1363901162256,76,1363901162392,136,248,344,208
27,73,1363901162368,73,1363901162536,168,112,144,-24
27,78,1363901162704,78,1363901162936,232,336,400,168
27,8,1363901164672,8,1363901164777,105,1968,1841,1736
27,83,1363901165048,83,1363901165153,105,376,376,271
27,72,1363901165153,72,1363901165272,119,105,119,0
27,78,1363901165416,78,1363901165488,72,263,216,144
27,69,1363901165568,69,1363901165641,73,152,153,80
27,83,1363901165792,83,1363901165880,88,224,239,151
27,83,1363901165977,83,1363901166057,80,185,177,97
27,188,1363901168384,188,1363901168488,104,2407,2431,2327
27,32,1363901168640,32,1363901168808,168,256,320,152
27,73,1363901168809,73,1363901168944,135,169,136,1
27,84,1363901168968,84,1363901169112,144,159,168,24
27,32,1363901169200,32,1363901169304,104,232,192,88
27,87,1363901169448,87,1363901169608,160,248,304,144
27,65,1363901170008,65,1363901170088,80,560,480,400
27,83,1363901170376,83,1363901170480,104,368,392,288
27,32,1363901170616,32,1363901170704,88,240,224,136
27,84,1363901170784,84,1363901170880,96,168,176,80
27,72,1363901170944,72,1363901171064,120,160,184,64
27,69,1363901171064,69,1363901171168,104,120,104,0
27,32,1363901171208,32,1363901171304,96,144,136,40
27,69,1363901171960,69,1363901172048,88,752,744,656
27,80,1363901172184,80,1363901172256,72,224,208,136
27,79,1363901172384,79,1363901172464,80,200,208,128
27,67,1363901172536,67,1363901172664,128,152,200,72
27,72,1363901172680,72,1363901172776,96,144,112,16
27,32,1363901172880,32,1363901172976,96,200,200,104
27,79,1363901173664,79,1363901173776,112,784,800,688
27,70,1363901173904,70,1363901174024,120,240,248,128
27,32,1363901174152,32,1363901174280,128,248,256,128
27,84,1363901174688,84,1363901174808,120,536,528,408
27,72,1363901174992,72,1363901175160,168,304,352,184
27,8,1363901175472,8,1363901175544,72,480,384,312
27,8,1363901175648,8,1363901175728,80,176,184,104
27,66,1363901176272,66,1363901176392,120,624,664,544
27,69,1363901176432,69,1363901176520,88,160,128,40
27,76,1363901176640,76,1363901176768,128,208,248,120
27,73,1363901176768,73,1363901176904,136,128,136,0
27,69,1363901176960,69,1363901177040,80,192,136,56
27,70,1363901177280,70,1363901177384,104,320,344,240
27,188,1363901177744,188,1363901177880,136,464,496,360
27,32,1363901178056,32,1363901178144,88,312,264,176
27,73,1363901178376,73,1363901178520,144,320,376,232
27,84,1363901178616,84,1363901178744,128,240,224,96
27,32,1363901178784,32,1363901178872,88,168,128,40
27,87,1363901179000,87,1363901179176,176,216,304,128
27,65,1363901179152,65,1363901179272,120,152,96,-24
27,83,1363901179472,83,1363901179576,104,320,304,200
27,32,1363901179608,32,1363901179696,88,136,120,32
27,84,1363901179872,84,1363901180031,159,264,335,176
27,72,1363901180064,72,1363901180184,120,192,153,33
27,69,1363901180321,69,1363901180473,152,257,289,137
27,32,1363901180529,32,1363901180600,71,208,127,56
27,69,1363901181200,69,1363901181304,104,671,704,600
27,80,1363901181456,80,1363901181537,81,256,233,152
27,79,1363901181648,79,1363901181736,88,192,199,111
27,67,1363901181864,67,1363901181977,113,216,241,128
27,72,1363901181977,72,1363901182064,87,113,87,0
27,32,1363901182186,32,1363901182272,86,209,208,122
27,79,1363901182384,79,1363901182490,106,198,218,112
27,70,1363901182576,70,1363901182688,112,192,198,86
27,32,1363901182761,32,1363901182889,128,185,201,73
27,73,1363901183226,73,1363901183360,134,465,471,337
27,78,1363901183448,78,1363901183544,96,222,184,88
27,67,1363901183792,67,1363901183864,72,344,320,248
27,82,1363901184080,82,1363901184231,151,288,367,216
27,69,1363901184207,69,1363901184320,113,127,89,-24
27,68,1363901184583,68,1363901184695,112,376,375,263
27,85,1363901184735,85,1363901184871,136,152,176,40
27,73,1363901184839,73,1363901184999,160,104,128,-32
27,8,1363901186455,8,1363901186551,96,1616,1552,1456
27,76,1363901187303,76,1363901187455,152,848,904,752
27,73,1363901187415,73,1363901187551,136,112,96,-40
27,84,1363901187695,84,1363901187791,96,280,240,144
27,89,1363901187831,89,1363901187927,96,136,136,40
27,188,1363901188255,188,1363901188351,96,424,424,328
27,32,1363901188551,32,1363901188639,88,296,288,200
27,73,1363901188695,73,1363901188831,136,144,192,56
27,84,1363901190127,84,1363901190239,112,1432,1408,1296
27,32,1363901190335,32,1363901190439,104,208,200,96
27,87,1363901190535,87,1363901190663,128,200,224,96
27,65,1363901190663,65,1363901190743,80,128,80,0
27,83,1363901190887,83,1363901190967,80,224,224,144
27,32,1363901190999,32,1363901191095,96,112,128,32
27,84,1363901191215,84,1363901191375,160,216,280,120
27,72,1363901191511,72,1363901191639,128,296,264,136
27,69,1363901191791,69,1363901191903,112,280,264,152
27,32,1363901192495,32,1363901192655,160,704,752,592
27,83,1363901193375,83,1363901193495,120,880,840,720
27,69,1363901193575,69,1363901193719,144,200,224,80
27,65,1363901193743,65,1363901193839,96,168,120,24
27,83,1363901194207,83,1363901194295,88,464,456,368
27,79,1363901194439,79,1363901194551,112,232,256,144
27,78,1363901195455,78,1363901195543,88,1016,992,904
27,32,1363901195639,32,1363901195727,88,184,184,96
27,79,1363901195791,79,1363901195903,112,152,176,64
27,70,1363901196007,70,1363901196095,88,216,192,104
27,32,1363901196095,32,1363901196175,80,88,80,0
27,76,1363901196351,76,1363901196479,128,256,304,176
27,73,1363901196431,73,1363901196567,136,80,88,-48
27,71,1363901196639,71,1363901196743,104,208,176,72
27,72,1363901196775,72,1363901196863,88,136,120,32
27,84,1363901197175,84,1363901197271,96,400,408,312
27,188,1363901197415,188,1363901197527,112,240,256,144
27,32,1363901197671,32,1363901197776,105,256,249,144
27,73,1363901198888,73,1363901198984,96,1217,1208,1112
27,32,1363901199224,32,1363901199351,127,336,367,240
27,8,1363901199719,8,1363901199847,128,495,496,368
27,84,1363901200039,84,1363901200111,72,320,264,192
27,32,1363901200424,32,1363901200567,143,385,456,313
27,87,1363901200687,87,1363901200823,136,263,256,120
27,65,1363901200880,65,1363901200943,63,193,120,57
27,32,1363901201191,32,1363901201271,80,311,328,248
27,8,1363901201640,8,1363901201727,87,449,456,369
27,83,1363901201791,83,1363901201895,104,151,168,64
27,32,1363901201935,32,1363901202023,88,144,128,40
27,84,1363901202079,84,1363901202207,128,144,184,56
27,72,1363901202208,72,1363901202327,119,129,120,1
27,69,1363901202359,69,1363901202495,136,151,168,32
27,32,1363901202527,32,1363901202631,104,168,136,32
27,83,1363901202999,83,1363901203135,136,472,504,368
27,69,1363901203151,69,1363901203319,168,152,184,16
27,65,1363901203335,65,1363901203479,144,184,160,16
27,83,1363901203679,83,1363901203815,136,344,336,200
27,79,1363901203871,79,1363901204007,136,192,192,56
27,78,1363901204087,78,1363901204159,72,216,152,80
27,32,1363901204223,32,1363901204287,64,136,128,64
27,73,1363901204367,73,1363901204471,104,144,184,80
27,70,1363901204615,70,1363901204663,48,248,192,144
27,8,1363901204887,8,1363901204967,80,272,304,224
27,8,1363901205063,8,1363901205127,64,176,160,96
27,79,1363901205505,79,1363901205623,118,442,496,378
27,70,1363901205775,70,1363901205879,104,270,256,152
27,32,1363901205951,32,1363901206039,88,176,160,72
27,68,1363901206279,68,1363901206399,120,328,360,240
27,65,1363901206559,65,1363901206695,136,280,296,160
27,82,1363901206815,82,1363901206887,72,256,192,120
27,75,1363901207159,75,1363901207231,72,344,344,272
27,78,1363901207375,78,1363901207479,104,216,248,144
27,69,1363901207639,69,1363901207679,40,264,200,160
27,83,1363901208239,83,1363901208271,32,600,592,560
27,83,1363901208391,83,1363901208471,80,152,200,120
27,188,1363901209679,188,1363901209775,96,1288,1304,1208
27,32,1363901209871,32,1363901209935,64,192,160,96
27,73,1363901210215,73,1363901210319,104,344,384,280
27,84,1363901210439,84,1363901210543,104,224,224,120
27,32,1363901210592,32,1363901210695,103,153,152,49
27,87,1363901210903,87,1363901211087,184,311,392,208
27,65,1363901211063,65,1363901211191,128,160,104,-24
27,83,1363901211327,83,1363901211423,96,264,232,136
27,32,1363901211471,32,1363901211567,96,144,144,48
27,84,1363901211711,84,1363901211823,112,240,256,144
27,72,1363901211863,72,1363901212002,139,152,179,40
27,69,1363901212031,69,1363901212191,160,168,189,29
27,32,1363901213943,32,1363901214055,112,1912,1864,1752
27,83,1363901214127,83,1363901214247,120,184,192,72
27,80,1363901214479,80,1363901214583,104,352,336,232
27,82,1363901214695,82,1363901214807,112,216,224,112
27,73,1363901214823,73,1363901214959,136,128,152,16
27,78,1363901214991,78,1363901215087,96,168,128,32
27,71,1363901215111,71,1363901215200,89,120,113,24
27,32,1363901215232,32,1363901215304,72,121,104,32
27,79,1363901215368,79,1363901215495,127,136,191,64
27,70,1363901215591,70,1363901215680,89,223,185,96
27,32,1363901215719,32,1363901215799,80,128,119,39
27,76,1363901216023,76,1363901216199,176,304,400,224
27,79,1363901216768,79,1363901216864,96,745,665,569
27,86,1363901216968,86,1363901217104,136,200,240,104
27,69,1363901217192,69,1363901217343,151,224,239,88
27,188,1363901217367,188,1363901217487,120,175,144,24
27,32,1363901217735,32,1363901217896,161,368,409,248
27,73,1363901218496,73,1363901218639,143,761,743,600
27,84,1363901218695,84,1363901218824,129,199,185,56
27,32,1363901218928,32,1363901219023,95,233,199,104
27,87,1363901219135,87,1363901219295,160,207,272,112
27,65,1363901219263,65,1363901219367,104,128,72,-32
27,83,1363901219527,83,1363901219615,88,264,248,160
27,32,1363901219799,32,1363901219839,40,272,224,184
27,84,1363901220143,84,1363901220247,104,344,408,304
27,72,1363901220295,72,1363901220415,120,152,168,48
27,69,1363901220431,69,1363901220535,104,136,120,16
27,32,1363901220567,32,1363901220671,104,136,136,32
27,87,1363901220887,87,1363901221007,120,320,336,216
27,73,1363901221008,73,1363901221135,127,121,128,1
27,78,1363901221159,78,1363901221271,112,151,136,24
27,84,1363901221383,84,1363901221463,80,224,192,112
27,69,1363901221575,69,1363901221679,104,192,216,112
27,82,1363901221647,82,1363901221767,120,72,88,-32
27,32,1363901221767,32,1363901221863,96,120,96,0
27,79,1363901221999,79,1363901222103,104,232,240,136
27,70,1363901222143,70,1363901222255,112,144,152,40
27,32,1363901222303,32,1363901222407,104,160,152,48
27,68,1363901222951,68,1363901223039,88,648,632,544
27,69,1363901223143,69,1363901223223,80,192,184,104
27,83,1363901223327,83,1363901223447,120,184,224,104
27,80,1363901223595,80,1363901223719,124,268,272,148
27,65,1363901223807,65,1363901223911,104,212,192,88
27,73,1363901224047,73,1363901224191,144,240,280,136
27,82,1363901224223,82,1363901224311,88,176,120,32
27,188,1363901224535,188,1363901224655,120,312,344,224
27,32,1363901226207,32,1363901226319,112,1672,1664,1552
27,87,1363901227127,87,1363901227247,120,920,928,808
27,69,1363901227247,69,1363901227343,96,120,96,0
27,32,1363901227399,32,1363901227455,56,152,112,56
27,72,1363901227559,72,1363901227671,112,160,216,104
27,65,1363901227703,65,1363901227783,80,144,112,32
27,68,1363901228023,68,1363901228119,96,320,336,240
27,32,1363901228119,32,1363901228215,96,96,96,0
27,69,1363901228311,69,1363901228415,104,192,200,96
27,86,1363901228599,86,1363901228695,96,288,280,184
27,82,1363901228999,82,1363901229095,96,400,400,304
27,89,1363901229383,89,1363901229487,104,384,392,288
27,84,1363901229551,84,1363901229639,88,168,152,64
27,72,1363901229807,72,1363901229919,112,256,280,168
27,73,1363901229895,73,1363901230047,152,88,128,-24
27,78,1363901230047,78,1363901230159,112,152,112,0
27,71,1363901230215,71,1363901230327,112,168,168,56
27,32,1363901231167,32,1363901231343,176,952,1016,840
27,8,1363901231983,8,1363901232087,104,816,744,640
27,8,1363901232167,8,1363901232239,72,184,152,80
27,8,1363901232327,8,1363901232383,56,160,144,88
27,8,1363901232471,8,1363901232527,56,144,144,88
27,8,1363901232607,8,1363901232671,64,136,144,80
27,8,1363901232712,8,1363901232800,88,105,129,41
27,8,1363901232896,8,1363901232952,56,184,152,96
27,8,1363901233040,8,1363901233168,128,144,216,88
27,69,1363901233672,69,1363901233760,88,632,592,504
27,82,1363901233896,82,1363901234016,120,224,256,136
27,89,1363901234072,89,1363901234112,40,176,96,56
27,84,1363901234224,84,1363901234304,80,152,192,112
27,72,1363901234304,72,1363901234416,112,80,112,0
27,78,1363901234528,78,1363901234639,111,224,223,112
27,8,1363901235527,8,1363901235615,88,999,976,888
27,73,1363901235839,73,1363901235920,81,312,305,224
27,78,1363901236647,78,1363901236759,112,808,839,727
27,71,1363901236807,71,1363901236887,80,160,128,48
27,32,1363901236951,32,1363901237039,88,144,152,64
27,66,1363901237175,66,1363901237287,112,224,248,136
27,69,1363901237359,69,1363901237471,112,184,184,72
27,70,1363901237823,70,1363901237879,56,464,408,352
27,79,1363901238023,79,1363901238159,136,200,280,144
27,82,1363901238199,82,1363901238367,168,176,208,40
27,69,1363901238295,69,1363901238447,152,96,80,-72
27,32,1363901239543,32,1363901239711,168,1248,1264,1096
27,85,1363901240039,85,1363901240183,144,496,472,328
27,83,1363901240639,83,1363901240743,104,600,560,456
27,188,1363901240831,188,1363901240911,80,192,168,88
27,32,1363901241183,32,1363901241247,64,352,336,272
27,87,1363901241503,87,1363901241639,136,320,392,256
27,72,1363901241855,72,1363901241967,112,352,328,216
27,65,1363901241967,65,1363901242055,88,112,88,0
27,68,1363901242463,68,1363901242567,104,496,512,408
27,32,1363901242631,32,1363901242711,80,168,144,64
27,78,1363901242927,78,1363901243031,104,296,320,216
27,79,1363901243191,79,1363901243303,112,264,272,160
27,84,1363901243423,84,1363901243519,96,232,216,120
27,72,1363901243543,72,1363901243615,72,120,96,24
27,73,1363901243599,73,1363901243751,152,56,136,-16
27,78,1363901243751,78,1363901243871,120,152,120,0
27,71,1363901243871,71,1363901243967,96,120,96,0
27,32,1363901243951,32,1363901244007,56,80,40,-16
27,66,1363901244079,66,1363901244183,104,128,176,72
27,69,1363901244247,69,1363901244351,104,168,168,64
27,70,1363901244567,70,1363901244663,96,320,312,216
27,79,1363901244735,79,1363901244839,104,168,176,72
27,82,1363901244911,82,1363901244999,88,176,160,72
27,69,1363901244960,69,1363901245079,119,49,80,-39
27,32,1363901245143,32,1363901245231,88,183,152,64
27,85,1363901245367,85,1363901245471,104,224,240,136
27,83,1363901245663,83,1363901245783,120,296,312,192
27,188,1363901245855,188,1363901245943,88,192,160,72
27,32,1363901247175,32,1363901247255,80,1320,1312,1232
27,87,1363901247383,87,1363901247535,152,208,280,128
27,69,1363901247536,69,1363901247615,79,153,80,1
27,32,1363901247727,32,1363901247815,88,191,200,112
27,87,1363901248215,87,1363901248327,112,488,512,400
27,69,1363901248327,69,1363901248439,112,112,112,0
27,82,1363901248591,82,1363901248711,120,264,272,152
27,69,1363901248663,69,1363901248783,120,72,72,-48
27,32,1363901248823,32,1363901248919,96,160,136,40
27,71,1363901249127,71,1363901249207,80,304,288,208
27,79,1363901249239,79,1363901249351,112,112,144,32
27,73,1363901249551,73,1363901249719,168,312,368,200
27,78,1363901249719,78,1363901249855,136,168,136,0
27,71,1363901249999,71,1363901250079,80,280,224,144
27,32,1363901251488,32,1363901251647,159,1489,1568,1409
27,70,1363901252824,70,1363901252983,159,1336,1336,1177
27,8,1363901253432,8,1363901253536,104,608,553,449
27,68,1363901253607,68,1363901253735,128,175,199,71
27,73,1363901253783,73,1363901253927,144,176,192,48
27,82,1363901253991,82,1363901254127,136,208,200,64
27,69,1363901254071,69,1363901254191,120,80,64,-56
27,67,1363901254432,67,1363901254559,127,361,368,241
27,84,1363901254711,84,1363901254824,113,279,265,152
27,32,1363901254943,32,1363901255063,120,232,239,119
27,84,1363901258711,84,1363901258847,136,3768,3784,3648
27,79,1363901258871,79,1363901258991,120,160,144,24
27,32,1363901258991,32,1363901259063,72,120,72,0
27,16,1363901259207,16,1363901259391,184,216,328,144
27,72,1363901259335,72,1363901259431,96,128,40,-56
27,69,1363901259615,69,1363901259775,160,280,344,184
27,65,1363901259775,65,1363901259927,152,160,152,0
27,86,1363901260239,86,1363901260367,128,464,440,312
27,69,1363901260423,69,1363901260575,152,184,208,56
27,78,1363901260615,78,1363901260743,128,192,168,40
27,188,1363901261151,188,1363901261287,136,536,544,408
27,32,1363901261399,32,1363901261463,64,248,176,112
27,87,1363901262839,87,1363901262991,152,1440,1528,1376
27,69,1363901262992,69,1363901263093,101,153,102,1
27,32,1363901263231,32,1363901263303,72,239,210,138
27,87,1363901264119,87,1363901264215,96,888,912,816
27,69,1363901264303,69,1363901264391,88,184,176,88
27,82,1363901264527,82,1363901264655,128,224,264,136
27,69,1363901264599,69,1363901264735,136,72,80,-56
27,32,1363901264759,32,1363901264839,80,160,104,24
27,65,1363901265159,65,1363901265263,104,400,424,320
27,76,1363901265399,76,1363901265479,80,240,216,136
27,76,1363901265567,76,1363901265639,72,168,160,88
27,32,1363901265735,32,1363901265823,88,168,184,96
27,71,1363901266047,71,1363901266175,128,312,352,224
27,79,1363901266199,79,1363901266319,120,152,144,24
27,73,1363901266751,73,1363901266903,152,552,584,432
27,78,1363901266951,78,1363901267055,104,200,152,48
27,71,1363901267095,71,1363901267207,112,144,152,40
27,32,1363901267303,32,1363901267446,143,208,239,96
27,68,1363901268144,68,1363901268279,135,841,833,698
27,73,1363901268920,73,1363901269040,120,776,761,641
27,82,1363901269231,82,1363901269400,169,311,360,191
27,69,1363901269343,69,1363901269479,136,112,79,-57
27,67,1363901270055,67,1363901270183,128,712,704,576
27,76,1363901270336,76,1363901270415,79,281,232,153
27,8,1363901271383,8,1363901271503,120,1047,1088,968
27,84,1363901271631,84,1363901271743,112,248,240,128
27,32,1363901271775,32,1363901271889,114,144,146,32
27,84,1363901272135,84,1363901272207,72,360,318,246
27,72,1363901272791,72,1363901272927,136,656,720,584
27,84,1363901272975,84,1363901273039,64,184,112,48
27,8,1363901273647,8,1363901273743,96,672,704,608
27,69,1363901273799,69,1363901273911,112,152,168,56
27,32,1363901273927,32,1363901273999,72,128,88,16
27,79,1363901274375,79,1363901274479,104,448,480,376
27,84,1363901274535,84,1363901274639,104,160,160,56
27,72,1363901274639,72,1363901274735,96,104,96,0
27,69,1363901274799,69,1363901274959,160,160,224,64
27,82,1363901274903,82,1363901275039,136,104,80,-56
27,32,1363901275007,32,1363901275095,88,104,56,-32
27,87,1363901275519,87,1363901275575,56,512,480,424
27,65,1363901276319,65,1363901276423,104,800,848,744
27,89,1363901276463,89,1363901276543,80,144,120,40
27,190,1363901277071,190,1363901277143,72,608,600,528
27,73,1363982049628,73,1363982049739,111,128,79,-32
27,84,1363982049948,84,1363982050043,95,320,304,209
27,32,1363982050099,32,1363982050187,88,151,144,56
27,87,1363982050324,87,1363982050459,135,225,272,137
27,65,1363982050579,65,1363982050683,104,255,224,120
27,83,1363982050811,83,1363982050915,104,232,232,128
27,32,1363982050915,32,1363982050979,64,104,64,0
27,84,1363982051107,84,1363982051187,80,192,208,128
27,72,1363982051219,72,1363982051315,96,112,128,32
27,69,1363982051331,69,1363982051459,128,112,144,16
27,32,1363982051419,32,1363982051460,41,88,1,-40
27,66,1363982051563,66,1363982051667,104,144,207,103
27,69,1363982051747,69,1363982051843,96,184,176,80
27,83,1363982051963,83,1363982052035,72,216,192,120
27,84,1363982052179,84,1363982052300,121,216,265,144
27,32,1363982052300,32,1363982052427,127,121,127,0
27,79,1363982052531,79,1363982052691,160,231,264,104
27,70,1363982052747,70,1363982052851,104,216,160,56
27,32,1363982052875,32,1363982052963,88,128,112,24
27,84,1363982053059,84,1363982053147,88,184,184,96
27,69,1363982053339,69,1363982053411,72,280,264,192
27,8,1363982053915,8,1363982054075,160,576,664,504
27,8,1363982054219,8,1363982054307,88,304,232,144
27,84,1363982054531,84,1363982054619,88,312,312,224
27,73,1363982054683,73,1363982054787,104,152,168,64
27,77,1363982054891,77,1363982055019,128,208,232,104
27,69,1363982055283,69,1363982055363,80,392,344,264
27,83,1363982055515,83,1363982055547,32,232,184,152
27,188,1363982056955,188,1363982057011,56,1440,1464,1408
27,32,1363982057099,32,1363982057140,41,144,129,88
27,73,1363982057291,73,1363982057419,128,192,279,151
27,84,1363982057499,84,1363982057571,72,208,152,80
27,32,1363982057611,32,1363982057683,72,112,112,40
27,87,1363982057811,87,1363982057947,136,200,264,128
27,65,1363982057915,65,1363982058035,120,104,88,-32
27,83,1363982058155,83,1363982058267,112,240,232,120
27,32,1363982058267,32,1363982058347,80,112,80,0
27,84,1363982058451,84,1363982058555,104,184,208,104
27,72,1363982058595,72,1363982058707,112,144,152,40
27,69,1363982058731,69,1363982058859,128,136,152,24
27,32,1363982058883,32,1363982058955,72,152,96,24
27,87,1363982059204,87,1363982059332,128,321,377,249
27,79,1363982059388,79,1363982059476,88,184,144,56
27,82,1363982059596,82,1363982059652,56,208,176,120
27,83,1363982059796,83,1363982059908,112,200,256,144
27,84,1363982060068,84,1363982060124,56,272,216,160
27,32,1363982060156,32,1363982060228,72,88,104,32
27,79,1363982060332,79,1363982060428,96,176,200,104
27,70,1363982060516,70,1363982060620,104,184,192,88
27,32,1363982060620,32,1363982060676,56,104,56,0
27,84,1363982061236,84,1363982061404,168,616,728,560
27,73,1363982061532,73,1363982061676,144,296,272,128
27,77,1363982061772,77,1363982061908,136,240,232,96
27,69,1363982062084,69,1363982062228,144,312,320,176
27,83,1363982062380,83,1363982062492,112,296,264,152
27,188,1363982063060,188,1363982063148,88,680,656,568
27,32,1363982063708,32,1363982063804,96,648,656,560
27,73,1363982064499,73,1363982064620,121,791,816,695
27,84,1363982064676,84,1363982064779,103,177,159,56
27,32,1363982064795,32,1363982064891,96,119,112,16
27,87,1363982064995,87,1363982065155,160,200,264,104
27,65,1363982065123,65,1363982065244,121,128,89,-32
27,83,1363982065347,83,1363982065443,96,224,199,103
27,32,1363982065508,32,1363982065636,128,161,193,65
27,84,1363982065739,84,1363982065836,97,231,200,103
27,72,1363982065891,72,1363982065995,104,152,159,55
27,69,1363982065963,69,1363982066059,96,72,64,-32
27,32,1363982066107,32,1363982066195,88,144,136,48
27,65,1363982066267,65,1363982066403,136,160,208,72
27,71,1363982066515,71,1363982066587,72,248,184,112
27,69,1363982066587,69,1363982066708,121,72,121,0
27,32,1363982066755,32,1363982066819,64,168,111,47
27,79,1363982066915,79,1363982067043,128,160,224,96
27,70,1363982067131,70,1363982067235,104,216,192,88
27,32,1363982067299,32,1363982067395,96,168,160,64
27,87,1363982069235,87,1363982069331,96,1936,1936,1840
27,73,1363982069387,73,1363982069483,96,152,152,56
27,83,1363982069515,83,1363982069587,72,128,104,32
27,68,1363982069851,68,1363982069891,40,336,304,264
27,79,1363982069939,79,1363982070019,80,88,128,48
27,77,1363982070179,77,1363982070307,128,240,288,160
27,188,1363982071499,188,1363982071579,80,1320,1272,1192
27,32,1363982071747,32,1363982071811,64,248,232,168
27,73,1363982071955,73,1363982072083,128,208,272,144
27,84,1363982072795,84,1363982072899,104,840,816,712
27,32,1363982072971,32,1363982073051,80,176,152,72
27,87,1363982073131,87,1363982073291,160,160,240,80
27,65,1363982073251,65,1363982073355,104,120,64,-40
27,83,1363982073515,83,1363982073619,104,264,264,160
27,32,1363982073659,32,1363982073731,72,144,112,40
27,84,1363982073859,84,1363982073955,96,200,224,128
27,72,1363982073979,72,1363982074091,112,120,136,24
27,69,1363982074091,69,1363982074227,136,112,136,0
27,32,1363982074339,32,1363982074483,144,248,256,112
27,65,1363982074859,65,1363982074979,120,520,496,376
27,71,1363982075179,71,1363982075243,64,320,264,200
27,69,1363982075268,69,1363982075363,95,89,120,25
27,32,1363982075755,32,1363982075883,128,487,520,392
27,79,1363982076235,79,1363982076339,104,480,456,352
27,71,1363982076419,71,1363982076500,81,184,161,80
27,32,1363982076556,32,1363982076652,96,137,152,56
27,70,1363982077276,70,1363982077356,80,720,704,624
27,79,1363982077500,79,1363982077556,56,224,200,144
27,79,1363982077652,79,1363982077708,56,152,152,96
27,76,1363982077932,76,1363982078012,80,280,304,224
27,73,1363982078628,73,1363982078716,88,696,704,616
27,83,1363982078820,83,1363982078940,120,192,224,104
27,72,1363982078940,72,1363982079052,112,120,112,0
27,8,1363982079620,8,1363982079692,72,680,640,568
27,8,1363982079796,8,1363982079868,72,176,176,104
27,8,1363982079956,8,1363982080028,72,160,160,88
27,8,1363982080124,8,1363982080204,80,168,176,96
27,8,1363982080284,8,1363982080372,88,160,168,80
27,8,1363982080444,8,1363982080523,79,160,151,72
27,8,1363982080604,8,1363982080676,72,160,153,81
27,8,1363982080756,8,1363982080851,95,152,175,80
27,8,1363982081140,8,1363982081259,119,384,408,289
27,70,1363982081547,70,1363982081627,80,407,368,288
27,32,1363982081700,32,1363982081795,95,153,168,73
27,70,1363982082356,70,1363982082436,80,656,641,561
27,79,1363982082515,79,1363982082555,40,159,119,79
27,79,1363982082652,79,1363982082691,39,137,136,97
27,76,1363982082891,76,1363982083011,120,239,320,200
27,73,1363982082979,73,1363982083083,104,88,72,-32
27,83,1363982083179,83,1363982083307,128,200,224,96
27,72,1363982083275,72,1363982083347,72,96,40,-32
27,78,1363982083483,78,1363982083595,112,208,248,136
27,69,1363982083635,69,1363982083723,88,152,128,40
27,83,1363982083835,83,1363982083907,72,200,184,112
27,83,1363982083995,83,1363982084100,105,160,193,88
27,188,1363982084427,188,1363982084515,88,432,415,327
27,32,1363982084603,32,1363982084659,56,176,144,88
27,73,1363982084763,73,1363982084891,128,160,232,104
27,84,1363982084939,84,1363982085059,120,176,168,48
27,32,1363982085084,32,1363982085179,95,145,120,25
27,87,1363982085243,87,1363982085435,192,159,256,64
27,65,1363982085403,65,1363982085531,128,160,96,-32
27,32,1363982085532,32,1363982085603,71,129,72,1
27,8,1363982086035,8,1363982086179,144,503,576,432
27,83,1363982086251,83,1363982086363,112,216,184,72
27,32,1363982086387,32,1363982086459,72,136,96,24
27,84,1363982086548,84,1363982086675,127,161,216,89
27,72,1363982086675,72,1363982086787,112,127,112,0
27,69,1363982086803,69,1363982086899,96,128,112,16
27,32,1363982086875,32,1363982086955,80,72,56,-24
27,69,1363982087371,69,1363982087467,96,496,512,416
27,80,1363982087595,80,1363982087715,120,224,248,128
27,67,1363982088099,67,1363982088211,112,504,496,384
27,8,1363982088467,8,1363982088595,128,368,384,256
27,79,1363982089203,79,1363982089291,88,736,696,608
27,67,1363982089475,67,1363982089571,96,272,280,184
27,72,1363982089627,72,1363982089707,80,152,136,56
27,32,1363982089843,32,1363982089947,104,216,240,136
27,79,1363982090099,79,1363982090251,152,256,304,152
27,70,1363982090451,70,1363982090531,80,352,280,200
27,32,1363982090627,32,1363982090707,80,176,176,96
27,66,1363982091083,66,1363982091211,128,456,504,376
27,69,1363982091243,69,1363982091331,88,160,120,32
27,76,1363982091459,76,1363982091595,136,216,264,128
27,73,1363982091563,73,1363982091731,168,104,136,-32
27,69,1363982093219,69,1363982093299,80,1656,1568,1488
27,70,1363982093491,70,1363982093579,88,272,280,192
27,188,1363982093763,188,1363982093891,128,272,312,184
27,32,1363982094268,32,1363982094340,72,505,449,377
27,73,1363982094564,73,1363982094700,136,296,360,224
27,84,1363982095076,84,1363982095172,96,512,472,376
27,32,1363982095212,32,1363982095308,96,136,136,40
27,87,1363982095348,87,1363982095508,160,136,200,40
27,65,1363982095476,65,1363982095580,104,128,72,-32
27,83,1363982095684,83,1363982095780,96,208,200,104
27,32,1363982095812,32,1363982095892,80,128,112,32
27,84,1363982095996,84,1363982096084,88,184,192,104
27,72,1363982096084,72,1363982096180,96,88,96,0
27,69,1363982096220,69,1363982096332,112,136,152,40
27,32,1363982096316,32,1363982096404,88,96,72,-16
27,69,1363982096788,69,1363982096892,104,472,488,384
27,80,1363982097020,80,1363982097124,104,232,232,128
27,79,1363982097364,79,1363982097436,72,344,312,240
27,67,1363982097588,67,1363982097708,120,224,272,152
27,72,1363982097708,72,1363982097788,80,120,80,0
27,32,1363982097860,32,1363982097955,95,152,167,72
27,79,1363982098020,79,1363982098164,144,160,209,65
27,70,1363982098212,70,1363982098324,112,192,160,48
27,32,1363982098979,32,1363982099091,112,767,767,655
27,73,1363982099363,73,1363982099460,97,384,369,272
27,78,1363982099588,78,1363982099691,103,225,231,128
27,67,1363982099852,67,1363982099915,63,264,224,161
27,82,1363982100131,82,1363982100292,161,279,377,216
27,69,1363982100563,69,1363982100652,89,432,360,271
27,68,1363982101612,68,1363982101739,127,1049,1087,960
27,85,1363982101772,85,1363982101876,104,160,137,33
27,76,1363982101987,76,1363982102155,168,215,279,111
27,73,1363982102092,73,1363982102243,151,105,88,-63
27,84,1363982102315,84,1363982102427,112,223,184,72
27,89,1363982102477,89,1363982102547,70,162,120,50
27,188,1363982102795,188,1363982102899,104,318,352,248
27,32,1363982103011,32,1363982103068,57,216,169,112
27,73,1363982103155,73,1363982103267,112,144,199,87
27,84,1363982103331,84,1363982103419,88,176,152,64
27,32,1363982103467,32,1363982103555,88,136,136,48
27,87,1363982103883,87,1363982104083,200,416,528,328
27,65,1363982104067,65,1363982104187,120,184,104,-16
27,83,1363982104363,83,1363982104475,112,296,288,176
27,32,1363982104539,32,1363982104627,88,176,152,64
27,84,1363982104715,84,1363982104804,89,176,177,88
27,72,1363982104827,72,1363982104923,96,112,119,23
27,69,1363982104947,69,1363982105027,80,120,104,24
27,32,1363982105027,32,1363982105107,80,80,80,0
27,83,1363982105387,83,1363982105491,104,360,384,280
27,69,1363982105507,69,1363982105667,160,120,176,16
27,65,1363982105667,65,1363982105795,128,160,128,0
27,83,1363982106299,83,1363982106395,96,632,600,504
27,79,1363982106435,79,1363982106579,144,136,184,40
27,78,1363982106691,78,1363982106787,96,256,208,112
27,32,1363982106867,32,1363982106931,64,176,144,80
27,73,1363982107035,73,1363982107131,96,168,200,104
27,70,1363982107347,70,1363982107467,120,312,336,216
27,187,1363982108035,187,1363982108091,56,688,624,568
27,187,1363982108195,187,1363982108275,80,160,184,104
27,8,1363982108475,8,1363982108563,88,280,288,200
27,8,1363982108651,8,1363982108723,72,176,160,88
27,8,1363982108835,8,1363982108851,16,184,128,112
27,8,1363982108939,8,1363982109019,80,104,168,88
27,79,1363982109515,79,1363982109611,96,576,592,496
27,70,1363982109939,70,1363982110003,64,424,392,328
27,32,1363982110003,32,1363982110099,96,64,96,0
27,73,1363982110315,73,1363982110443,128,312,344,216
27,71,1363982110515,71,1363982110611,96,200,168,72
27,72,1363982110563,72,1363982110659,96,48,48,-48
27,84,1363982110859,84,1363982110995,136,296,336,200
27,188,1363982111051,188,1363982111179,128,192,184,56
27,32,1363982111339,32,1363982111411,72,288,232,160
27,73,1363982112196,73,1363982112316,120,857,905,785
27,84,1363982112388,84,1363982112500,112,192,184,72
27,32,1363982112492,32,1363982112580,88,104,80,-8
27,87,1363982112620,87,1363982112788,168,128,208,40
27,65,1363982112756,65,1363982112852,96,136,64,-32
27,83,1363982112956,83,1363982113068,112,200,216,104
27,32,1363982113060,32,1363982113148,88,104,80,-8
27,84,1363982113260,84,1363982113332,72,200,184,112
27,72,1363982113356,72,1363982113460,104,96,128,24
27,69,1363982113460,69,1363982113620,160,104,160,0
27,32,1363982113668,32,1363982113764,96,208,144,48
27,83,1363982114380,83,1363982114436,56,712,672,616
27,69,1363982114676,69,1363982114780,104,296,344,240
27,65,1363982114860,65,1363982114956,96,184,176,80
27,83,1363982115140,83,1363982115252,112,280,296,184
27,79,1363982115500,79,1363982115620,120,360,368,248
27,78,1363982115732,78,1363982115796,64,232,176,112
27,32,1363982115860,32,1363982115916,56,128,120,64
27,73,1363982116011,73,1363982116099,88,151,183,95
27,70,1363982116203,70,1363982116332,129,192,233,104
27,32,1363982116404,32,1363982116507,103,201,175,72
27,8,1363982123683,8,1363982123771,88,7279,7264,7176
27,8,1363982123867,8,1363982123939,72,184,168,96
27,8,1363982124027,8,1363982124099,72,160,160,88
27,79,1363982124619,79,1363982124699,80,592,600,520
27,70,1363982124875,70,1363982124979,104,256,280,176
27,32,1363982125075,32,1363982125155,80,200,176,96
27,16,1363982125259,16,1363982125460,201,184,305,104
27,68,1363982125403,68,1363982125539,136,144,79,-57
27,65,1363982125683,65,1363982125763,80,280,224,144
27,82,1363982125851,82,1363982125947,96,168,184,88
27,75,1363982126267,75,1363982126323,56,416,376,320
27,78,1363982126459,78,1363982126515,56,192,192,136
27,69,1363982126563,69,1363982126667,104,104,152,48
27,83,1363982126787,83,1363982126875,88,224,208,120
27,83,1363982126963,83,1363982127035,72,176,160,88
27,188,1363982127987,188,1363982128075,88,1024,1040,952
27,32,1363982128171,32,1363982128227,56,184,152,96
27,73,1363982128323,73,1363982128435,112,152,208,96
27,84,1363982128683,84,1363982128779,96,360,344,248
27,32,1363982128795,32,1363982128924,129,112,145,16
27,32,1363982129108,32,1363982129180,72,313,256,184
27,8,1363982129628,8,1363982129724,96,520,544,448
27,87,1363982130388,87,1363982130516,128,760,792,664
27,65,1363982130500,65,1363982130572,72,112,56,-16
27,83,1363982130684,83,1363982130796,112,184,224,112
27,32,1363982130796,32,1363982130884,88,112,88,0
27,84,1363982131020,84,1363982131116,96,224,232,136
27,72,1363982131188,72,1363982131364,176,168,248,72
27,69,1363982131764,69,1363982131916,152,576,552,400
27,32,1363982131940,32,1363982132036,96,176,120,24
27,83,1363982132156,83,1363982132268,112,216,232,120
27,80,1363982132652,80,1363982132740,88,496,472,384
27,82,1363982132796,82,1363982132916,120,144,176,56
27,73,1363982132916,73,1363982133060,144,120,144,0
27,78,1363982133060,78,1363982133156,96,144,96,0
27,71,1363982133156,71,1363982133260,104,96,104,0
27,32,1363982133388,32,1363982133468,80,232,208,128
27,79,1363982133540,79,1363982133644,104,152,176,72
27,70,1363982133724,70,1363982133827,103,184,183,80
27,32,1363982133844,32,1363982133924,80,120,97,17
27,76,1363982134052,76,1363982134196,144,208,272,128
27,79,1363982134427,79,1363982134523,96,375,327,231
27,86,1363982134627,86,1363982134747,120,200,224,104
27,69,1363982134803,69,1363982134939,136,176,192,56
27,8,1363982136531,8,1363982136619,88,1728,1680,1592
27,8,1363982136739,8,1363982136803,64,208,184,120
27,8,1363982136915,8,1363982137019,104,176,216,112
27,8,1363982137219,8,1363982137307,88,304,288,200
27,79,1363982138123,79,1363982138195,72,904,888,816
27,72,1363982138243,72,1363982138291,48,120,96,48
27,8,1363982138571,8,1363982138675,104,328,384,280
27,8,1363982138851,8,1363982138947,96,280,272,176
27,72,1363982139467,72,1363982139619,152,616,672,520
27,79,1363982139571,79,1363982139683,112,104,64,-48
27,80,1363982139819,80,1363982139907,88,248,224,136
27,69,1363982139995,69,1363982140131,136,176,224,88
27,188,1363982140571,188,1363982140675,104,576,544,440
27,32,1363982140755,32,1363982140819,64,184,144,80
27,73,1363982140923,73,1363982141051,128,168,232,104
27,84,1363982141723,84,1363982141827,104,800,776,672
27,32,1363982141883,32,1363982141979,96,160,152,56
27,87,1363982142083,87,1363982142219,136,200,240,104
27,65,1363982142219,65,1363982142307,88,136,88,0
27,32,1363982142507,32,1363982142595,88,288,288,200
27,8,1363982143611,8,1363982143723,112,1104,1128,1016
27,83,1363982143811,83,1363982143891,80,200,168,88
27,32,1363982143907,32,1363982143987,80,96,96,16
27,84,1363982144067,84,1363982144163,96,160,176,80
27,72,1363982144179,72,1363982144275,96,112,112,16
27,69,1363982144339,69,1363982144427,88,160,152,64
27,32,1363982144483,32,1363982144579,96,144,152,56
27,87,1363982148212,87,1363982148316,104,3729,3737,3633
27,73,1363982148580,73,1363982148684,104,368,368,264
27,78,1363982148780,78,1363982148884,104,200,200,96
27,84,1363982149452,84,1363982149540,88,672,656,568
27,69,1363982149644,69,1363982149724,80,192,184,104
27,82,1363982149700,82,1363982149788,88,56,64,-24
27,32,1363982149884,32,1363982149996,112,184,208,96
27,79,1363982150164,79,1363982150308,144,280,312,168
27,70,1363982150428,70,1363982150515,87,264,207,120
27,32,1363982150644,32,1363982150756,112,216,241,129
27,68,1363982152108,68,1363982152195,87,1464,1439,1352
27,69,1363982152284,69,1363982152363,79,176,168,89
27,83,1363982152435,83,1363982152515,80,151,152,72
27,80,1363982152755,80,1363982152900,145,320,385,240
27,65,1363982152955,65,1363982153067,112,200,167,55
27,73,1363982153459,73,1363982153571,112,504,504,392
27,82,1363982153619,82,1363982153731,112,160,160,48
27,188,1363982153907,188,1363982154051,144,288,320,176
27,32,1363982155115,32,1363982155213,98,1208,1162,1064
27,87,1363982155371,87,1363982155492,121,256,279,158
27,69,1363982155492,69,1363982155595,103,121,103,0
27,32,1363982155595,32,1363982155643,48,103,48,0
27,72,1363982155747,72,1363982155875,128,152,232,104
27,65,1363982155900,65,1363982155972,72,153,97,25
27,68,1363982156107,68,1363982156227,120,207,255,135
27,32,1363982156267,32,1363982156355,88,160,128,40
27,87,1363982156651,87,1363982156795,144,384,440,296
27,86,1363982157139,86,1363982157227,88,488,432,344
27,69,1363982157395,69,1363982157499,104,256,272,168
27,82,1363982157619,82,1363982157731,112,224,232,120
27,89,1363982157859,89,1363982157947,88,240,216,128
27,84,1363982158003,84,1363982158091,88,144,144,56
27,72,1363982158107,72,1363982158171,64,104,80,16
27,73,1363982158147,73,1363982158291,144,40,120,-24
27,78,1363982158292,78,1363982158395,103,145,104,1
27,71,1363982158451,71,1363982158539,88,159,144,56
27,32,1363982159148,32,1363982159235,87,697,696,609
27,66,1363982159851,66,1363982159972,121,703,737,616
27,69,1363982160043,69,1363982160131,88,192,159,71
27,70,1363982160243,70,1363982160355,112,200,224,112
27,79,1363982160395,79,1363982160523,128,152,168,40
27,82,1363982160579,82,1363982160699,120,184,176,56
27,69,1363982160659,69,1363982160779,120,80,80,-40
27,32,1363982160779,32,1363982160851,72,120,72,0
27,85,1363982160979,85,1363982161091,112,200,240,128
27,83,1363982161139,83,1363982161227,88,160,136,48
27,188,1363982161307,188,1363982161427,120,168,200,80
27,32,1363982161491,32,1363982161555,64,184,128,64
27,87,1363982161667,87,1363982161787,120,176,232,112
27,69,1363982161787,69,1363982161891,104,120,104,0
27,8,1363982164820,8,1363982164932,112,3033,3041,2929
27,69,1363982165268,69,1363982165372,104,448,440,336
27,32,1363982167700,32,1363982167796,96,2432,2424,2328
27,72,1363982168132,72,1363982168236,104,432,440,336
27,65,1363982168260,65,1363982168364,104,128,128,24
27,68,1363982168484,68,1363982168580,96,224,216,120
27,32,1363982168596,32,1363982168676,80,112,96,16
27,78,1363982168859,78,1363982168931,72,263,255,183
27,79,1363982169100,79,1363982169195,95,241,264,169
27,84,1363982169571,84,1363982169683,112,471,488,376
27,72,1363982169723,72,1363982169827,104,152,144,40
27,73,1363982169803,73,1363982169940,137,80,113,-24
27,71,1363982169995,71,1363982170099,104,192,159,55
27,8,1363982170395,8,1363982170507,112,400,408,296
27,78,1363982170691,78,1363982170795,104,296,288,184
27,71,1363982170867,71,1363982170947,80,176,152,72
27,32,1363982171971,32,1363982172083,112,1104,1136,1024
27,66,1363982172459,66,1363982172587,128,488,504,376
27,69,1363982172588,69,1363982172692,104,129,105,1
27,70,1363982172827,70,1363982172931,104,239,239,135
27,79,1363982172947,79,1363982173076,129,120,145,16
27,82,1363982173124,82,1363982173259,135,177,183,48
27,69,1363982173188,69,1363982173347,159,64,88,-71
27,32,1363982173347,32,1363982173420,73,159,73,0
27,85,1363982173572,85,1363982173699,127,225,279,152
27,83,1363982173747,83,1363982173859,112,175,160,48
27,188,1363982174563,188,1363982174659,96,816,800,704
27,32,1363982174747,32,1363982174851,104,184,192,88
27,87,1363982174963,87,1363982175091,128,216,240,112
27,69,1363982175051,69,1363982175179,128,88,88,-40
27,32,1363982175179,32,1363982175259,80,128,80,0
27,87,1363982175395,87,1363982175523,128,216,264,136
27,69,1363982175787,69,1363982175883,96,392,360,264
27,82,1363982176011,82,1363982176107,96,224,224,128
27,69,1363982176067,69,1363982176187,120,56,80,-40
27,32,1363982176203,32,1363982176307,104,136,120,16
27,65,1363982176403,65,1363982176523,120,200,216,96
27,76,1363982176523,76,1363982176603,80,120,80,0
27,76,1363982176691,76,1363982176771,80,168,168,88
27,32,1363982176843,32,1363982176923,80,152,152,72
27,71,1363982177435,71,1363982177539,104,592,616,512
27,79,1363982177627,79,1363982177699,72,192,160,88
27,73,1363982177835,73,1363982177971,136,208,272,136
27,78,1363982177995,78,1363982178115,120,160,144,24
27,71,1363982178219,71,1363982178331,112,224,216,104
27,32,1363982179107,32,1363982179211,104,888,880,776
27,70,1363982179515,70,1363982179611,96,408,400,304
27,73,1363982179651,73,1363982179771,120,136,160,40
27,82,1363982179859,82,1363982179979,120,208,208,88
27,69,1363982179931,69,1363982180043,112,72,64,-48
27,8,1363982180475,8,1363982180563,88,544,520,432
27,8,1363982180659,8,1363982180755,96,184,192,96
27,8,1363982180955,8,1363982181075,120,296,320,200
27,8,1363982181171,8,1363982181251,80,216,176,96
27,68,1363982181756,68,1363982181860,104,585,609,505
27,73,1363982181996,73,1363982182116,120,240,256,136
27,82,1363982182148,82,1363982182260,112,152,144,32
27,69,1363982182188,69,1363982182324,136,40,64,-72
27,67,1363982182524,67,1363982182636,112,336,312,200
27,84,1363982182804,84,1363982182940,136,280,304,168
27,32,1363982185892,32,1363982186020,128,3088,3080,2952
27,84,1363982186252,84,1363982186348,96,360,328,232
27,79,1363982186348,79,1363982186476,128,96,128,0
27,32,1363982186476,32,1363982186547,71,128,71,0
27,16,1363982186692,16,1363982186883,191,216,336,145
27,72,1363982186836,72,1363982186923,87,144,40,-47
27,69,1363982187051,69,1363982187204,153,215,281,128
27,65,1363982187204,65,1363982187347,143,153,143,0
27,86,1363982187515,86,1363982187595,80,311,248,168
27,69,1363982187699,69,1363982187827,128,184,232,104
27,78,1363982187795,78,1363982187883,88,96,56,-32
27,188,1363982188131,188,1363982188267,136,336,384,248
27,32,1363982188947,32,1363982189035,88,816,768,680
27,87,1363982189140,87,1363982189259,119,193,224,105
27,69,1363982189227,69,1363982189347,120,87,88,-32
27,32,1363982189379,32,1363982189467,88,152,120,32
27,87,1363982189747,87,1363982189875,128,368,408,280
27,69,1363982189955,69,1363982190075,120,208,200,80
27,82,1363982190219,82,1363982190315,96,264,240,144
27,69,1363982190283,69,1363982190411,128,64,96,-32
27,32,1363982190435,32,1363982190515,80,152,104,24
27,65,1363982190611,65,1363982190732,121,176,217,96
27,76,1363982190771,76,1363982190843,72,160,111,39
27,76,1363982190931,76,1363982191011,80,160,168,88
27,32,1363982191139,32,1363982191195,56,208,184,128
27,71,1363982191387,71,1363982191475,88,248,280,192
27,79,1363982191531,79,1363982191619,88,144,144,56
27,73,1363982191803,73,1363982191915,112,272,296,184
27,78,1363982191963,78,1363982192067,104,160,152,48
27,71,1363982192099,71,1363982192195,96,136,128,32
27,32,1363982192219,32,1363982192307,88,120,112,24
27,68,1363982193043,68,1363982193179,136,824,872,736
27,73,1363982193171,73,1363982193275,104,128,96,-8
27,82,1363982193331,82,1363982193467,136,160,192,56
27,69,1363982193395,69,1363982193539,144,64,72,-72
27,67,1363982193715,67,1363982193827,112,320,288,176
27,84,1363982193939,84,1363982194083,144,224,256,112
27,32,1363982194171,32,1363982194259,88,232,176,88
27,84,1363982194587,84,1363982194699,112,416,440,328
27,72,1363982194700,72,1363982194787,87,113,88,1
27,69,1363982194811,69,1363982194915,104,111,128,24
27,32,1363982194891,32,1363982194971,80,80,56,-24
27,79,1363982195163,79,1363982195267,104,272,296,192
27,84,1363982195315,84,1363982195403,88,152,136,48
27,72,1363982195427,72,1363982195531,104,112,128,24
27,69,1363982195563,69,1363982195731,168,136,200,32
27,82,1363982195667,82,1363982195803,136,104,72,-64
27,32,1363982195843,32,1363982195947,104,176,144,40
27,87,1363982196651,87,1363982196883,232,808,936,704
27,65,1363982196811,65,1363982196995,184,160,112,-72
27,89,1363982197011,89,1363982197131,120,200,136,16
27,190,1363982198011,190,1363982198091,80,1000,960,880
27,87,1365171806702,87,1365171806814,112,184,72,-40
27,72,1365171806942,72,1365171807046,104,240,232,128
27,69,1365171807102,69,1365171807198,96,160,152,56
27,78,1365171807806,78,1365171807974,168,704,776,608
27,69,1365171808102,69,1365171808238,136,296,264,128
27,86,1365171808406,86,1365171808494,88,304,256,168
27,69,1365171808590,69,1365171808670,80,184,176,96
27,82,1365171808670,82,1365171808806,136,80,136,0
27,32,1365171809046,32,1365171809190,144,376,384,240
27,83,1365171809494,83,1365171809670,176,448,480,304
27,65,1365171809670,65,1365171809808,138,176,138,0
27,77,1365171809958,77,1365171810078,120,288,270,150
27,71,1365171810230,71,1365171810382,152,272,304,152
27,8,1365171810718,8,1365171810829,111,488,447,336
27,8,1365171810926,8,1365171811054,128,208,225,97
27,78,1365171811654,78,1365171811805,151,728,751,600
27,71,1365171811846,71,1365171811966,120,192,161,41
27,32,1365171811982,32,1365171812109,127,136,143,16
27,89,1365171812558,89,1365171812653,95,576,544,449
27,8,1365171812941,8,1365171813061,120,383,408,288
27,77,1365171813221,77,1365171813301,80,280,240,160
27,89,1365171813454,89,1365171813550,96,233,249,153
27,32,1365171813646,32,1365171813749,103,192,199,96
27,83,1365171813830,83,1365171813941,111,184,192,81
27,79,1365171813918,79,1365171814022,104,88,81,-23
27,78,1365171814094,78,1365171814221,127,176,199,72
27,71,1365171814461,71,1365171814590,129,367,369,240
27,83,1365171814718,83,1365171814829,111,257,239,128
27,32,1365171816021,32,1365171816141,120,1303,1312,1192
27,79,1365171816349,79,1365171816485,136,328,344,208
27,78,1365171816613,78,1365171816709,96,264,224,128
27,32,1365171816757,32,1365171816861,104,144,152,48
27,84,1365171816981,84,1365171817086,105,224,225,120
27,72,1365171817141,72,1365171817253,112,160,167,55
27,69,1365171817253,69,1365171817357,104,112,104,0
27,32,1365171817469,32,1365171817589,120,216,232,112
27,83,1365171817701,83,1365171817797,96,232,208,112
27,84,1365171817989,84,1365171818101,112,288,304,192
27,65,1365171818197,65,1365171818333,136,208,232,96
27,71,1365171818429,71,1365171818477,48,232,144,96
27,69,1365171818477,69,1365171818605,128,48,128,0
27,32,1365171818725,32,1365171818845,120,248,240,120
27,79,1365171819197,79,1365171819319,122,472,474,352
27,78,1365171819477,78,1365171819549,72,280,230,158
27,32,1365171819805,32,1365171819886,81,328,337,256
27,77,1365171820005,77,1365171820109,104,200,223,119
27,89,1365171820365,89,1365171820461,96,360,352,256
27,32,1365171820589,32,1365171820653,64,224,192,128
27,79,1365171820773,79,1365171820877,104,184,224,120
27,87,1365171821390,87,1365171821510,120,617,633,513
27,78,1365171821550,78,1365171821654,104,160,144,40
27,32,1365171821782,32,1365171821886,104,232,232,128
27,16,1365171822870,16,1365171823046,176,1088,1160,984
27,87,1365171823014,87,1365171823126,112,144,80,-32
27,72,1365171823214,72,1365171823334,120,200,208,88
27,69,1365171823430,69,1365171823542,112,216,208,96
27,78,1365171823926,78,1365171824024,98,496,482,384
27,69,1365171824374,69,1365171824494,120,448,470,350
27,86,1365171824702,86,1365171824822,120,328,328,208
27,69,1365171824958,69,1365171825086,128,256,264,136
27,82,1365171825550,82,1365171825702,152,592,616,464
27,32,1365171826286,32,1365171826454,168,736,752,584
27,83,1365171827702,83,1365171827838,136,1416,1384,1248
27,73,1365171828046,73,1365171828110,64,344,272,208
27,65,1365171828111,65,1365171828238,127,65,128,1
27,8,1365171828534,8,1365171828638,104,423,400,296
27,8,1365171828766,8,1365171828886,120,232,248,128
27,65,1365171829406,65,1365171829526,120,640,640,520
27,73,1365171829606,73,1365171829661,55,200,135,80
27,68,1365171829686,68,1365171829789,103,80,128,25
27,32,1365171829878,32,1365171829949,71,192,160,89
27,77,1365171830141,77,1365171830230,89,263,281,192
27,89,1365171830493,89,1365171830582,89,352,352,263
27,32,1365171830702,32,1365171830789,87,209,207,120
27,87,1365171830965,87,1365171831149,184,263,360,176
27,79,1365171831229,79,1365171831309,80,264,160,80
27,69,1365171831669,69,1365171831749,80,440,440,360
27,83,1365171831998,83,1365171832125,127,329,376,249
27,8,1365171832342,8,1365171832413,71,344,288,217
27,8,1365171832525,8,1365171832598,73,183,185,112
27,82,1365171832997,82,1365171833101,104,472,503,399
27,83,1365171833293,83,1365171833413,120,296,312,192
27,8,1365171833933,8,1365171834029,96,640,616,520
27,68,1365171834030,68,1365171834109,79,97,80,1
27,83,1365171834213,83,1365171834373,160,183,264,104
27,32,1365171834917,32,1365171835029,112,704,656,544
27,87,1365171835941,87,1365171836085,144,1024,1056,912
27,73,1365171836157,73,1365171836253,96,216,168,72
27,83,1365171836309,83,1365171836461,152,152,208,56
27,72,1365171836429,72,1365171836493,64,120,32,-32
27,73,1365171836685,73,1365171836765,80,256,272,192
27,78,1365171836861,78,1365171836973,112,176,208,96
27,71,1365171837053,71,1365171837157,104,192,184,80
27,32,1365171837397,32,1365171837517,120,344,360,240
27,84,1365171837565,84,1365171837693,128,168,176,48
27,72,1365171837773,72,1365171837861,88,208,168,80
27,69,1365171837877,69,1365171838045,168,104,184,16
27,89,1365171838046,89,1365171838157,111,169,112,1
27,32,1365171838774,32,1365171838926,152,728,769,617
27,87,1365171839734,87,1365171839862,128,960,936,808
27,79,1365171839910,79,1365171840113,203,176,251,48
27,76,1365171840254,76,1365171840342,88,344,229,141
27,8,1365171840670,8,1365171840798,128,416,456,328
27,79,1365171841662,79,1365171841750,88,992,952,864
27,8,1365171842358,8,1365171842486,128,696,736,608
27,85,1365171843078,85,1365171843150,72,720,664,592
27,76,1365171843526,76,1365171843630,104,448,480,376
27,68,1365171843670,68,1365171843798,128,144,168,40
27,32,1365171843814,32,1365171843894,80,144,96,16
27,66,1365171843998,66,1365171844102,104,184,208,104
27,69,1365171844102,69,1365171844214,112,104,112,0
27,32,1365171844238,32,1365171844334,96,136,120,24
27,72,1365171844542,72,1365171844638,96,304,304,208
27,69,1365171844686,69,1365171844846,160,144,208,48
27,65,1365171844814,65,1365171844974,160,128,128,-32
27,82,1365171845030,82,1365171845134,104,216,160,56
27,68,1365171845326,68,1365171845438,112,296,304,192
27,32,1365171846941,32,1365171847046,105,1615,1608,1503
27,16,1365171847222,16,1365171847422,200,281,376,176
27,73,1365171847366,73,1365171847422,56,144,0,-56
27,32,1365171847462,32,1365171847550,88,96,128,40
27,83,1365171847630,83,1365171847749,119,168,199,80
27,65,1365171847766,65,1365171847901,135,136,152,17
27,87,1365171848022,87,1365171848149,127,256,248,121
27,32,1365171848166,32,1365171848262,96,144,113,17
27,85,1365171850261,85,1365171850357,96,2095,2095,1999
27,32,1365171850429,32,1365171850509,80,168,152,72
27,83,1365171850629,83,1365171850757,128,200,248,120
27,77,1365171850789,77,1365171850861,72,160,104,32
27,73,1365171850958,73,1365171851038,80,169,177,97
27,76,1365171851182,76,1365171851342,160,224,304,144
27,73,1365171851293,73,1365171851485,192,111,143,-49
27,78,1365171851597,78,1365171851709,112,304,224,112
27,71,1365171851877,71,1365171851997,120,280,288,168
27,32,1365171852293,32,1365171852389,96,416,392,296
27,65,1365171852445,65,1365171852565,120,152,176,56
27,84,1365171852694,84,1365171852822,128,249,257,129
27,32,1365171853005,32,1365171853117,112,311,295,183
27,77,1365171853301,77,1365171853429,128,296,312,184
27,69,1365171853517,69,1365171853637,120,216,208,88
27,32,1365171853893,32,1365171854013,120,376,376,256
27,87,1365171854397,87,1365171854533,136,504,520,384
27,65,1365171854597,65,1365171854709,112,200,176,64
27,83,1365171854829,83,1365171854941,112,232,232,120
27,32,1365171854997,32,1365171855077,80,168,136,56
27,73,1365171855165,73,1365171855269,104,168,192,88
27,70,1365171855589,70,1365171855733,144,424,464,320
27,32,1365171855982,32,1365171856102,120,393,369,249
27,82,1365171856478,82,1365171856678,200,496,576,376
27,69,1365171856582,69,1365171856758,176,104,80,-96
27,65,1365171856806,65,1365171856966,160,224,208,48
27,76,1365171857006,76,1365171857126,120,200,160,40
27,32,1365171857182,32,1365171857262,80,176,136,56
27,79,1365171857430,79,1365171857566,136,248,304,168
27,82,1365171857630,82,1365171857766,136,200,200,64
27,32,1365171857934,32,1365171858030,96,304,264,168
27,74,1365171858206,74,1365171858302,96,272,272,176
27,85,1365171858446,85,1365171858550,104,240,248,144
27,83,1365171858614,83,1365171858726,112,168,176,64
27,84,1365171858846,84,1365171858990,144,232,264,120
27,32,1365171859046,32,1365171859134,88,200,144,56
27,77,1365171859302,77,1365171859342,40,256,208,168
27,89,1365171859758,89,1365171859838,80,456,496,416
27,32,1365171860670,32,1365171860790,120,912,952,832
27,70,1365171861134,70,1365171861278,144,464,488,344
27,65,1365171861238,65,1365171861398,160,104,120,-40
27,78,1365171861494,78,1365171861566,72,256,168,96
27,84,1365171861710,84,1365171861782,72,216,216,144
27,65,1365171861878,65,1365171861974,96,168,192,96
27,83,1365171862094,83,1365171862206,112,216,232,120
27,89,1365171862294,89,1365171862430,136,200,224,88
27,32,1365171862854,32,1365171862998,144,560,568,424
27,85,1365171865517,85,1365171865623,106,2663,2625,2519
27,222,1365171866101,222,1365171866198,97,584,575,478
27,68,1365171866405,68,1365171866525,120,304,327,207
27,32,1365171866549,32,1365171866677,128,144,152,24
27,65,1365171867293,65,1365171867421,128,744,744,616
27,76,1365171867453,76,1365171867597,144,160,176,32
27,87,1365171867701,87,1365171867829,128,248,232,104
27,65,1365171867797,65,1365171867909,112,96,80,-32
27,89,1365171867965,89,1365171868053,88,168,144,56
27,83,1365171868141,83,1365171868277,136,176,224,88
27,32,1365171868349,32,1365171868453,104,208,176,72
27,66,1365171868701,66,1365171868821,120,352,368,248
27,69,1365171868853,69,1365171868957,104,152,136,32
27,32,1365171869029,32,1365171869149,120,176,192,72
27,84,1365171869453,84,1365171869557,104,424,408,304
27,72,1365171869613,72,1365171869717,104,160,160,56
27,69,1365171869757,69,1365171869893,136,144,176,40
27,82,1365171869893,82,1365171870053,160,136,160,0
27,69,1365171870053,69,1365171870165,112,160,112,0
27,32,1365171870573,32,1365171870717,144,520,552,408
27,73,1365171870965,73,1365171871110,145,392,393,248
27,78,1365171871173,78,1365171871285,112,208,175,63
27,32,1365171871301,32,1365171871373,72,128,88,16
27,84,1365171871591,84,1365171871709,118,290,336,218
27,72,1365171871749,72,1365171871861,112,158,152,40
27,69,1365171871862,69,1365171871973,111,113,112,1
27,32,1365171871973,32,1365171872077,104,111,104,0
27,67,1365171872421,67,1365171872573,152,448,496,344
27,79,1365171872613,79,1365171872765,152,192,192,40
27,82,1365171872773,82,1365171872877,104,160,112,8
27,78,1365171872981,78,1365171873093,112,208,216,104
27,69,1365171873165,69,1365171873317,152,184,224,72
27,82,1365171873261,82,1365171873422,161,96,105,-56
27,32,1365171874470,32,1365171874574,104,1209,1152,1048
27,79,1365171874854,79,1365171875006,152,384,432,280
27,70,1365171875094,70,1365171875190,96,240,184,88
27,32,1365171875246,32,1365171875326,80,152,136,56
27,84,1365171875406,84,1365171875518,112,160,192,80
27,72,1365171875542,72,1365171875694,152,136,176,24
27,73,1365171875662,73,1365171875766,104,120,72,-32
27,83,1365171875734,83,1365171875854,120,72,88,-32
27,32,1365171875926,32,1365171876006,80,192,152,72
27,84,1365171876366,84,1365171876494,128,440,488,360
27,73,1365171876494,73,1365171876606,112,128,112,0
27,78,1365171877470,78,1365171877566,96,976,960,864
27,89,1365171877710,89,1365171877838,128,240,272,144
27,32,1365171878014,32,1365171878134,120,304,296,176
27,76,1365171878750,76,1365171878854,104,736,720,616
27,73,1365171878934,73,1365171879062,128,184,208,80
27,84,1365171879278,84,1365171879350,72,344,288,216
27,84,1365171879446,84,1365171879558,112,168,208,96
27,76,1365171879638,76,1365171879774,136,192,216,80
27,69,1365171879798,69,1365171879926,128,160,152,24
27,32,1365171880126,32,1365171880198,72,328,272,200
27,66,1365171880342,66,1365171880462,120,216,264,144
27,65,1365171880486,65,1365171880630,144,144,168,24
27,82,1365171880774,82,1365171880917,143,288,287,144
27,32,1365171881942,32,1365171882070,128,1168,1153,1025
27,77,1365171883062,77,1365171883174,112,1120,1104,992
27,89,1365171883653,89,1365171883741,88,591,567,479
27,32,1365171883821,32,1365171883894,73,168,153,80
27,76,1365171883997,76,1365171884109,112,176,215,103
27,65,1365171884165,65,1365171884221,56,168,112,56
27,83,1365171884318,83,1365171884437,119,153,216,97
27,84,1365171884549,84,1365171884685,136,231,248,112
27,32,1365171884717,32,1365171884821,104,168,136,32
27,78,1365171884973,78,1365171885134,161,256,313,152
27,73,1365171885134,73,1365171885205,71,161,71,0
27,71,1365171885229,71,1365171885341,112,95,136,24
27,72,1365171885341,72,1365171885446,105,112,105,0
27,84,1365171885493,84,1365171885622,129,152,176,47
27,32,1365171885653,32,1365171885749,96,160,127,31
27,72,1365171887061,72,1365171887165,104,1408,1416,1312
27,69,1365171887205,69,1365171887293,88,144,128,40
27,82,1365171887413,82,1365171887517,104,208,224,120
27,69,1365171887469,69,1365171887613,144,56,96,-48
27,32,1365171887613,32,1365171887701,88,144,88,0
27,70,1365171887822,70,1365171887933,111,209,232,121
27,79,1365171887949,79,1365171888061,112,127,128,16
27,82,1365171888085,82,1365171888229,144,136,168,24
27,32,1365171888357,32,1365171888421,64,272,192,128
27,85,1365171888661,85,1365171888757,96,304,336,240
27,32,1365171888989,32,1365171889125,136,328,368,232
27,83,1365171889453,83,1365171889581,128,464,456,328
27,65,1365171889622,65,1365171889733,111,169,152,41
27,77,1365171889789,77,1365171889893,104,167,160,56
27,69,1365171890189,69,1365171890333,144,400,440,296
27,32,1365171890613,32,1365171890701,88,424,368,280
27,79,1365171891718,79,1365171891806,88,1105,1105,1017
27,76,1365171891934,76,1365171891998,64,216,192,128
27,68,1365171892078,68,1365171892190,112,144,192,80
27,32,1365171892190,32,1365171892254,64,112,64,0
27,83,1365171892406,83,1365171892534,128,216,280,152
27,79,1365171892534,79,1365171892638,104,128,104,0
27,78,1365171892710,78,1365171892846,136,176,208,72
27,71,1365171892846,71,1365171892942,96,136,96,0
27,83,1365171893038,83,1365171893158,120,192,216,96
27,32,1365171894462,32,1365171894542,80,1424,1384,1304
27,74,1365171894686,74,1365171894806,120,224,264,144
27,85,1365171894918,85,1365171894990,72,232,184,112
27,83,1365171895102,83,1365171895214,112,184,224,112
27,84,1365171895334,84,1365171895438,104,232,224,120
27,32,1365171895486,32,1365171895534,48,152,96,48
27,79,1365171895638,79,1365171895758,120,152,224,104
27,78,1365171895878,78,1365171895974,96,240,216,120
27,67,1365171896094,67,1365171896206,112,216,232,120
27,69,1365171896342,69,1365171896462,120,248,256,136
27,32,1365171896542,32,1365171896630,88,200,168,80
27,77,1365171896806,77,1365171896926,120,264,296,176
27,79,1365171897054,79,1365171897166,112,248,240,128
27,82,1365171897166,82,1365171897310,144,112,144,0
27,69,1365171897262,69,1365171897422,160,96,112,-48
27,32,1365171897494,32,1365171897582,88,232,160,72
27,77,1365171897742,77,1365171897862,120,248,280,160
27,65,1365171897958,65,1365171898030,72,216,168,96
27,8,1365171898358,8,1365171898486,128,400,456,328
27,89,1365171898654,89,1365171898774,120,296,288,168
27,32,1365171898870,32,1365171898950,80,216,176,96
27,76,1365171899054,76,1365171899166,112,184,216,104
27,65,1365171899190,65,1365171899286,96,136,120,24
27,83,1365171899341,83,1365171899445,104,151,159,55
27,84,1365171899662,84,1365171899765,103,321,320,217
27,32,1365171899966,32,1365171900070,104,304,305,201
27,78,1365171900422,78,1365171900525,103,456,455,352
27,73,1365171900629,73,1365171900701,72,207,176,104
27,71,1365171900725,71,1365171900829,104,96,128,24
27,72,1365171900885,72,1365171900981,96,160,152,56
27,84,1365171901125,84,1365171901205,80,240,224,144
27,32,1365171901334,32,1365171901429,95,209,224,129
27,72,1365171901629,72,1365171901741,112,295,312,200
27,69,1365171901797,69,1365171901957,160,168,216,56
27,82,1365171902773,82,1365171902909,136,976,952,816
27,69,1365171902861,69,1365171903005,144,88,96,-48
27,32,1365171903006,32,1365171903085,79,145,80,1
27,87,1365171903277,87,1365171903493,216,271,408,192
27,73,1365171903485,73,1365171903597,112,208,104,-8
27,84,1365171903669,84,1365171903781,112,184,184,72
27,72,1365171903813,72,1365171903917,104,144,136,32
27,32,1365171904021,32,1365171904125,104,208,208,104
27,85,1365171904365,85,1365171904461,96,344,336,240
27,32,1365171904909,32,1365171905037,128,544,576,448
27,77,1365171905813,77,1365171905925,112,904,888,776
27,65,1365171906141,65,1365171906269,128,328,344,216
27,89,1365171906581,89,1365171906669,88,440,400,312
27,66,1365171906805,66,1365171906909,104,224,240,136
27,69,1365171906925,69,1365171907054,129,120,145,16
27,32,1365171907054,32,1365171907109,55,129,55,0
27,69,1365171907429,69,1365171907541,112,375,432,320
27,8,1365171907821,8,1365171907917,96,392,376,280
27,89,1365171908085,89,1365171908213,128,264,296,168
27,69,1365171908253,69,1365171908350,97,168,137,40
27,83,1365171908462,83,1365171908606,144,209,256,112
27,32,1365171908646,32,1365171908774,128,184,168,40
27,77,1365171909118,77,1365171909238,120,472,464,344
27,65,1365171909310,65,1365171909430,120,192,192,72
27,89,1365171909710,89,1365171909782,72,400,352,280
27,66,1365171909982,66,1365171910078,96,272,296,200
27,69,1365171910126,69,1365171910270,144,144,192,48
27,32,1365171910271,32,1365171910326,55,145,56,1
27,78,1365171910454,78,1365171910542,88,183,216,128
27,79,1365171910670,79,1365171910798,128,216,256,128
27,32,1365171915902,32,1365171916054,152,5232,5256,5104
27,16,1365171916446,16,1365171916678,232,544,624,392
27,73,1365171916646,73,1365171916757,111,200,79,-32
27,32,1365171916749,32,1365171916805,56,103,48,-8
27,75,1365171917237,75,1365171917325,88,488,520,432
27,73,1365171917462,73,1365171917542,80,225,217,137
27,78,1365171917646,78,1365171917725,79,184,183,104
27,68,1365171917950,68,1365171918069,119,304,344,225
27,32,1365171919062,32,1365171919141,79,1112,1072,993
27,79,1365171919469,79,1365171919605,136,407,464,328
27,70,1365171919717,70,1365171919830,113,248,225,112
27,32,1365171919854,32,1365171919933,79,137,103,24
27,76,1365171920173,76,1365171920358,185,319,425,240
27,73,1365171920310,73,1365171920429,119,137,71,-48
27,75,1365171920525,75,1365171920605,80,215,176,96
27,69,1365171920661,69,1365171920789,128,136,184,56
27,32,1365171920813,32,1365171920909,96,152,120,24
27,73,1365171921005,73,1365171921149,144,192,240,96
27,84,1365171921269,84,1365171921422,153,264,273,120
27,32,1365171921533,32,1365171921622,89,264,200,111
27,85,1365171922037,85,1365171922118,81,504,496,415
27,84,1365171922358,84,1365171922469,111,321,351,240
27,32,1365171922509,32,1365171922613,104,151,144,40
27,87,1365171922773,87,1365171922997,224,264,384,160
27,65,1365171922941,65,1365171923077,136,168,80,-56
27,89,1365171923141,89,1365171923245,104,200,168,64
27,8,1365171923917,8,1365171924021,104,776,776,672
27,8,1365171924125,8,1365171924197,72,208,176,104
27,8,1365171924277,8,1365171924349,72,152,152,80
27,8,1365171924437,8,1365171924493,56,160,144,88
27,8,1365171924573,8,1365171924653,80,136,160,80
27,82,1365171925189,82,1365171925301,112,616,648,536
27,32,1365171925341,32,1365171925445,104,152,144,40
27,87,1365171925549,87,1365171925749,200,208,304,104
27,65,1365171925701,65,1365171925846,145,152,97,-48
27,89,1365171925822,89,1365171925926,104,121,80,-24
27,32,1365171927102,32,1365171927206,104,1280,1280,1176
27,72,1365171927478,72,1365171927598,120,376,392,272
27,79,1365171927702,79,1365171927806,104,224,208,104
27,87,1365171927942,87,1365171928062,120,240,256,136
27,32,1365171928063,32,1365171928134,71,121,72,1
27,85,1365171928310,85,1365171928390,80,247,256,176
27,32,1365171928478,32,1365171928542,64,168,152,88
27,83,1365171928742,83,1365171928886,144,264,344,200
27,72,1365171928966,72,1365171929102,136,224,216,80
27,89,1365171929638,89,1365171929742,104,672,640,536
27,76,1365171929854,76,1365171929950,96,216,208,112
27,89,1365171930414,89,1365171930534,120,560,584,464
27,32,1365171932822,32,1365171932974,152,2408,2440,2288
27,80,1365171934086,80,1365171934166,80,1264,1192,1112
27,76,1365171934294,76,1365171934374,80,208,208,128
27,65,1365171934446,65,1365171934542,96,152,168,72
27,67,1365171934710,67,1365171934798,88,264,256,168
27,69,1365171934902,69,1365171934990,88,192,192,104
27,68,1365171935094,68,1365171935181,87,192,191,104
27,32,1365171935206,32,1365171935293,87,112,112,25
27,85,1365171935446,85,1365171935558,112,240,265,153
27,82,1365171935997,82,1365171936101,104,551,543,439
27,32,1365171936165,32,1365171936253,88,168,152,64
27,69,1365171936949,69,1365171937085,136,784,832,696
27,89,1365171937125,89,1365171937229,104,176,144,40
27,83,1365171937230,83,1365171937357,127,105,128,1
27,69,1365171937854,69,1365171937997,143,624,640,497
27,32,1365171938157,32,1365171938222,65,303,225,160
27,8,1365171939086,8,1365171939189,103,929,967,864
27,8,1365171939277,8,1365171939373,96,191,184,88
27,8,1365171939461,8,1365171939549,88,184,176,88
27,69,1365171940270,69,1365171940375,105,809,826,721
27,83,1365171940462,83,1365171940581,119,192,206,87
27,32,1365171940637,32,1365171940701,64,175,120,56
27,79,1365171940805,79,1365171940917,112,168,216,104
27,78,1365171941021,78,1365171941101,80,216,184,104
27,32,1365171941141,32,1365171941189,48,120,88,40
27,77,1365171941269,77,1365171941389,120,128,200,80
27,69,1365171941445,69,1365171941549,104,176,160,56
27,32,1365171943774,32,1365171943926,152,2329,2377,2225
27,79,1365171944398,79,1365171944518,120,624,592,472
27,72,1365171944870,72,1365171944926,56,472,408,352
27,32,1365171945014,32,1365171945118,104,144,192,88
27,68,1365171945390,68,1365171945526,136,376,408,272
27,73,1365171945590,73,1365171945710,120,200,184,64
27,68,1365171945750,68,1365171945870,120,160,160,40
27,32,1365171945942,32,1365171946038,96,192,168,72
27,85,1365171947094,85,1365171947174,80,1152,1136,1056
27,32,1365171947238,32,1365171947318,80,144,144,64
27,69,1365171948134,69,1365171948334,200,896,1016,816
27,86,1365171948534,86,1365171948622,88,400,288,200
27,69,1365171948774,69,1365171948902,128,240,280,152
27,82,1365171948942,82,1365171949094,152,168,192,40
27,32,1365171949326,32,1365171949430,104,384,336,232
27,75,1365171950102,75,1365171950198,96,776,768,672
27,78,1365171950358,78,1365171950422,64,256,224,160
27,79,1365171950542,79,1365171950646,104,184,224,120
27,87,1365171950702,87,1365171950862,160,160,216,56
27,32,1365171950902,32,1365171950990,88,200,128,40
27,84,1365171951238,84,1365171951349,111,336,359,248
27,72,1365171951374,72,1365171951477,103,136,128,25
27,65,1365171951485,65,1365171951582,97,111,105,8
27,84,1365171951694,84,1365171951805,111,209,223,112
27,32,1365171951821,32,1365171951886,65,127,81,16
27,16,1365171952038,16,1365171952230,192,217,344,152
27,73,1365171952166,73,1365171952278,112,128,48,-64
27,32,1365171952294,32,1365171952350,56,128,72,16
27,72,1365171952446,72,1365171952558,112,152,208,96
27,65,1365171952710,65,1365171952830,120,264,272,152
27,86,1365171952998,86,1365171953054,56,288,224,168
27,69,1365171953102,69,1365171953181,79,104,127,48
27,8,1365171953693,8,1365171953773,80,591,592,512
27,8,1365171953894,8,1365171953982,88,201,209,121
27,68,1365171954038,68,1365171954149,111,144,167,56
27,32,1365171954245,32,1365171954349,104,207,200,96
27,77,1365171954909,77,1365171954997,88,664,648,560
27,73,1365171955086,73,1365171955173,87,177,176,89
27,78,1365171955213,78,1365171955317,104,127,144,40
27,32,1365171955373,32,1365171955453,80,160,136,56
27,79,1365171955918,79,1365171956029,111,545,576,465
27,78,1365171956237,78,1365171956285,48,319,256,208
27,32,1365171956365,32,1365171956445,80,128,160,80
27,85,1365171956773,85,1365171956893,120,408,448,328
27,8,1365171957733,8,1365171957821,88,960,928,840
27,8,1365171957901,8,1365171957989,88,168,168,80
27,8,1365171958061,8,1365171958141,80,160,152,72
27,8,1365171958221,8,1365171958357,136,160,216,80
27,8,1365171958453,8,1365171958581,128,232,224,96
27,69,1365171959093,69,1365171959197,104,640,616,512
27,32,1365171959237,32,1365171959325,88,144,128,40
27,79,1365171959429,79,1365171959557,128,192,232,104
27,78,1365171959645,78,1365171959773,128,216,216,88
27,32,1365171959765,32,1365171959869,104,120,96,-8
27,85,1365171960221,85,1365171960317,96,456,448,352
27,32,1365171960397,32,1365171960485,88,176,168,80
28,73,1363368865588,73,1363368865650,62,74,0,-62
28,84,1363368865770,84,1363368865890,120,182,240,120
28,32,1363368866002,32,1363368866074,72,232,184,112
28,87,1363368866138,87,1363368866218,80,136,144,64
28,65,1363368866298,65,1363368866434,136,160,216,80
28,83,1363368866346,83,1363368866564,218,48,130,-88
28,32,1363368866564,32,1363368866634,70,218,70,0
28,84,1363368866698,84,1363368866786,88,134,152,64
28,72,1363368866850,72,1363368866937,87,152,151,64
28,69,1363368866937,69,1363368867042,105,87,105,0
28,32,1363368867010,32,1363368867122,112,73,80,-32
28,66,1363368867394,66,1363368867482,88,384,360,272
28,83,1363368867578,83,1363368867746,168,184,264,96
28,8,1363368868010,8,1363368868066,56,432,320,264
28,69,1363368868122,69,1363368868180,58,112,114,56
28,83,1363368868263,83,1363368868354,91,141,174,83
28,84,1363368868402,84,1363368868522,120,139,168,48
28,32,1363368868554,32,1363368868658,104,152,136,32
28,79,1363368869148,79,1363368869210,62,594,552,490
28,70,1363368869266,70,1363368869362,96,118,152,56
28,32,1363368869328,32,1363368869423,95,62,61,-34
28,84,1363368870362,84,1363368870442,80,1034,1019,939
28,73,1363368870482,73,1363368870546,64,120,104,40
28,83,1363368870770,83,1363368870890,120,288,344,224
28,190,1363368870970,190,1363368871050,80,200,160,80
28,32,1363368871578,32,1363368871658,80,608,608,528
28,73,1363368871914,73,1363368871994,80,336,336,256
28,84,1363368872042,84,1363368872122,80,128,128,48
28,32,1363368872362,32,1363368872498,136,320,376,240
28,87,1363368872818,87,1363368872890,72,456,392,320
28,65,1363368872970,65,1363368873106,136,152,216,80
28,83,1363368873026,83,1363368873210,184,56,104,-80
28,32,1363368873162,32,1363368873242,80,136,32,-48
28,84,1363368873370,84,1363368873442,72,208,200,128
28,72,1363368873490,72,1363368873572,82,120,130,48
28,69,1363368873572,69,1363368873674,102,82,102,0
28,32,1363368873634,32,1363368873730,96,62,56,-40
28,87,1363368873827,87,1363368873921,94,193,191,97
28,79,1363368874066,79,1363368874138,72,239,217,145
28,82,1363368874234,82,1363368874322,88,168,184,96
28,83,1363368874426,83,1363368874506,80,192,184,104
28,82,1363368874602,82,1363368874666,64,176,160,96
28,84,1363368874690,84,1363368874801,111,88,135,24
28,32,1363368874882,32,1363368874954,72,192,153,81
28,79,1363368875130,79,1363368875198,68,248,244,176
28,70,1363368875249,70,1363368875322,73,119,124,51
28,32,1363368875289,32,1363368875380,91,40,58,-33
28,84,1363368875498,84,1363368875578,80,209,198,118
28,73,1363368875617,73,1363368875681,64,119,103,39
28,77,1363368875761,77,1363368875850,89,144,169,80
28,69,1363368875898,69,1363368875946,48,137,96,48
28,8,1363368876066,8,1363368876794,728,168,848,120
28,8,1363368876565,8,1363368877049,484,499,255,-229
28,8,1363368876598,8,1363368877244,646,33,195,-451
28,8,1363368876631,8,1363368877956,1325,33,712,-613
28,83,1363368878331,83,1363368878403,72,1700,447,375
28,84,1363368878498,84,1363368878634,136,167,231,95
28,32,1363368878618,32,1363368878706,88,120,72,-16
28,79,1363368879234,79,1363368879299,65,616,593,528
28,70,1363368879346,70,1363368879410,64,112,111,47
28,32,1363368879386,32,1363368879450,64,40,40,-24
28,84,1363368879570,84,1363368879666,96,184,216,120
28,73,1363368879666,73,1363368879730,64,96,64,0
28,77,1363368879810,77,1363368879898,88,144,168,80
28,69,1363368879886,69,1363368879954,68,76,56,-12
28,83,1363368880018,83,1363368880138,120,132,184,64
28,190,1363368880514,190,1363368880578,64,496,440,376
28,32,1363368880818,32,1363368880882,64,304,304,240
28,73,1363368880986,73,1363368881066,80,168,184,104
28,84,1363368881098,84,1363368881194,96,112,128,32
28,32,1363368881922,32,1363368882015,93,824,821,728
28,87,1363368882115,87,1363368882178,63,193,163,100
28,65,1363368882274,65,1363368882457,183,159,279,96
28,83,1363368882314,83,1363368882474,160,40,17,-143
28,32,1363368882457,32,1363368882514,57,143,40,-17
28,84,1363368882594,84,1363368882690,96,137,176,80
28,72,1363368882738,72,1363368882815,77,144,125,48
28,69,1363368882842,69,1363368882954,112,104,139,27
28,32,1363368882922,32,1363368883002,80,80,48,-32
28,65,1363368883098,65,1363368883186,88,176,184,96
28,71,1363368883290,71,1363368883354,64,192,168,104
28,69,1363368883434,69,1363368883546,112,144,192,80
28,32,1363368883514,32,1363368883618,104,80,72,-32
28,79,1363368883874,79,1363368883954,80,360,336,256
28,70,1363368884026,70,1363368884154,128,152,200,72
28,32,1363368884090,32,1363368884202,112,64,48,-64
28,87,1363368884642,87,1363368884731,89,552,529,440
28,73,1363368885202,73,1363368885266,64,560,535,471
28,83,1363368885299,83,1363368885354,55,97,88,33
28,68,1363368885499,68,1363368885570,71,200,216,145
28,79,1363368885626,79,1363368885690,64,127,120,56
28,77,1363368885762,77,1363368885834,72,136,144,72
28,188,1363368886730,188,1363368886794,64,968,960,896
28,32,1363368886898,32,1363368886962,64,168,168,104
28,73,1363368887034,73,1363368887090,56,136,128,72
28,84,1363368887154,84,1363368887294,140,120,204,64
28,32,1363368887250,32,1363368887370,120,96,76,-44
28,87,1363368888242,87,1363368888322,80,992,952,872
28,65,1363368888410,65,1363368888538,128,168,216,88
28,83,1363368888452,83,1363368888635,183,42,97,-86
28,32,1363368888610,32,1363368888690,80,158,55,-25
28,84,1363368888818,84,1363368888894,76,208,204,128
28,72,1363368888938,72,1363368889018,80,120,124,44
28,69,1363368889018,69,1363368889122,104,80,104,0
28,32,1363368889082,32,1363368889170,88,64,48,-40
28,65,1363368889250,65,1363368889338,88,168,168,80
28,71,1363368889386,71,1363368889458,72,136,120,48
28,69,1363368889514,69,1363368889626,112,128,168,56
28,32,1363368889626,32,1363368889696,70,112,70,0
28,79,1363368889826,79,1363368889890,64,200,194,130
28,70,1363368889930,70,1363368890034,104,104,144,40
28,32,1363368890002,32,1363368890090,88,72,56,-32
28,70,1363368890418,70,1363368890530,112,416,440,328
28,79,1363368890618,79,1363368890667,49,200,137,88
28,79,1363368890770,79,1363368890810,40,152,143,103
28,76,1363368890936,76,1363368890986,50,166,176,126
28,73,1363368891410,73,1363368891482,72,474,496,424
28,83,1363368891654,83,1363368891730,76,244,248,172
28,72,1363368891834,72,1363368891930,96,180,200,104
28,78,1363368892114,78,1363368892193,79,280,263,184
28,69,1363368892322,69,1363368892402,80,208,209,129
28,83,1363368892602,83,1363368892665,63,280,263,200
28,83,1363368892754,83,1363368892841,87,152,176,89
28,188,1363368893361,188,1363368893420,59,607,579,520
28,73,1363368893634,73,1363368893690,56,273,270,214
28,8,1363368894009,8,1363368894065,56,375,375,319
28,32,1363368894169,32,1363368894257,88,160,192,104
28,73,1363368894457,73,1363368894522,65,288,265,200
28,84,1363368894834,84,1363368894930,96,377,408,312
28,32,1363368895082,32,1363368895162,80,248,232,152
28,87,1363368895266,87,1363368895338,72,184,176,104
28,65,1363368895418,65,1363368895538,120,152,200,80
28,83,1363368895466,83,1363368895626,160,48,88,-72
28,32,1363368895626,32,1363368895674,48,160,48,0
28,84,1363368895786,84,1363368895866,80,160,192,112
28,72,1363368895898,72,1363368895978,80,112,112,32
28,69,1363368896002,69,1363368896107,105,104,129,24
28,32,1363368896066,32,1363368896155,89,64,48,-41
28,69,1363368896266,69,1363368896346,80,200,191,111
28,80,1363368896602,80,1363368896674,72,336,328,256
28,79,1363368896770,79,1363368896890,120,168,216,96
28,67,1363368897058,67,1363368897114,56,288,224,168
28,72,1363368897186,72,1363368897258,72,128,144,72
28,32,1363368897370,32,1363368897435,65,184,177,112
28,79,1363368897523,79,1363368897594,71,153,159,88
28,70,1363368897642,70,1363368897730,88,119,136,48
28,32,1363368897698,32,1363368897786,88,56,56,-32
28,66,1363368898010,66,1363368898090,80,312,304,224
28,69,1363368898186,69,1363368898266,80,176,176,96
28,76,1363368898354,76,1363368898458,104,168,192,88
28,73,1363368898546,73,1363368898618,72,192,160,88
28,69,1363368898722,69,1363368898846,124,176,228,104
28,70,1363368898970,70,1363368899050,80,248,204,124
28,188,1363368899354,188,1363368899450,96,384,400,304
28,32,1363368899490,32,1363368899563,73,136,113,40
28,73,1363368900170,73,1363368900242,72,680,679,607
28,84,1363368900330,84,1363368900426,96,160,184,88
28,32,1363368900386,32,1363368900466,80,56,40,-40
28,87,1363368900594,87,1363368900682,88,208,216,128
28,65,1363368900786,65,1363368900954,168,192,272,104
28,83,1363368900874,83,1363368901066,192,88,112,-80
28,32,1363368901042,32,1363368901130,88,168,64,-24
28,84,1363368901442,84,1363368901530,88,400,400,312
28,72,1363368901562,72,1363368901658,96,120,128,32
28,69,1363368901658,69,1363368901788,130,96,130,0
28,32,1363368901739,32,1363368901826,87,81,38,-49
28,69,1363368901914,69,1363368901994,80,175,168,88
28,80,1363368902162,80,1363368902314,152,248,320,168
28,79,1363368902275,79,1363368902386,111,113,72,-39
28,67,1363368902786,67,1363368902850,64,511,464,400
28,72,1363368902914,72,1363368903002,88,128,152,64
28,32,1363368903554,32,1363368903674,120,640,672,552
28,79,1363368903786,79,1363368903850,64,232,176,112
28,70,1363368903906,70,1363368904042,136,120,192,56
28,32,1363368903994,32,1363368904090,96,88,48,-48
28,73,1363368904554,73,1363368904634,80,560,544,464
28,78,1363368905171,78,1363368905242,71,617,608,537
28,67,1363368905378,67,1363368905426,48,207,184,136
28,82,1363368905578,82,1363368905706,128,200,280,152
28,69,1363368905682,69,1363368905722,40,104,16,-24
28,68,1363368905938,68,1363368906018,80,256,296,216
28,85,1363368906104,85,1363368906170,66,166,152,86
28,76,1363368906706,76,1363368906770,64,602,600,536
28,73,1363368906874,73,1363368906947,73,168,177,104
28,84,1363368906994,84,1363368907085,91,120,138,47
28,89,1363368907085,89,1363368907154,69,91,69,0
28,188,1363368908139,188,1363368908194,55,1054,1040,985
28,32,1363368908322,32,1363368908394,72,183,200,128
28,73,1363368908525,73,1363368908570,45,203,176,131
28,84,1363368908619,84,1363368908730,111,94,160,49
28,32,1363368908714,32,1363368908818,104,95,88,-16
28,87,1363368908906,87,1363368908986,80,192,168,88
28,65,1363368909066,65,1363368909218,152,160,232,80
28,83,1363368909138,83,1363368909258,120,72,40,-80
28,32,1363368909258,32,1363368909314,56,120,56,0
28,84,1363368909426,84,1363368909490,64,168,176,112
28,72,1363368909530,72,1363368909602,72,104,112,40
28,69,1363368909626,69,1363368909737,111,96,135,24
28,32,1363368909706,32,1363368909786,80,80,49,-31
28,83,1363368909859,83,1363368909950,91,153,164,73
28,69,1363368909986,69,1363368910074,88,127,124,36
28,65,1363368910090,65,1363368910234,144,104,160,16
28,83,1363368910346,83,1363368910458,112,256,224,112
28,79,1363368910498,79,1363368910577,79,152,119,40
28,78,1363368910610,78,1363368910729,119,112,152,33
28,32,1363368910793,32,1363368910853,60,183,124,64
28,79,1363368910897,79,1363368910978,81,104,125,44
28,70,1363368910978,70,1363368911105,127,81,127,0
28,32,1363368911074,32,1363368911169,95,96,64,-31
28,76,1363368911545,76,1363368911634,89,471,465,376
28,73,1363368911729,73,1363368911809,80,184,175,95
28,71,1363368911841,71,1363368911913,72,112,104,32
28,72,1363368911961,72,1363368912031,70,120,118,48
28,84,1363368912050,84,1363368912154,104,89,123,19
28,188,1363368912235,188,1363368912306,71,185,152,81
28,32,1363368912403,32,1363368912490,87,168,184,97
28,73,1363368912602,73,1363368912691,89,199,201,112
28,84,1363368912850,84,1363368912963,113,248,272,159
28,32,1363368912986,32,1363368913090,104,136,127,23
28,87,1363368913218,87,1363368913314,96,232,224,128
28,65,1363368913418,65,1363368913554,136,200,240,104
28,83,1363368913458,83,1363368913619,161,40,65,-96
28,32,1363368913602,32,1363368913674,72,144,55,-17
28,84,1363368913778,84,1363368913850,72,176,176,104
28,72,1363368913883,72,1363368913962,79,105,112,33
28,69,1363368913963,69,1363368914082,119,80,120,1
28,32,1363368914050,32,1363368914130,80,87,48,-32
28,83,1363368914194,83,1363368914314,120,144,184,64
28,69,1363368914346,69,1363368914434,88,152,120,32
28,65,1363368914466,65,1363368914586,120,120,152,32
28,79,1363368914941,79,1363368915003,62,475,417,355
28,78,1363368915058,78,1363368915176,118,117,173,55
28,32,1363368915410,32,1363368915490,80,352,314,234
28,79,1363368915658,79,1363368915730,72,248,240,168
28,70,1363368915786,70,1363368915894,108,128,164,56
28,32,1363368915842,32,1363368915938,96,56,44,-52
28,8,1363368916251,8,1363368916314,63,409,376,313
28,8,1363368916402,8,1363368916466,64,151,152,88
28,8,1363368916546,8,1363368916602,56,144,136,80
28,8,1363368916691,8,1363368916746,55,145,144,89
28,8,1363368916858,8,1363368916914,56,167,168,112
28,8,1363368917090,8,1363368917154,64,232,240,176
28,83,1363368917586,83,1363368917650,64,496,496,432
28,79,1363368917706,79,1363368917754,48,120,104,56
28,78,1363368917802,78,1363368917882,80,96,128,48
28,32,1363368917938,32,1363368917978,40,136,96,56
28,79,1363368919098,79,1363368919154,56,1160,1176,1120
28,70,1363368919222,70,1363368919322,100,124,168,68
28,32,1363368919282,32,1363368919378,96,60,56,-40
28,16,1363368919667,16,1363368919853,186,385,475,289
28,68,1363368919778,68,1363368919874,96,111,21,-75
28,65,1363368920226,65,1363368920362,136,448,488,352
28,82,1363368920394,82,1363368920490,96,168,128,32
28,75,1363368920674,75,1363368920730,56,280,240,184
28,78,1363368920890,78,1363368921002,112,216,272,160
28,69,1363368921002,69,1363368921074,72,112,72,0
28,83,1363368921386,83,1363368921458,72,384,384,312
28,83,1363368921650,83,1363368921738,88,264,280,192
28,188,1363368922154,188,1363368922218,64,504,480,416
28,32,1363368922282,32,1363368922346,64,128,128,64
28,73,1363368922498,73,1363368922554,56,216,208,152
28,84,1363368922626,84,1363368922754,128,128,200,72
28,32,1363368922714,32,1363368922786,72,88,32,-40
28,87,1363368922890,87,1363368922954,64,176,168,104
28,65,1363368923034,65,1363368923183,149,144,229,80
28,83,1363368923087,83,1363368923276,189,53,93,-96
28,32,1363368923226,32,1363368923360,134,139,84,-50
28,84,1363368923658,84,1363368923730,72,432,370,298
28,72,1363368923762,72,1363368923842,80,104,112,32
28,69,1363368923842,69,1363368923954,112,80,112,0
28,32,1363368923914,32,1363368924010,96,72,56,-40
28,83,1363368924098,83,1363368924194,96,184,184,88
28,80,1363368924242,80,1363368924314,72,144,120,48
28,82,1363368924394,82,1363368924474,80,152,160,80
28,73,1363368924458,73,1363368924538,80,64,64,-16
28,78,1363368924627,78,1363368924706,79,169,168,89
28,71,1363368924706,71,1363368924819,113,79,113,0
28,32,1363368924786,32,1363368924882,96,80,63,-33
28,79,1363368924946,79,1363368925026,80,160,144,64
28,70,1363368925050,70,1363368925146,96,104,120,24
28,32,1363368925098,32,1363368925202,104,48,56,-48
28,72,1363368925538,72,1363368925634,96,440,432,336
28,79,1363368925682,79,1363368925802,120,144,168,48
28,80,1363368925858,80,1363368925962,104,176,160,56
28,69,1363368926050,69,1363368926114,64,192,152,88
28,188,1363368926834,188,1363368926906,72,784,792,720
28,32,1363368926970,32,1363368927034,64,136,128,64
28,73,1363368927142,73,1363368927186,44,172,152,108
28,84,1363368927282,84,1363368927378,96,140,192,96
28,32,1363368927426,32,1363368927514,88,144,136,48
28,87,1363368927610,87,1363368927674,64,184,160,96
28,65,1363368927762,65,1363368927890,128,152,216,88
28,83,1363368927802,83,1363368927961,159,40,71,-88
28,32,1363368927929,32,1363368928010,81,127,49,-32
28,84,1363368928121,84,1363368928193,72,192,183,111
28,72,1363368928230,72,1363368928305,75,109,112,37
28,69,1363368928330,69,1363368928433,103,100,128,25
28,32,1363368928401,32,1363368928489,88,71,56,-32
28,87,1363368928562,87,1363368928658,96,161,169,73
28,73,1363368928658,73,1363368928713,55,96,55,0
28,78,1363368928793,78,1363368928882,89,135,169,80
28,84,1363368928882,84,1363368928961,79,89,79,0
28,69,1363368929046,69,1363368929146,100,164,185,85
28,82,1363368929105,82,1363368929217,112,59,71,-41
28,32,1363368929218,32,1363368929289,71,113,72,1
28,79,1363368929417,79,1363368929465,48,199,176,128
28,70,1363368929514,70,1363368929650,136,97,185,49
28,32,1363368929602,32,1363368929698,96,88,48,-48
28,68,1363368930282,68,1363368930354,72,680,656,584
28,69,1363368930458,69,1363368930530,72,176,176,104
28,83,1363368930690,83,1363368930763,73,232,233,160
28,80,1363368930947,80,1363368931029,82,257,266,184
28,65,1363368931178,65,1363368931274,96,231,245,149
28,73,1363368931370,73,1363368931442,72,192,168,96
28,82,1363368931442,82,1363368931575,133,72,133,0
28,69,1363368931522,69,1363368931626,104,80,51,-53
28,188,1363368932170,188,1363368932234,64,648,608,544
28,32,1363368932306,32,1363368932402,96,136,168,72
28,87,1363368932474,87,1363368932559,85,168,157,72
28,69,1363368932926,69,1363368932994,68,452,435,367
28,32,1363368933162,32,1363368933234,72,236,240,168
28,72,1363368933418,72,1363368933514,96,256,280,184
28,65,1363368933514,65,1363368933586,72,96,72,0
28,68,1363368933682,68,1363368933802,120,168,216,96
28,32,1363368933802,32,1363368933858,56,120,56,0
28,69,1363368933954,69,1363368934027,73,152,169,96
28,86,1363368934114,86,1363368934210,96,160,183,87
28,69,1363368934290,69,1363368934362,72,176,152,80
28,82,1363368934466,82,1363368934554,88,176,192,104
28,89,1363368934642,89,1363368934714,72,176,160,88
28,84,1363368934898,84,1363368934970,72,256,256,184
28,72,1363368934994,72,1363368935058,64,96,88,24
28,73,1363368935042,73,1363368935130,88,48,72,-16
28,78,1363368935178,78,1363368935322,144,136,192,48
28,71,1363368935306,71,1363368935402,96,128,80,-16
28,32,1363368935602,32,1363368935682,80,296,280,200
28,66,1363368935818,66,1363368935890,72,216,208,136
28,69,1363368935994,69,1363368936082,88,176,192,104
28,70,1363368936202,70,1363368936299,97,208,217,120
28,79,1363368936362,79,1363368936434,72,160,135,63
28,82,1363368936434,82,1363368936650,216,72,216,0
28,69,1363368936554,69,1363368936714,160,120,64,-96
28,32,1363368936675,32,1363368936802,127,121,88,-39
28,85,1363368937274,85,1363368937362,88,599,560,472
28,83,1363368937362,83,1363368937466,104,88,104,0
28,188,1363368938250,188,1363368938314,64,888,848,784
28,32,1363368938418,32,1363368938522,104,168,208,104
28,87,1363368938565,87,1363368938658,93,147,136,43
28,69,1363368938594,69,1363368938738,144,29,80,-64
28,32,1363368938698,32,1363368938823,125,104,85,-40
28,72,1363368939074,72,1363368939146,72,376,323,251
28,65,1363368939162,65,1363368939226,64,88,80,16
28,68,1363368939298,68,1363368939442,144,136,216,72
28,32,1363368939410,32,1363368939490,80,112,48,-32
28,78,1363368939666,78,1363368939743,77,256,253,176
28,79,1363368939835,79,1363368939906,71,169,163,92
28,84,1363368940010,84,1363368940122,112,175,216,104
28,72,1363368940154,72,1363368940250,96,144,128,32
28,73,1363368940226,73,1363368940314,88,72,64,-24
28,78,1363368940338,78,1363368940477,139,112,163,24
28,71,1363368940477,71,1363368940578,101,139,101,0
28,32,1363368941322,32,1363368941410,88,845,832,744
28,66,1363368941674,66,1363368941754,80,352,344,264
28,69,1363368941858,69,1363368941938,80,184,184,104
28,70,1363368942042,70,1363368942122,80,184,184,104
28,79,1363368942210,79,1363368942286,76,168,164,88
28,82,1363368942242,82,1363368942379,137,32,93,-44
28,69,1363368942338,69,1363368942434,96,96,55,-41
28,32,1363368942826,32,1363368942908,82,488,474,392
28,85,1363368943018,85,1363368943090,72,192,182,110
28,83,1363368943098,83,1363368943162,64,80,72,8
28,188,1363368943474,188,1363368943539,65,376,377,312
28,32,1363368943602,32,1363368943674,72,128,135,63
28,87,1363368943746,87,1363368943866,120,144,192,72
28,69,1363368943826,69,1363368943970,144,80,104,-40
28,32,1363368943930,32,1363368944010,80,104,40,-40
28,87,1363368944180,87,1363368944282,102,250,272,170
28,69,1363368944474,69,1363368944538,64,294,256,192
28,82,1363368944602,82,1363368944730,128,128,192,64
28,69,1363368944698,69,1363368944794,96,96,64,-32
28,32,1363368945042,32,1363368945106,64,344,312,248
28,65,1363368945218,65,1363368945290,72,176,184,112
28,76,1363368945442,76,1363368945490,48,224,200,152
28,76,1363368945578,76,1363368945642,64,136,152,88
28,32,1363368945778,32,1363368945865,87,200,223,136
28,71,1363368946529,71,1363368946609,80,751,744,664
28,79,1363368946643,79,1363368946746,103,114,137,34
28,73,1363368946746,73,1363368946849,103,103,103,0
28,78,1363368946905,78,1363368947035,130,159,186,56
28,71,1363368947058,71,1363368947170,112,153,135,23
28,32,1363368947131,32,1363368947210,79,73,40,-39
28,68,1363368947306,68,1363368947370,64,175,160,96
28,73,1363368947412,73,1363368947466,54,106,96,42
28,82,1363368947498,82,1363368947610,112,86,144,32
28,69,1363368947570,69,1363368947642,72,72,32,-40
28,67,1363368947750,67,1363368947818,68,180,176,108
28,84,1363368947916,84,1363368948051,135,166,233,98
28,32,1363368948034,32,1363368948098,64,118,47,-17
28,84,1363368948202,84,1363368948274,72,168,176,104
28,79,1363368948322,79,1363368948394,72,120,120,48
28,32,1363368948450,32,1363368948530,80,128,136,56
28,16,1363368948767,16,1363368948869,102,317,339,237
28,8,1363368949018,8,1363368949066,48,251,197,149
28,8,1363368949154,8,1363368949219,65,136,153,88
28,8,1363368949290,8,1363368949346,56,136,127,71
28,84,1363368949906,84,1363368949978,72,616,632,560
28,79,1363368950010,79,1363368950074,64,104,96,32
28,32,1363368950138,32,1363368950202,64,128,128,64
28,16,1363368950322,16,1363368950458,136,184,256,120
28,72,1363368950386,72,1363368950490,104,64,32,-72
28,69,1363368950594,69,1363368950674,80,208,184,104
28,65,1363368950758,65,1363368950866,108,164,192,84
28,86,1363368950970,86,1363368951058,88,212,192,104
28,69,1363368951154,69,1363368951218,64,184,160,96
28,78,1363368951314,78,1363368951427,113,160,209,96
28,188,1363368951828,188,1363368951898,70,514,471,401
28,32,1363368952020,32,1363368952090,70,192,192,122
28,87,1363368952218,87,1363368952330,112,198,240,128
28,69,1363368952274,69,1363368952394,120,56,64,-56
28,32,1363368952362,32,1363368952426,64,88,32,-32
28,87,1363368952558,87,1363368952645,87,196,219,132
28,69,1363368952866,69,1363368952946,80,308,301,221
28,82,1363368952978,82,1363368953146,168,112,200,32
28,69,1363368953106,69,1363368953210,104,128,64,-40
28,32,1363368953434,32,1363368953498,64,328,288,224
28,65,1363368953594,65,1363368953674,80,160,176,96
28,76,1363368953794,76,1363368953850,56,200,176,120
28,76,1363368953938,76,1363368954002,64,144,152,88
28,32,1363368954106,32,1363368954162,56,168,160,104
28,71,1363368954266,71,1363368954338,72,160,176,104
28,79,1363368954410,79,1363368954466,56,144,128,72
28,73,1363368954547,73,1363368954602,55,137,136,81
28,78,1363368954682,78,1363368954778,96,135,176,80
28,71,1363368954778,71,1363368954882,104,96,104,0
28,32,1363368954850,32,1363368954922,72,72,40,-32
28,68,1363368955070,68,1363368955130,60,220,208,148
28,82,1363368955242,82,1363368955370,128,172,240,112
28,69,1363368955322,69,1363368955418,96,80,48,-48
28,73,1363368955554,73,1363368955610,56,232,192,136
28,67,1363368955715,67,1363368955794,79,161,184,105
28,84,1363368955890,84,1363368955978,88,175,184,96
28,8,1363368956106,8,1363368956154,48,216,176,128
28,8,1363368956242,8,1363368956306,64,136,152,88
28,8,1363368956378,8,1363368956442,64,136,136,72
28,8,1363368956506,8,1363368956546,40,128,104,64
28,8,1363368956618,8,1363368956666,48,112,120,72
28,73,1363368956871,73,1363368956914,43,253,248,205
28,82,1363368956965,82,1363368957066,101,94,152,51
28,69,1363368957049,69,1363368957098,49,84,32,-17
28,67,1363368957210,67,1363368957274,64,161,176,112
28,84,1363368957386,84,1363368957466,80,176,192,112
28,32,1363368957826,32,1363368957898,72,440,432,360
28,84,1363368958466,84,1363368958538,72,640,640,568
28,72,1363368958562,72,1363368958626,64,96,88,24
28,69,1363368958626,69,1363368958754,128,64,128,0
28,32,1363368958722,32,1363368958802,80,96,48,-32
28,79,1363368959002,79,1363368959090,88,280,288,200
28,84,1363368959126,84,1363368959202,76,124,112,36
28,72,1363368959258,72,1363368959338,80,132,136,56
28,69,1363368959338,69,1363368959450,112,80,112,0
28,82,1363368959410,82,1363368959546,136,72,96,-40
28,32,1363368959484,32,1363368959571,87,74,25,-62
28,87,1363368960266,87,1363368960338,72,782,767,695
28,65,1363368960402,65,1363368960498,96,136,160,64
28,89,1363368960490,89,1363368960562,72,88,64,-8
28,190,1363368961282,190,1363368961349,67,792,787,720
28,8,1363368966012,8,1363368966066,54,4730,4717,4663
28,190,1364569880239,190,1364569880334,95,192,183,88
28,16,1364569880510,16,1364569880727,217,271,393,176
28,32,1364569881303,32,1364569881399,96,793,672,576
28,16,1364569881831,16,1364569882055,224,528,656,432
28,71,1364569881975,71,1364569882079,104,144,24,-80
28,82,1364569882568,82,1364569882663,95,593,584,489
28,65,1364569882807,65,1364569882895,88,239,232,144
28,83,1364569883144,83,1364569883223,79,337,328,249
28,83,1364569883327,83,1364569883439,112,183,216,104
28,76,1364569883631,76,1364569883695,64,304,256,192
28,69,1364569883839,69,1364569883903,64,208,208,144
28,89,1364569883983,89,1364569884063,80,144,160,80
28,32,1364569884111,32,1364569884207,96,128,144,48
28,72,1364569884368,72,1364569884423,55,257,216,161
28,65,1364569884471,65,1364569884535,64,103,112,48
28,68,1364569884623,68,1364569884735,112,152,200,88
28,32,1364569884751,32,1364569884855,104,128,120,16
28,86,1364569884951,86,1364569885047,96,200,192,96
28,79,1364569885135,79,1364569885223,88,184,176,88
28,84,1364569885279,84,1364569885367,88,144,144,56
28,69,1364569885447,69,1364569885511,64,168,144,80
28,68,1364569885599,68,1364569885695,96,152,184,88
28,32,1364569885727,32,1364569885815,88,128,120,32
28,65,1364569885911,65,1364569886047,136,184,232,96
28,71,1364569886183,71,1364569886295,112,272,248,136
28,82,1364569886511,82,1364569886591,80,328,296,216
28,65,1364569886663,65,1364569886735,72,152,144,72
28,73,1364569886831,73,1364569886895,64,168,160,96
28,78,1364569886991,78,1364569887055,64,160,160,96
28,83,1364569887023,83,1364569887151,128,32,96,-32
28,84,1364569887223,84,1364569887351,128,200,200,72
28,32,1364569887303,32,1364569887431,128,80,80,-48
28,84,1364569887583,84,1364569887679,96,280,248,152
28,72,1364569888303,72,1364569888375,72,720,696,624
28,69,1364569888423,69,1364569888559,136,120,184,48
28,32,1364569888511,32,1364569888615,104,88,56,-48
28,67,1364569888895,67,1364569888975,80,384,360,280
28,65,1364569889119,65,1364569889231,112,224,256,144
28,8,1364569889639,8,1364569889695,56,520,464,408
28,8,1364569889823,8,1364569889887,64,184,192,128
28,8,1364569890447,8,1364569890495,48,624,608,560
28,32,1364569890791,32,1364569890927,136,344,432,296
28,8,1364569891447,8,1364569892111,664,656,1184,520
28,8,1364569891946,8,1364569892479,533,499,368,-165
28,8,1364569891979,8,1364569892679,700,33,200,-500
28,8,1364569892012,8,1364569892840,828,33,161,-667
28,8,1364569892045,8,1364569893239,1194,33,399,-795
28,8,1364569892078,8,1364569893479,1401,33,240,-1161
28,65,1364569893911,65,1364569893967,56,1833,488,432
28,73,1364569894039,73,1364569894119,80,128,152,72
28,78,1364569894799,78,1364569894863,64,760,744,680
28,83,1364569894887,83,1364569894959,72,88,96,24
28,84,1364569895031,84,1364569895167,136,144,208,72
28,32,1364569895111,32,1364569895223,112,80,56,-56
28,84,1364569896775,84,1364569896855,80,1664,1632,1552
28,72,1364569896911,72,1364569897015,104,136,160,56
28,69,1364569897015,69,1364569897126,111,104,111,0
28,32,1364569897094,32,1364569897199,105,79,73,-32
28,76,1364569897895,76,1364569897966,71,801,767,696
28,73,1364569898262,73,1364569898334,72,367,368,296
28,8,1364569899775,8,1364569899839,64,1513,1505,1441
28,8,1364569899936,8,1364569899999,63,161,160,97
28,65,1364569900095,65,1364569900167,72,159,168,96
28,76,1364569900295,76,1364569900360,65,200,193,128
28,73,1364569900448,73,1364569900503,55,153,143,88
28,70,1364569901919,70,1364569901999,80,1471,1496,1416
28,79,1364569902111,79,1364569902151,40,192,152,112
28,82,1364569903255,82,1364569903351,96,1144,1200,1104
28,78,1364569903568,78,1364569903639,71,313,288,217
28,73,1364569903719,73,1364569903807,88,151,168,80
28,65,1364569903831,65,1364569903991,160,112,184,24
28,32,1364569904015,32,1364569904143,128,184,152,24
28,16,1364569905287,16,1364569905463,176,1272,1320,1144
28,68,1364569905367,68,1364569905463,96,80,0,-96
28,69,1364569905607,69,1364569905711,104,240,248,144
28,77,1364569905983,77,1364569906063,80,376,352,272
28,79,1364569906215,79,1364569906287,72,232,224,152
28,67,1364569907399,67,1364569907463,64,1184,1176,1112
28,82,1364569907599,82,1364569907703,104,200,240,136
28,65,1364569907815,65,1364569907879,64,216,176,112
28,84,1364569907959,84,1364569908023,64,144,144,80
28,69,1364569908119,69,1364569908175,56,160,152,96
28,83,1364569908271,83,1364569908351,80,152,176,96
28,8,1364569908679,8,1364569908727,48,408,376,328
28,8,1364569909583,8,1364569909631,48,904,904,856
28,222,1364569910071,222,1364569910159,88,488,528,440
28,83,1364569910191,83,1364569910295,104,120,136,32
28,32,1364569910295,32,1364569910407,112,104,112,0
28,65,1364569910687,65,1364569910759,72,392,352,280
28,83,1364569911271,83,1364569911327,56,584,568,512
28,83,1364569911455,83,1364569911527,72,184,200,128
28,65,1364569912487,65,1364569912567,80,1032,1040,960
28,85,1364569912591,85,1364569912671,80,104,104,24
28,76,1364569912743,76,1364569912839,96,152,168,72
28,84,1364569912839,84,1364569912911,72,96,72,0
28,189,1364569914551,189,1364569914607,56,1712,1696,1640
28,87,1364569914751,87,1364569914824,73,200,217,144
28,65,1364569915215,65,1364569915286,71,464,462,391
28,8,1364569915494,8,1364569915550,56,279,264,208
28,69,1364569915599,69,1364569915678,79,105,128,49
28,65,1364569915774,65,1364569915838,64,175,160,96
28,80,1364569916214,80,1364569916294,80,440,456,376
28,79,1364569916495,79,1364569916591,96,281,297,201
28,78,1364569916695,78,1364569916807,112,200,216,104
28,83,1364569916863,83,1364569916935,72,168,128,56
28,32,1364569916959,32,1364569917087,128,96,152,24
28,66,1364569917375,66,1364569917447,72,416,360,288
28,65,1364569917600,65,1364569917656,56,225,209,153
28,78,1364569917831,78,1364569917919,88,231,263,175
28,32,1364569918039,32,1364569918127,88,208,208,120
28,65,1364569918224,65,1364569918287,63,185,160,97
28,78,1364569918352,78,1364569918423,71,128,136,65
28,68,1364569918407,68,1364569918535,128,55,112,-16
28,32,1364569918535,32,1364569918599,64,128,64,0
28,65,1364569918695,65,1364569918783,88,160,184,96
28,32,1364569918831,32,1364569918951,120,136,168,48
28,66,1364569919199,66,1364569919271,72,368,320,248
28,65,1364569919391,65,1364569919463,72,192,192,120
28,67,1364569919568,67,1364569919623,55,177,160,105
28,75,1364569919711,75,1364569919783,72,143,160,88
28,71,1364569921015,71,1364569921095,80,1304,1312,1232
28,82,1364569921232,82,1364569921311,79,217,216,137
28,79,1364569921391,79,1364569921568,177,159,257,80
28,85,1364569921471,85,1364569921568,97,80,0,-97
28,78,1364569921672,78,1364569921775,103,201,207,104
28,68,1364569921743,68,1364569921847,104,71,72,-32
28,32,1364569921847,32,1364569921927,80,104,80,0
28,67,1364569922031,67,1364569922103,72,184,176,104
28,72,1364569922135,72,1364569922255,120,104,152,32
28,69,1364569922231,69,1364569922279,48,96,24,-24
28,67,1364569922367,67,1364569922439,72,136,160,88
28,75,1364569922471,75,1364569922567,96,104,128,32
28,83,1364569922599,83,1364569922695,96,128,128,32
28,32,1364569922751,32,1364569922855,104,152,160,56
28,66,1364569924119,66,1364569924199,80,1368,1344,1264
28,73,1364569924255,73,1364569924327,72,136,128,56
28,76,1364569924463,76,1364569924519,56,208,192,136
28,76,1364569924591,76,1364569924671,80,128,152,72
28,32,1364569924719,32,1364569924791,72,128,120,48
28,70,1364569924855,70,1364569924919,64,136,128,64
28,82,1364569925015,82,1364569925079,64,160,160,96
28,79,1364569925119,79,1364569925167,48,104,88,40
28,77,1364569925247,77,1364569925327,80,128,160,80
28,32,1364569925367,32,1364569925431,64,120,104,40
28,69,1364569926031,69,1364569926103,72,664,672,600
28,78,1364569926487,78,1364569926551,64,456,448,384
28,190,1364569926767,190,1364569926847,80,280,296,216
28,32,1364569926943,32,1364569927031,88,176,184,96
28,16,1364569927071,16,1364569927255,184,128,224,40
28,67,1364569927167,67,1364569927271,104,96,16,-88
28,72,1364569927439,72,1364569927543,104,272,272,168
28,65,1364569927631,65,1364569927727,96,192,184,88
28,82,1364569927855,82,1364569927967,112,224,240,128
28,76,1364569929455,76,1364569929519,64,1600,1552,1488
28,69,1364569929791,69,1364569929871,80,336,352,272
28,83,1364569930071,83,1364569930143,72,280,272,200
28,32,1364569930247,32,1364569930343,96,176,200,104
28,67,1364569930959,67,1364569931031,72,712,688,616
28,72,1364569931063,72,1364569931167,104,104,136,32
28,85,1364569931431,85,1364569931543,112,368,376,264
28,77,1364569932063,77,1364569932119,56,632,576,520
28,69,1364569932223,69,1364569932335,112,160,216,104
28,82,1364569932303,82,1364569932439,136,80,104,-32
28,32,1364569932439,32,1364569932559,120,136,120,0
28,73,1364569934071,73,1364569934135,64,1632,1576,1512
28,78,1364569934232,78,1364569934303,71,161,168,97
28,32,1364569934327,32,1364569934431,104,95,128,24
28,67,1364569934775,67,1364569934839,64,448,408,344
28,79,1364569934959,79,1364569934991,32,184,152,120
28,77,1364569935191,77,1364569935239,48,232,248,200
28,77,1364569935327,77,1364569935399,72,136,160,88
28,73,1364569935559,73,1364569935631,72,232,232,160
28,84,1364569936127,84,1364569936191,64,568,560,496
28,84,1364569936279,84,1364569936343,64,152,152,88
28,69,1364569936455,69,1364569936527,72,176,184,112
28,69,1364569936647,69,1364569936727,80,192,200,120
28,32,1364569936871,32,1364569936983,112,224,256,144
28,8,1364569938111,8,1364569938167,56,1240,1184,1128
28,190,1364569938599,190,1364569938671,72,488,504,432
28,32,1364569938703,32,1364569938783,80,104,112,32
28,66,1364569939247,66,1364569939319,72,544,536,464
28,85,1364569939343,85,1364569939447,104,96,128,24
28,84,1364569939448,84,1364569939583,135,105,136,1
28,32,1364569939551,32,1364569939663,112,103,80,-32
28,83,1364569939831,83,1364569939936,105,280,273,168
28,85,1364569940039,85,1364569940143,104,208,207,103
28,80,1364569940255,80,1364569940319,64,216,176,112
28,80,1364569940399,80,1364569940463,64,144,144,80
28,79,1364569940519,79,1364569940631,112,120,168,56
28,82,1364569940687,82,1364569940743,56,168,112,56
28,84,1364569940855,84,1364569940927,72,168,184,112
28,68,1364569941199,68,1364569941271,72,344,344,272
28,32,1364569941327,32,1364569941439,112,128,168,56
28,8,1364569941855,8,1364569941919,64,528,480,416
28,8,1364569941999,8,1364569942055,56,144,136,80
28,69,1364569942159,69,1364569942223,64,160,168,104
28,68,1364569942303,68,1364569942400,97,144,177,80
28,32,1364569942383,32,1364569942495,112,80,95,-17
28,84,1364569943735,84,1364569943815,80,1352,1320,1240
28,72,1364569943839,72,1364569943919,80,104,104,24
28,69,1364569943919,69,1364569944031,112,80,112,0
28,32,1364569944007,32,1364569944087,80,88,56,-24
28,83,1364569944231,83,1364569944303,72,224,216,144
28,67,1364569944423,67,1364569944511,88,192,208,120
28,72,1364569944511,72,1364569944583,72,88,72,0
28,79,1364569944711,79,1364569944767,56,200,184,128
28,79,1364569944879,79,1364569944927,48,168,160,112
28,76,1364569945487,76,1364569945568,81,608,641,560
28,32,1364569945647,32,1364569945711,64,160,143,79
28,83,1364569945807,83,1364569945887,80,160,176,96
28,65,1364569946111,65,1364569946207,96,304,320,224
28,70,1364569946647,70,1364569946719,72,536,512,440
28,84,1364569946871,84,1364569946935,64,224,216,152
28,69,1364569947287,69,1364569947351,64,416,416,352
28,8,1364569947631,8,1364569947679,48,344,328,280
28,8,1364569947759,8,1364569947815,56,128,136,80
28,69,1364569947855,69,1364569947919,64,96,104,40
28,84,1364569948015,84,1364569948087,72,160,168,96
28,89,1364569948159,89,1364569948247,88,144,160,72
28,32,1364569948559,32,1364569948631,72,400,384,312
28,65,1364569949591,65,1364569949663,72,1032,1032,960
28,78,1364569949703,78,1364569949767,64,112,104,40
28,68,1364569949767,68,1364569949878,111,64,111,0
28,32,1364569949871,32,1364569949943,72,104,65,-7
28,71,1364569950031,71,1364569950111,80,160,168,88
28,85,1364569950111,85,1364569950183,72,80,72,0
28,78,1364569950335,78,1364569950399,64,224,216,152
28,32,1364569950831,32,1364569950926,95,496,527,432
28,84,1364569951671,84,1364569951752,81,840,826,745
28,82,1364569951847,82,1364569951919,72,176,167,95
28,65,1364569952031,65,1364569952103,72,184,184,112
28,67,1364569952399,67,1364569952455,56,368,352,296
28,70,1364569954343,70,1364569954416,73,1944,1961,1888
28,70,1364569954519,70,1364569954575,56,176,159,103
28,8,1364569955087,8,1364569955143,56,568,568,512
28,8,1364569955247,8,1364569955319,72,160,176,104
28,8,1364569955423,8,1364569955487,64,176,168,104
28,70,1364569956063,70,1364569956127,64,640,640,576
28,70,1364569956239,70,1364569956311,72,176,184,112
28,73,1364569956751,73,1364569956823,72,512,512,440
28,67,1364569957047,67,1364569957111,64,296,288,224
28,75,1364569957415,75,1364569957479,64,368,368,304
28,73,1364569957591,73,1364569957656,65,176,177,112
28,71,1364569957767,71,1364569957895,128,176,239,111
28,32,1364569957871,32,1364569957959,88,104,64,-24
28,8,1364569958458,8,1364569958511,53,587,552,499
28,8,1364569958599,8,1364569958663,64,141,152,88
28,78,1364569959143,78,1364569959191,48,544,528,480
28,71,1364569959271,71,1364569959391,120,128,200,80
28,32,1364569959351,32,1364569959463,112,80,72,-40
28,77,1364569962871,77,1364569962943,72,3520,3480,3408
28,69,1364569963031,69,1364569963095,64,160,152,88
28,65,1364569963231,65,1364569963335,104,200,240,136
28,83,1364569964031,83,1364569964103,72,800,768,696
28,85,1364569964231,85,1364569964295,64,200,192,128
28,82,1364569964327,82,1364569964439,112,96,144,32
28,69,1364569964407,69,1364569964495,88,80,56,-32
28,83,1364569964751,83,1364569964823,72,344,328,256
28,32,1364569965103,32,1364569965175,72,352,352,280
28,8,1364569965559,8,1364569965599,40,456,424,384
28,190,1364569965799,190,1364569965871,72,240,272,200
28,32,1364569965927,32,1364569965991,64,128,120,56
28,16,1364569966095,16,1364569966263,168,168,272,104
28,77,1364569966215,77,1364569966279,64,120,16,-48
28,82,1364569966375,82,1364569966463,88,160,184,96
28,190,1364569966647,190,1364569966734,87,272,271,184
28,32,1364569966783,32,1364569966847,64,136,113,49
28,16,1364569966942,16,1364569967111,169,159,264,95
28,71,1364569967022,71,1364569967111,89,80,0,-89
28,82,1364569967239,82,1364569967318,79,217,207,128
28,65,1364569967447,65,1364569967511,64,208,193,129
28,83,1364569967759,83,1364569967855,96,312,344,248
28,83,1364569968327,83,1364569968383,56,568,528,472
28,76,1364569968590,76,1364569968655,65,263,272,207
28,69,1364569969127,69,1364569969191,64,537,536,472
28,89,1364569969247,89,1364569969327,80,120,136,56
28,32,1364569969391,32,1364569969463,72,144,136,64
28,8,1364569970303,8,1364569970351,48,912,888,840
28,222,1364569970791,222,1364569970871,80,488,520,440
28,83,1364569970935,83,1364569971047,112,144,176,64
28,32,1364569971023,32,1364569971135,112,88,88,-24
28,76,1364569971359,76,1364569971455,96,336,320,224
28,69,1364569971479,69,1364569971543,64,120,88,24
28,71,1364569971656,71,1364569971751,95,177,208,113
28,73,1364569971839,73,1364569971911,72,183,160,88
28,83,1364569972151,83,1364569972239,88,312,328,240
28,76,1364569972751,76,1364569972815,64,600,576,512
28,65,1364569972887,65,1364569972959,72,136,144,72
28,84,1364569973071,84,1364569973151,80,184,192,112
28,73,1364569973151,73,1364569973255,104,80,104,0
28,79,1364569973200,79,1364569973303,103,49,48,-55
28,78,1364569973303,78,1364569973423,120,103,120,0
28,32,1364569973423,32,1364569973487,64,120,64,0
28,87,1364569975319,87,1364569975383,64,1896,1896,1832
28,65,1364569975487,65,1364569975631,144,168,248,104
28,83,1364569975559,83,1364569975703,144,72,72,-72
28,32,1364569975671,32,1364569975775,104,112,72,-32
28,70,1364569975895,70,1364569975959,64,224,184,120
28,73,1364569976031,73,1364569976111,80,136,152,72
28,82,1364569976095,82,1364569976175,80,64,64,-16
28,83,1364569976223,83,1364569976311,88,128,136,48
28,84,1364569976327,84,1364569976487,160,104,176,16
28,32,1364569976439,32,1364569976551,112,112,64,-48
28,82,1364569976799,82,1364569976887,88,360,336,248
28,69,1364569976847,69,1364569976935,88,48,48,-40
28,80,1364569977279,80,1364569977439,160,432,504,344
28,79,1364569977415,79,1364569977527,112,136,88,-24
28,82,1364569977527,82,1364569977599,72,112,72,0
28,84,1364569977671,84,1364569977831,160,144,232,72
28,32,1364569977783,32,1364569977911,128,112,80,-48
28,8,1364569978295,8,1364569978351,56,512,440,384
28,69,1364569978351,69,1364569978407,56,56,56,0
28,68,1364569978479,68,1364569978583,104,128,176,72
28,32,1364569978559,32,1364569978671,112,80,88,-24
28,66,1364569980151,66,1364569980215,64,1592,1544,1480
28,89,1364569980271,89,1364569980351,80,120,136,56
28,32,1364569980407,32,1364569980487,80,136,136,56
28,16,1364569980679,16,1364569980847,168,272,360,192
28,80,1364569980783,80,1364569980879,96,104,32,-64
28,76,1364569981087,76,1364569981175,88,304,296,208
28,8,1364569982783,8,1364569982847,64,1696,1672,1608
28,79,1364569983087,79,1364569983175,88,304,328,240
28,76,1364569983343,76,1364569983423,80,256,248,168
28,73,1364569984559,73,1364569984623,64,1216,1200,1136
28,84,1364569985406,84,1364569985494,88,847,871,783
28,73,1364569985774,73,1364569985846,72,368,352,280
28,67,1364569986230,67,1364569986302,72,456,456,384
28,79,1364569986342,79,1364569986400,58,112,98,40
28,190,1364569986527,190,1364569986591,64,185,191,127
28,73,1365448175491,73,1365448175563,72,63,8,-64
28,32,1365448175627,32,1365448175683,56,136,120,64
28,72,1365448175923,72,1365448175995,72,296,312,240
28,65,1365448176051,65,1365448176131,80,128,136,56
28,68,1365448176243,68,1365448176395,152,192,264,112
28,32,1365448176347,32,1365448176483,136,104,88,-48
28,77,1365448176635,77,1365448176707,72,288,224,152
28,89,1365448176851,89,1365448176931,80,216,224,144
28,32,1365448176971,32,1365448177075,104,120,144,40
28,87,1365448177187,87,1365448177251,64,216,176,112
28,73,1365448177331,73,1365448177403,72,144,152,80
28,68,1365448177435,68,1365448177523,88,104,120,32
28,8,1365448177763,8,1365448177819,56,328,296,240
28,83,1365448177859,83,1365448177939,80,96,120,40
28,68,1365448178171,68,1365448178243,72,312,304,232
28,79,1365448178339,79,1365448178379,40,168,136,96
28,77,1365448178483,77,1365448178539,56,144,160,104
28,32,1365448178939,32,1365448179027,88,456,488,400
28,84,1365448179323,84,1365448179419,96,384,392,296
28,79,1365448179611,79,1365448179659,48,288,240,192
28,79,1365448179763,79,1365448179827,64,152,168,104
28,84,1365448179979,84,1365448180067,88,216,240,152
28,72,1365448180107,72,1365448180187,80,128,120,40
28,32,1365448180187,32,1365448180299,112,80,112,0
28,69,1365448181347,69,1365448181411,64,1160,1112,1048
28,88,1365448181539,88,1365448181666,127,192,255,128
28,84,1365448181826,84,1365448181874,48,287,208,160
28,82,1365448181954,82,1365448182155,201,128,281,80
28,65,1365448182155,65,1365448182258,103,201,103,0
28,67,1365448182314,67,1365448182426,112,159,168,56
28,84,1365448182522,84,1365448182610,88,208,184,96
28,69,1365448182698,69,1365448182939,241,176,329,88
28,68,1365448183490,68,1365448183634,144,792,695,551
28,32,1365448183595,32,1365448183690,95,105,56,-39
28,65,1365448183730,65,1365448183834,104,135,144,40
28,84,1365448183850,84,1365448183978,128,120,144,16
28,32,1365448183930,32,1365448184034,104,80,56,-48
28,16,1365448184466,16,1365448184562,96,536,528,432
28,16,1365448184762,16,1365448184971,209,296,409,200
28,68,1365448184850,68,1365448184971,121,88,0,-121
28,82,1365448185059,82,1365448185154,95,209,183,88
28,190,1365448185290,190,1365448185418,128,231,264,136
28,32,1365448185402,32,1365448185482,80,112,64,-16
28,16,1365448185954,16,1365448186106,152,552,624,472
28,77,1365448186050,77,1365448186146,96,96,40,-56
28,65,1365448186258,65,1365448186362,104,208,216,112
28,85,1365448186562,85,1365448186674,112,304,312,200
28,83,1365448187066,83,1365448187146,80,504,472,392
28,79,1365448187170,79,1365448187242,72,104,96,24
28,8,1365448187498,8,1365448187554,56,328,312,256
28,8,1365448187682,8,1365448187754,72,184,200,128
28,82,1365448187938,82,1365448188043,105,256,289,184
28,79,1365448188099,79,1365448188187,88,161,144,56
28,222,1365448190019,222,1365448190115,96,1920,1928,1832
28,83,1365448190267,83,1365448190419,152,248,304,152
28,32,1365448190467,32,1365448190571,104,200,152,48
28,79,1365448190771,79,1365448190851,80,304,280,200
28,70,1365448190955,70,1365448190995,40,184,144,104
28,70,1365448191075,70,1365448191155,80,120,160,80
28,73,1365448191275,73,1365448191379,104,200,224,120
28,67,1365448191355,67,1365448191411,56,80,32,-24
28,69,1365448191523,69,1365448191643,120,168,232,112
28,32,1365448191603,32,1365448191715,112,80,72,-40
28,8,1365448192611,8,1365448192659,48,1008,944,896
28,32,1365448193175,32,1365448193227,52,564,568,516
28,76,1365448193307,76,1365448193427,120,132,200,80
28,65,1365448193363,65,1365448193499,136,56,72,-64
28,83,1365448193427,83,1365448193539,112,64,40,-72
28,84,1365448193563,84,1365448193747,184,136,208,24
28,32,1365448193667,32,1365448193803,136,104,56,-80
28,87,1365448193923,87,1365448193995,72,256,192,120
28,69,1365448194195,69,1365448194259,64,272,264,200
28,69,1365448194371,69,1365448194459,88,176,200,112
28,8,1365448194571,8,1365448194627,56,200,168,112
28,8,1365448194707,8,1365448194779,72,136,152,80
28,8,1365448194859,8,1365448194923,64,152,144,80
28,16,1365448195299,16,1365448195451,152,440,528,376
28,70,1365448195387,70,1365448195475,88,88,24,-64
28,82,1365448195611,82,1365448195707,96,224,232,136
28,73,1365448195803,73,1365448195907,104,192,200,96
28,68,1365448195971,68,1365448196043,72,168,136,64
28,65,1365448196155,65,1365448196235,80,184,192,112
28,89,1365448196235,89,1365448196307,72,80,72,0
28,190,1365448196531,190,1365448196659,128,296,352,224
28,32,1365448197019,32,1365448197155,136,488,496,360
28,16,1365448197867,16,1365448198019,152,848,864,712
28,84,1365448197971,84,1365448198075,104,104,56,-48
28,72,1365448198171,72,1365448198256,85,200,181,96
28,69,1365448198256,69,1365448198403,147,85,147,0
28,32,1365448198347,32,1365448198491,144,91,88,-56
28,87,1365448198962,87,1365448199010,48,615,519,471
28,72,1365448199074,72,1365448199186,112,112,176,64
28,79,1365448199162,79,1365448199253,91,88,67,-24
28,76,1365448199338,76,1365448199434,96,176,181,85
28,69,1365448199394,69,1365448199498,104,56,64,-40
28,32,1365448199466,32,1365448199546,80,72,48,-32
28,80,1365448199666,80,1365448199754,88,200,208,120
28,82,1365448199795,82,1365448199890,95,129,136,41
28,79,1365448199891,79,1365448199978,87,96,88,1
28,67,1365448200018,67,1365448200082,64,127,104,40
28,69,1365448200186,69,1365448200250,64,168,168,104
28,83,1365448200411,83,1365448200467,56,225,217,161
28,83,1365448200547,83,1365448200634,87,136,167,80
28,32,1365448200603,32,1365448200706,103,56,72,-31
28,87,1365448200818,87,1365448200874,56,215,168,112
28,65,1365448200938,65,1365448201138,200,120,264,64
28,83,1365448201011,83,1365448201202,191,73,64,-127
28,32,1365448201106,32,1365448201234,128,95,32,-96
28,81,1365448201650,81,1365448201706,56,544,472,416
28,85,1365448201802,85,1365448201939,137,152,233,96
28,73,1365448201874,73,1365448201994,120,72,55,-65
28,67,1365448201995,67,1365448202067,72,121,73,1
28,75,1365448202130,75,1365448202234,104,135,167,63
28,32,1365448202314,32,1365448202378,64,184,144,80
28,65,1365448202450,65,1365448202562,112,136,184,72
28,78,1365448202594,78,1365448202666,72,144,104,32
28,68,1365448202626,68,1365448202770,144,32,104,-40
28,32,1365448202738,32,1365448202866,128,112,96,-32
28,77,1365448203962,77,1365448204034,72,1224,1168,1096
28,67,1365448204122,67,1365448204203,81,160,169,88
28,85,1365448204203,85,1365448204266,63,81,63,0
28,72,1365448204378,72,1365448204442,64,175,176,112
28,32,1365448204394,32,1365448204490,96,16,48,-48
28,8,1365448204906,8,1365448204954,48,512,464,416
28,8,1365448205050,8,1365448205114,64,144,160,96
28,8,1365448205194,8,1365448205354,160,144,240,80
28,8,1365448205434,8,1365448205482,48,240,128,80
28,8,1365448206059,8,1365448206107,48,625,625,577
28,78,1365448206307,78,1365448206395,88,248,288,200
28,79,1365448206580,79,1365448206651,71,273,256,185
28,84,1365448206891,84,1365448207012,121,311,361,240
28,32,1365448207012,32,1365448207099,87,121,87,0
28,77,1365448207259,77,1365448207323,64,247,224,160
28,85,1365448207435,85,1365448207531,96,176,208,112
28,67,1365448207507,67,1365448207611,104,72,80,-24
28,72,1365448207659,72,1365448207763,104,152,152,48
28,32,1365448207683,32,1365448207763,80,24,0,-80
28,80,1365448207883,80,1365448207995,112,200,232,120
28,65,1365448208091,65,1365448208171,80,208,176,96
28,73,1365448208483,73,1365448208571,88,392,400,312
28,78,1365448208667,78,1365448208747,80,184,176,96
28,190,1365448208931,190,1365448208995,64,264,248,184
28,32,1365448209083,32,1365448209179,96,152,184,88
28,16,1365448209315,16,1365448209443,128,232,264,136
28,72,1365448209363,72,1365448209467,104,48,24,-80
28,79,1365448209539,79,1365448209635,96,176,168,72
28,69,1365448209635,69,1365448209715,80,96,80,0
28,86,1365448209891,86,1365448209947,56,256,232,176
28,69,1365448210059,69,1365448210171,112,168,224,112
28,8,1365448210291,8,1365448210339,48,232,168,120
28,8,1365448210435,8,1365448210507,72,144,168,96
28,8,1365448210587,8,1365448210627,40,152,120,80
28,87,1365448210835,87,1365448210915,80,248,288,208
28,69,1365448211043,69,1365448211155,112,208,240,128
28,69,1365448211451,69,1365448211563,112,408,408,296
28,82,1365448211523,82,1365448211643,120,72,80,-40
28,188,1365448211779,188,1365448211859,80,256,216,136
28,32,1365448211915,32,1365448211995,80,136,136,56
28,8,1365448212147,8,1365448212195,48,232,200,152
28,8,1365448212275,8,1365448212347,72,128,152,80
28,8,1365448212411,8,1365448212467,56,136,120,64
28,8,1365448212523,8,1365448212587,64,112,120,56
28,86,1365448212963,86,1365448213043,80,440,456,376
28,69,1365448213171,69,1365448213283,112,208,240,128
28,82,1365448213243,82,1365448213379,136,72,96,-40
28,32,1365448213347,32,1365448213451,104,104,72,-32
28,8,1365448213691,8,1365448213747,56,344,296,240
28,188,1365448213923,188,1365448213995,72,232,248,176
28,32,1365448214027,32,1365448214099,72,104,104,32
28,65,1365448214171,65,1365448214259,88,144,160,72
28,70,1365448214219,70,1365448214299,80,48,40,-40
28,84,1365448214411,84,1365448214483,72,192,184,112
28,69,1365448214547,69,1365448214691,144,136,208,64
28,82,1365448214627,82,1365448214731,104,80,40,-64
28,32,1365448214691,32,1365448214771,80,64,40,-40
28,16,1365448214907,16,1365448215075,168,216,304,136
28,73,1365448215003,73,1365448215075,72,96,0,-72
28,32,1365448215043,32,1365448215155,112,40,80,-32
28,71,1365448215267,71,1365448215339,72,224,184,112
28,79,1365448215379,79,1365448215475,96,112,136,40
28,84,1365448215475,84,1365448215595,120,96,120,0
28,32,1365448215563,32,1365448215667,104,88,72,-32
28,72,1365448215803,72,1365448215914,111,240,247,136
28,79,1365448215891,79,1365448216002,111,88,88,-23
28,77,1365448216043,77,1365448216187,144,152,185,41
28,69,1365448216163,69,1365448216315,152,120,128,-24
28,32,1365448216283,32,1365448216378,95,120,63,-32
28,8,1365448216770,8,1365448216818,48,487,440,392
28,188,1365448217074,188,1365448217130,56,304,312,256
28,32,1365448217194,32,1365448217274,80,120,144,64
28,84,1365448217362,84,1365448217435,73,168,161,88
28,72,1365448217436,72,1365448217499,63,74,64,1
28,69,1365448217514,69,1365448217642,128,78,143,15
28,32,1365448217611,32,1365448217682,71,97,40,-31
28,66,1365448217834,66,1365448217914,80,223,232,152
28,69,1365448218052,69,1365448218130,78,218,216,138
28,76,1365448218611,76,1365448218667,56,559,537,481
28,76,1365448218826,76,1365448218874,48,215,207,159
28,8,1365448219314,8,1365448219370,56,488,496,440
28,8,1365448219450,8,1365448219522,72,136,152,80
28,8,1365448219602,8,1365448219650,48,152,128,80
28,76,1365448219834,76,1365448219906,72,232,256,184
28,69,1365448219970,69,1365448220018,48,136,112,64
28,69,1365448220130,69,1365448220179,49,160,161,112
28,68,1365448220282,68,1365448220362,80,152,183,103
28,73,1365448220402,73,1365448220474,72,120,112,40
28,78,1365448220538,78,1365448220650,112,136,176,64
28,71,1365448220586,71,1365448220738,152,48,88,-64
28,32,1365448220690,32,1365448220818,128,104,80,-48
28,87,1365448222090,87,1365448222154,64,1400,1336,1272
28,65,1365448222274,65,1365448222466,192,184,312,120
28,83,1365448222362,83,1365448222576,214,88,110,-104
28,32,1365448222466,32,1365448222577,111,104,1,-110
28,83,1365448223531,83,1365448223619,88,1065,1042,954
28,69,1365448223659,69,1365448223739,80,128,120,40
28,82,1365448224019,82,1365448224147,128,360,408,280
28,73,1365448224795,73,1365448224891,96,776,744,648
28,79,1365448224947,79,1365448225059,112,152,168,56
28,85,1365448225011,85,1365448225139,128,64,80,-48
28,83,1365448225107,83,1365448225203,96,96,64,-32
28,32,1365448225291,32,1365448225371,80,184,168,88
28,65,1365448225459,65,1365448225515,56,168,144,88
28,78,1365448225595,78,1365448225675,80,136,160,80
28,68,1365448225651,68,1365448225779,128,56,104,-24
28,32,1365448225723,32,1365448225851,128,72,72,-56
28,73,1365448227691,73,1365448227755,64,1968,1904,1840
28,84,1365448227803,84,1365448227915,112,112,160,48
28,32,1365448227859,32,1365448227955,96,56,40,-56
28,84,1365448228075,84,1365448228171,96,216,216,120
28,79,1365448228227,79,1365448228267,40,152,96,56
28,79,1365448228355,79,1365448228419,64,128,152,88
28,75,1365448228515,75,1365448228619,104,160,200,96
28,32,1365448228667,32,1365448228755,88,152,136,48
28,65,1365448228867,65,1365448228947,80,200,192,112
28,66,1365448229003,66,1365448229083,80,136,136,56
28,79,1365448229171,79,1365448229283,112,168,200,88
28,85,1365448229243,85,1365448229363,120,72,80,-40
28,84,1365448229363,84,1365448229515,152,120,152,0
28,32,1365448229451,32,1365448229587,136,88,72,-64
28,70,1365448230307,70,1365448230387,80,856,800,720
28,79,1365448230459,79,1365448230555,96,152,168,72
28,85,1365448230515,85,1365448230643,128,56,88,-40
28,82,1365448230619,82,1365448230763,144,104,120,-24
28,32,1365448230763,32,1365448230851,88,144,88,0
28,72,1365448230979,72,1365448231083,104,216,232,128
28,79,1365448231059,79,1365448231251,192,80,168,-24
28,83,1365448231427,83,1365448231483,56,368,232,176
28,82,1365448231523,82,1365448231667,144,96,184,40
28,8,1365448232243,8,1365448232323,80,720,656,576
28,32,1365448232635,32,1365448232779,144,392,456,312
28,84,1365448233988,84,1365448234060,72,1353,1281,1209
28,79,1365448234092,79,1365448234147,55,104,87,32
28,32,1365448234172,32,1365448234228,56,80,81,25
28,83,1365448234364,83,1365448234435,71,192,207,136
28,84,1365448234531,84,1365448234635,104,167,200,96
28,79,1365448234636,79,1365448234755,119,105,120,1
28,80,1365448234731,80,1365448234907,176,95,152,-24
28,190,1365448236243,190,1365448236323,80,1512,1416,1336
28,84,1365610347572,84,1365610347661,89,151,0,-89
28,79,1365610348414,79,1365610348493,79,842,832,753
28,68,1365610349061,68,1365610349172,111,647,679,568
28,65,1365610349909,65,1365610349997,88,848,825,737
28,89,1365610350053,89,1365610350117,64,144,120,56
28,73,1365610350341,73,1365610350397,56,288,280,224
28,83,1365610350413,83,1365610350565,152,72,168,16
28,32,1365610350565,32,1365610350668,103,152,103,0
28,8,1365610350788,8,1365610350852,64,223,184,120
28,8,1365610350949,8,1365610351004,55,161,152,97
28,8,1365610351045,8,1365610351100,55,96,96,41
28,32,1365610351253,32,1365610351372,119,208,272,153
28,73,1365610351548,73,1365610351613,65,295,241,176
28,83,1365610351613,83,1365610351733,120,65,120,0
28,32,1365610351700,32,1365610351796,96,87,63,-33
28,16,1365610352100,16,1365610352236,136,400,440,304
28,65,1365610352149,65,1365610352237,88,49,1,-87
28,82,1365610352540,82,1365610352636,96,391,399,303
28,8,1365610352933,8,1365610352980,47,393,344,297
28,80,1365610353148,80,1365610353212,64,215,232,168
28,82,1365610353340,82,1365610353404,64,192,192,128
28,73,1365610353428,73,1365610353476,48,88,72,24
28,76,1365610353572,76,1365610353660,88,144,184,96
28,32,1365610353660,32,1365610353748,88,88,88,0
28,49,1365610354572,49,1365610354644,72,912,896,824
28,48,1365610354868,48,1365610354924,56,296,280,224
28,84,1365610355052,84,1365610355124,72,184,200,128
28,72,1365610355164,72,1365610355252,88,112,128,40
28,8,1365610355813,8,1365610355868,55,649,616,561
28,8,1365610355964,8,1365610356028,64,151,160,96
28,8,1365610356316,8,1365610356404,88,352,376,288
28,48,1365610357380,48,1365610357452,72,1064,1048,976
28,84,1365610357604,84,1365610357684,80,224,232,152
28,72,1365610357716,72,1365610357820,104,112,136,32
28,190,1365610358172,190,1365610358292,120,456,472,352
28,32,1365610358292,32,1365610358404,112,120,112,0
28,16,1365610358548,16,1365610358684,136,256,280,144
28,73,1365610358644,73,1365610358716,72,96,32,-40
28,84,1365610358804,84,1365610358940,136,160,224,88
28,32,1365610358900,32,1365610359044,144,96,104,-40
28,73,1365610359236,73,1365610359300,64,336,256,192
28,83,1365610359268,83,1365610359412,144,32,112,-32
28,32,1365610359380,32,1365610359484,104,112,72,-32
28,82,1365610359708,82,1365610359780,72,328,296,224
28,65,1365610359860,65,1365610359940,80,152,160,80
28,73,1365610360284,73,1365610360348,64,424,408,344
28,78,1365610360524,78,1365610360612,88,240,264,176
28,73,1365610360716,73,1365610360788,72,192,176,104
28,78,1365610360844,78,1365610360972,128,128,184,56
28,71,1365610360973,71,1365610361076,103,129,104,1
28,32,1365610361028,32,1365610361132,104,55,56,-48
28,79,1365610361156,79,1365610361284,128,128,152,24
28,85,1365610361244,85,1365610361380,136,88,96,-40
28,84,1365610361348,84,1365610361468,120,104,88,-32
28,83,1365610361652,83,1365610361716,64,304,248,184
28,73,1365610361780,73,1365610361844,64,128,128,64
28,68,1365610361860,68,1365610361924,64,80,80,16
28,69,1365610361996,69,1365610362068,72,136,144,72
28,190,1365610362620,190,1365610362684,64,624,616,552
28,32,1365610363516,32,1365610363596,80,896,912,832
28,16,1365610364004,16,1365610364116,112,488,520,408
28,73,1365610364084,73,1365610364172,88,80,56,-32
28,32,1365610364172,32,1365610364228,56,88,56,0
28,65,1365610364260,65,1365610364348,88,88,120,32
28,77,1365610364412,77,1365610364468,56,152,120,64
28,32,1365610364500,32,1365610364572,72,88,104,32
28,71,1365610364772,71,1365610364860,88,272,288,200
28,79,1365610364892,79,1365610364972,80,120,112,32
28,73,1365610365093,73,1365610365157,64,201,185,121
28,78,1365610365245,78,1365610365349,104,152,192,88
28,71,1365610365349,71,1365610365461,112,104,112,0
28,32,1365610365461,32,1365610365517,56,112,56,0
28,84,1365610365581,84,1365610365653,72,120,136,64
28,79,1365610365645,79,1365610365717,72,64,64,-8
28,32,1365610365773,32,1365610365861,88,128,144,56
28,82,1365610366341,82,1365610366413,72,568,552,480
28,73,1365610366653,73,1365610366725,72,312,312,240
28,65,1365610366877,65,1365610366933,56,224,208,152
28,78,1365610367005,78,1365610367085,80,128,152,72
28,32,1365610367125,32,1365610367197,72,120,112,40
28,70,1365610368716,70,1365610368804,88,1591,1607,1519
28,79,1365610368868,79,1365610368949,81,152,145,64
28,82,1365610368949,82,1365610369037,88,81,88,0
28,32,1365610369037,32,1365610369084,47,88,47,0
28,84,1365610369164,84,1365610369236,72,127,152,80
28,72,1365610369276,72,1365610369332,56,112,96,40
28,69,1365610369333,69,1365610369460,127,57,128,1
28,32,1365610369428,32,1365610369524,96,95,64,-32
28,82,1365610371564,82,1365610371660,96,2136,2136,2040
28,79,1365610371733,79,1365610371804,71,169,144,73
28,84,1365610372133,84,1365610372212,79,400,408,329
28,65,1365610372292,65,1365610372388,96,159,176,80
28,82,1365610372980,82,1365610373068,88,688,680,592
28,89,1365610373132,89,1365610373204,72,152,136,64
28,32,1365610373252,32,1365610373332,80,120,128,48
28,84,1365610373909,84,1365610373980,71,657,648,577
28,65,1365610374052,65,1365610374140,88,143,160,72
28,8,1365610374804,8,1365610374868,64,752,728,664
28,65,1365610375596,65,1365610375700,104,792,832,728
28,66,1365610375812,66,1365610375900,88,216,200,112
28,76,1365610375924,76,1365610375996,72,112,96,24
28,69,1365610376012,69,1365610376124,112,88,128,16
28,32,1365610376084,32,1365610376196,112,72,72,-40
28,72,1365610376437,72,1365610376508,71,353,312,241
28,69,1365610376508,69,1365610376636,128,71,128,0
28,82,1365610376572,82,1365610376756,184,64,120,-64
28,32,1365610376684,32,1365610376820,136,112,64,-72
28,8,1365610377156,8,1365610377212,56,472,392,336
28,8,1365610377284,8,1365610377348,64,128,136,72
28,32,1365610377420,32,1365610377532,112,136,184,72
28,66,1365610378308,66,1365610378388,80,888,856,776
28,85,1365610378756,85,1365610378900,144,448,512,368
28,73,1365610378828,73,1365610378940,112,72,40,-72
28,76,1365610379124,76,1365610379236,112,296,296,184
28,84,1365610379556,84,1365610379700,144,432,464,320
28,32,1365610379636,32,1365610379748,112,80,48,-64
28,70,1365610380180,70,1365610380244,64,544,496,432
28,79,1365610380292,79,1365610380356,64,112,112,48
28,82,1365610380372,82,1365610380444,72,80,88,16
28,32,1365610380460,32,1365610380524,64,88,80,16
28,77,1365610380692,77,1365610380772,80,232,248,168
28,69,1365610380884,69,1365610380956,72,192,184,112
28,190,1365610381284,190,1365610381388,104,400,432,328
28,32,1365610381388,32,1365610381468,80,104,80,0
28,16,1365610381588,16,1365610381732,144,200,264,120
28,84,1365610381684,84,1365610381804,120,96,72,-48
28,72,1365610381876,72,1365610381972,96,192,168,72
28,69,1365610381972,69,1365610382140,168,96,168,0
28,32,1365610382084,32,1365610382220,136,112,80,-56
28,8,1365610382661,8,1365610382701,40,577,481,441
28,8,1365610382781,8,1365610382837,56,120,136,80
28,65,1365610382885,65,1365610382989,104,104,152,48
28,84,1365610383037,84,1365610383189,152,152,200,48
28,32,1365610383125,32,1365610383245,120,88,56,-64
28,68,1365610383469,68,1365610383525,56,344,280,224
28,69,1365610383613,69,1365610383685,72,144,160,88
28,86,1365610383845,86,1365610383917,72,232,232,160
28,73,1365610384421,73,1365610384477,56,576,560,504
28,67,1365610384541,67,1365610384604,63,120,127,64
28,69,1365610384708,69,1365610384820,112,167,216,104
28,32,1365610384781,32,1365610384876,95,73,56,-39
28,73,1365610385317,73,1365610385373,56,536,497,441
28,83,1365610385413,83,1365610385524,111,96,151,40
28,32,1365610385492,32,1365610385580,88,79,56,-32
28,70,1365610385717,70,1365610385780,63,225,200,137
28,79,1365610385812,79,1365610385892,80,95,112,32
28,82,1365610385893,82,1365610385988,95,81,96,1
28,32,1365610385956,32,1365610386069,113,63,81,-32
28,84,1365610386484,84,1365610386541,57,528,472,415
28,69,1365610386604,69,1365610386668,64,120,127,63
28,83,1365610386748,83,1365610386820,72,144,152,80
28,84,1365610386868,84,1365610386988,120,120,168,48
28,73,1365610387292,73,1365610387340,48,424,352,304
28,78,1365610387460,78,1365610387532,72,168,192,120
28,71,1365610387652,71,1365610387780,128,192,248,120
28,32,1365610387741,32,1365610387828,87,89,48,-39
28,72,1365610387892,72,1365610387964,72,151,136,64
28,84,1365610387948,84,1365610388076,128,56,112,-16
28,32,1365610388132,32,1365610388276,144,184,200,56
28,8,1365610388564,8,1365610388628,64,432,352,288
28,8,1365610388700,8,1365610388772,72,136,144,72
28,8,1365610388836,8,1365610388900,64,136,128,64
28,8,1365610388973,8,1365610389012,39,137,112,73
28,8,1365610389108,8,1365610389132,24,135,120,96
28,84,1365610389532,84,1365610389612,80,424,480,400
28,72,1365610389660,72,1365610389740,80,128,128,48
28,69,1365610389741,69,1365610389860,119,81,120,1
28,32,1365610389812,32,1365610389916,104,71,56,-48
28,65,1365610390652,65,1365610390724,72,840,808,736
28,8,1365610391228,8,1365610391308,80,576,584,504
28,71,1365610391932,71,1365610392005,73,704,697,624
28,89,1365610392156,89,1365610392220,64,224,215,151
28,82,1365610392340,82,1365610392412,72,184,192,120
28,79,1365610392428,79,1365610392492,64,88,80,16
28,32,1365610392524,32,1365610392604,80,96,112,32
28,83,1365610392692,83,1365610392772,80,168,168,88
28,69,1365610392884,69,1365610392948,64,192,176,112
28,78,1365610393052,78,1365610393132,80,168,184,104
28,83,1365610393260,83,1365610393388,128,208,256,128
28,79,1365610393804,79,1365610393876,72,544,488,416
28,82,1365610393972,82,1365610394068,96,168,192,96
28,190,1365610394740,190,1365610394804,64,768,736,672
28,32,1365610396716,32,1365610396796,80,1976,1992,1912
28,16,1365610397044,16,1365610397236,192,328,440,248
28,65,1365610397124,65,1365610397260,136,80,24,-112
28,78,1365610397620,78,1365610397732,112,496,472,360
28,68,1365610397772,68,1365610397924,152,152,192,40
28,32,1365610397876,32,1365610397980,104,104,56,-48
28,73,1365610398588,73,1365610398645,57,712,665,608
28,84,1365610398700,84,1365610398844,144,112,199,55
28,32,1365610398780,32,1365610398876,96,80,32,-64
28,83,1365610399246,83,1365610399268,22,466,392,370
28,67,1365610399972,67,1365610400028,56,726,760,704
28,8,1365610400077,8,1365610400117,40,105,89,49
28,8,1365610400229,8,1365610400285,56,152,168,112
28,67,1365610400501,67,1365610400573,72,272,288,216
28,65,1365610400669,65,1365610400725,56,168,152,96
28,78,1365610400789,78,1365610400861,72,120,136,64
28,32,1365610400877,32,1365610400949,72,88,88,16
28,82,1365610401077,82,1365610401157,80,200,208,128
28,79,1365610401221,79,1365610401277,56,144,120,64
28,84,1365610401349,84,1365610401437,88,128,160,72
28,65,1365610401741,65,1365610401789,48,392,352,304
28,84,1365610402045,84,1365610402125,80,304,336,256
28,69,1365610402253,69,1365610402348,95,208,223,128
28,32,1365610402373,32,1365610402460,87,120,112,25
28,87,1365610402716,87,1365610402796,80,343,336,256
28,73,1365610402852,73,1365610402916,64,136,120,56
28,84,1365610402932,84,1365610403028,96,80,112,16
28,72,1365610403052,72,1365610403116,64,120,88,24
28,32,1365610403140,32,1365610403220,80,88,104,24
28,65,1365610403284,65,1365610403380,96,144,160,64
28,32,1365610403340,32,1365610403436,96,56,56,-40
28,67,1365610404636,67,1365610404708,72,1296,1272,1200
28,69,1365610404852,69,1365610404948,96,216,240,144
28,82,1365610404900,82,1365610405020,120,48,72,-48
28,84,1365610405140,84,1365610405204,64,240,184,120
28,65,1365610405316,65,1365610405372,56,176,168,112
28,73,1365610405476,73,1365610405524,48,160,152,104
28,78,1365610405596,78,1365610405716,120,120,192,72
28,32,1365610405732,32,1365610405796,64,136,80,16
28,65,1365610406517,65,1365610406596,79,785,800,721
28,78,1365610406700,78,1365610406772,72,183,176,104
28,71,1365610407405,71,1365610407484,79,705,712,633
28,85,1365610407524,85,1365610407588,64,119,104,40
28,76,1365610407676,76,1365610407764,88,152,176,88
28,65,1365610407780,65,1365610407860,80,104,96,16
28,82,1365610407860,82,1365610408004,144,80,144,0
28,32,1365610407972,32,1365610408076,104,112,72,-32
28,86,1365610408236,86,1365610408332,96,264,256,160
28,69,1365610408420,69,1365610408492,72,184,160,88
28,76,1365610408636,76,1365610408700,64,216,208,144
28,79,1365610408812,79,1365610408884,72,176,184,112
28,67,1365610408908,67,1365610408972,64,96,88,24
28,73,1365610409044,73,1365610409124,80,136,152,72
28,84,1365610409124,84,1365610409212,88,80,88,0
28,89,1365610409252,89,1365610409308,56,128,96,40
28,32,1365610409356,32,1365610409460,104,104,152,48
28,8,1365610410268,8,1365610410324,56,912,864,808
28,188,1365610410804,188,1365610410868,64,536,544,480
28,32,1365610410892,32,1365610410948,56,88,80,24
28,87,1365610411028,87,1365610411132,104,136,184,80
28,72,1365610411148,72,1365610411212,64,120,80,16
28,69,1365610411212,69,1365610411316,104,64,104,0
28,82,1365610411292,82,1365610411500,208,80,184,-24
28,69,1365610411412,69,1365610411540,128,120,40,-88
28,32,1365610411468,32,1365610411588,120,56,48,-72
28,32,1365610412140,32,1365610412260,120,672,672,552
28,80,1365610412572,80,1365610412644,72,432,384,312
28,8,1365610412836,8,1365610412892,56,264,248,192
28,8,1365610412972,8,1365610413052,80,136,160,80
28,8,1365610413132,8,1365610413180,48,160,128,80
28,8,1365610413252,8,1365610413310,58,120,130,72
28,80,1365610413564,80,1365610413660,96,312,350,254
28,85,1365610413628,85,1365610413756,128,64,96,-32
28,84,1365610413852,84,1365610413980,128,224,224,96
28,32,1365610413932,32,1365610414028,96,80,48,-48
28,84,1365610414116,84,1365610414188,72,184,160,88
28,72,1365610414236,72,1365610414308,72,120,120,48
28,69,1365610414276,69,1365610414396,120,40,88,-32
28,32,1365610414340,32,1365610414436,96,64,40,-56
28,8,1365610414756,8,1365610414820,64,416,384,320
28,8,1365610414900,8,1365610414964,64,144,144,80
28,8,1365610415044,8,1365610415100,56,144,136,80
28,8,1365610415172,8,1365610415244,72,128,144,72
28,8,1365610415300,8,1365610415372,72,128,128,56
28,8,1365610415452,8,1365610415508,56,152,136,80
28,8,1365610415580,8,1365610415644,64,128,136,72
28,8,1365610415732,8,1365610415772,40,152,128,88
28,84,1365610416108,84,1365610416188,80,376,416,336
28,72,1365610416188,72,1365610416284,96,80,96,0
28,69,1365610416284,69,1365610416380,96,96,96,0
28,32,1365610416341,32,1365610416444,103,57,64,-39
28,82,1365610416492,82,1365610416588,96,151,144,48
28,79,1365610416676,79,1365610416748,72,184,160,88
28,66,1365610416788,66,1365610416852,64,112,104,40
28,79,1365610417516,79,1365610417597,81,728,745,664
28,84,1365610417637,84,1365610417757,120,121,160,40
28,32,1365610417693,32,1365610417789,96,56,32,-64
28,73,1365610417885,73,1365610417941,56,192,152,96
28,83,1365610417941,83,1365610418053,112,56,112,0
28,32,1365610418013,32,1365610418117,104,72,64,-40
28,80,1365610418605,80,1365610418717,112,592,600,488
28,85,1365610418685,85,1365610418813,128,80,96,-32
28,84,1365610418893,84,1365610419045,152,208,232,80
28,32,1365610419021,32,1365610419165,144,128,120,-24
28,79,1365610419333,79,1365610419437,104,312,272,168
28,78,1365610419461,78,1365610419581,120,128,144,24
28,190,1365610420028,190,1365610420100,72,567,519,447
28,84,1365696286634,84,1365696286761,127,63,56,-71
28,72,1365696286873,72,1365696286937,64,239,176,112
28,69,1365696286897,69,1365696286993,96,24,56,-40
28,82,1365696286994,82,1365696287201,207,97,208,1
28,69,1365696287081,69,1365696287202,121,87,1,-120
28,32,1365696287154,32,1365696287289,135,73,87,-48
28,73,1365696287497,73,1365696287569,72,343,280,208
28,83,1365696287570,83,1365696287649,79,73,80,1
28,32,1365696287609,32,1365696287673,64,39,24,-40
28,65,1365696287769,65,1365696287881,112,160,208,96
28,32,1365696287809,32,1365696287921,112,40,40,-72
28,68,1365696289073,68,1365696289129,56,1264,1208,1152
28,69,1365696289209,69,1365696289297,88,136,168,80
28,86,1365696289714,86,1365696289785,71,505,488,417
28,73,1365696289833,73,1365696289897,64,119,112,48
28,69,1365696289897,69,1365696289945,48,64,48,0
28,67,1365696290057,67,1365696290097,40,160,152,112
28,69,1365696290193,69,1365696290273,80,136,176,96
28,32,1365696290233,32,1365696290329,96,40,56,-40
28,8,1365696290585,8,1365696290649,64,352,320,256
28,8,1365696290729,8,1365696290785,56,144,136,80
28,8,1365696290873,8,1365696290929,56,144,144,88
28,8,1365696291009,8,1365696291049,40,136,120,80
28,67,1365696291378,67,1365696291434,56,369,385,329
28,69,1365696291530,69,1365696291642,112,152,208,96
28,32,1365696291610,32,1365696291682,72,80,40,-32
28,73,1365696291730,73,1365696291794,64,120,112,48
28,78,1365696291858,78,1365696291946,88,128,152,64
28,32,1365696291947,32,1365696292002,55,89,56,1
28,79,1365696292075,79,1365696292171,96,128,169,73
28,85,1365696292138,85,1365696292250,112,63,79,-33
28,82,1365696292202,82,1365696292330,128,64,80,-48
28,32,1365696292290,32,1365696292394,104,88,64,-40
28,76,1365696292834,76,1365696292906,72,544,512,440
28,65,1365696293018,65,1365696293066,48,184,160,112
28,66,1365696293458,66,1365696293530,72,440,464,392
28,32,1365696295050,32,1365696295130,80,1592,1600,1520
28,67,1365696295259,67,1365696295322,63,209,192,129
28,65,1365696295402,65,1365696295466,64,143,144,80
28,76,1365696295866,76,1365696295922,56,464,456,400
28,76,1365696296018,76,1365696296098,80,152,176,96
28,69,1365696296098,69,1365696296154,56,80,56,0
28,68,1365696296234,68,1365696296314,80,136,160,80
28,32,1365696296290,32,1365696296394,104,56,80,-24
28,16,1365696296770,16,1365696296898,128,480,504,376
28,68,1365696296834,68,1365696296914,80,64,16,-64
28,86,1365696297562,86,1365696297714,152,728,800,648
28,190,1365696298538,190,1365696298602,64,976,888,824
28,32,1365696298634,32,1365696298714,80,96,112,32
28,16,1365696299090,16,1365696299178,88,456,464,376
28,84,1365696299178,84,1365696299242,64,88,64,0
28,72,1365696299338,72,1365696299442,104,160,200,96
28,65,1365696299442,65,1365696299538,96,104,96,0
28,84,1365696299562,84,1365696299642,80,120,104,24
28,8,1365696299770,8,1365696299834,64,208,192,128
28,8,1365696299906,8,1365696299978,72,136,144,72
28,8,1365696300066,8,1365696300114,48,160,136,88
28,8,1365696300130,8,1365696300210,80,64,96,16
28,16,1365696300530,16,1365696300674,144,400,464,320
28,84,1365696300626,84,1365696300730,104,96,56,-48
28,72,1365696300810,72,1365696300890,80,184,160,80
28,65,1365696300866,65,1365696300978,112,56,88,-24
28,84,1365696300978,84,1365696301130,152,112,152,0
28,32,1365696301074,32,1365696301186,112,96,56,-56
28,79,1365696301762,79,1365696301818,56,688,632,576
28,78,1365696301866,78,1365696301962,96,104,144,48
28,69,1365696301938,69,1365696302066,128,72,104,-24
28,32,1365696302010,32,1365696302114,104,72,48,-56
28,87,1365696302394,87,1365696302466,72,384,352,280
28,32,1365696302658,32,1365696302802,144,264,336,192
28,8,1365696303074,8,1365696303130,56,416,328,272
28,8,1365696303210,8,1365696303266,56,136,136,80
28,8,1365696303338,8,1365696303370,32,128,104,72
28,8,1365696303434,8,1365696303490,56,96,120,64
28,73,1365696303674,73,1365696303754,80,240,264,184
28,83,1365696303754,83,1365696303882,128,80,128,0
28,32,1365696303834,32,1365696303929,95,80,47,-48
28,66,1365696304066,66,1365696304145,79,232,216,137
28,82,1365696304314,82,1365696304401,87,248,256,169
28,79,1365696304465,79,1365696304529,64,151,128,64
28,75,1365696304849,75,1365696304922,73,384,393,320
28,69,1365696305346,69,1365696305393,47,497,471,424
28,78,1365696305441,78,1365696305513,72,95,120,48
28,32,1365696305577,32,1365696305649,72,136,136,64
28,65,1365696305785,65,1365696305865,80,208,216,136
28,78,1365696305937,78,1365696306017,80,152,152,72
28,68,1365696306018,68,1365696306137,119,81,120,1
28,32,1365696306097,32,1365696306209,112,79,72,-40
28,87,1365696306362,87,1365696306457,95,265,248,153
28,69,1365696306401,69,1365696306529,128,39,72,-56
28,32,1365696306473,32,1365696306577,104,72,48,-56
28,78,1365696306953,78,1365696307025,72,480,448,376
28,69,1365696307058,69,1365696307121,63,105,96,33
28,69,1365696307201,69,1365696307249,48,143,128,80
28,68,1365696307313,68,1365696307393,80,112,144,64
28,32,1365696307377,32,1365696307465,88,64,72,-16
28,84,1365696307521,84,1365696307601,80,144,136,56
28,79,1365696307633,79,1365696307705,72,112,104,32
28,32,1365696307705,32,1365696307785,80,72,80,0
28,78,1365696308033,78,1365696308073,40,328,288,248
28,85,1365696308169,85,1365696308249,80,136,176,96
28,83,1365696308249,83,1365696308329,80,80,80,0
28,69,1365696308361,69,1365696308449,88,112,120,32
28,8,1365696308610,8,1365696308666,56,249,217,161
28,8,1365696308746,8,1365696308802,56,136,136,80
28,8,1365696308882,8,1365696308938,56,136,136,80
28,8,1365696308986,8,1365696309034,48,104,96,48
28,85,1365696309203,85,1365696309275,72,217,241,169
28,83,1365696309298,83,1365696309362,64,95,87,23
28,69,1365696309338,69,1365696309482,144,40,120,-24
28,32,1365696309482,32,1365696309610,128,144,128,0
28,84,1365696309674,84,1365696309746,72,192,136,64
28,72,1365696309722,72,1365696309803,81,48,57,-24
28,84,1365696309874,84,1365696310066,192,152,263,71
28,32,1365696309970,32,1365696310098,128,96,32,-96
28,8,1365696310586,8,1365696310642,56,616,544,488
28,8,1365696310722,8,1365696310786,64,136,144,80
28,65,1365696310834,65,1365696310914,80,112,128,48
28,84,1365696310954,84,1365696311066,112,120,152,40
28,32,1365696311010,32,1365696311106,96,56,40,-56
28,70,1365696311202,70,1365696311274,72,192,168,96
28,79,1365696311314,79,1365696311370,56,112,96,40
28,82,1365696311354,82,1365696311450,96,40,80,-16
28,32,1365696311426,32,1365696311490,64,72,40,-24
28,65,1365696311578,65,1365696311666,88,152,176,88
28,78,1365696311978,78,1365696312034,56,400,368,312
28,32,1365696312130,32,1365696312218,88,152,184,96
28,69,1365696312242,69,1365696312314,72,112,96,24
28,88,1365696312426,88,1365696312522,96,184,208,112
28,80,1365696312546,80,1365696312594,48,120,72,24
28,69,1365696312642,69,1365696312706,64,96,112,48
28,73,1365696312914,73,1365696312978,64,272,272,208
28,82,1365696313034,82,1365696313098,64,120,120,56
28,8,1365696313410,8,1365696313450,40,376,352,312
28,8,1365696313530,8,1365696313602,72,120,152,80
28,82,1365696313602,82,1365696313682,80,72,80,0
28,73,1365696313770,73,1365696313826,56,168,144,88
28,77,1365696313922,77,1365696314026,104,152,200,96
28,69,1365696314058,69,1365696314130,72,136,104,32
28,78,1365696314178,78,1365696314266,88,120,136,48
28,84,1365696314266,84,1365696314362,96,88,96,0
28,32,1365696315082,32,1365696315178,96,816,816,720
28,84,1365696315786,84,1365696315858,72,704,680,608
28,79,1365696316018,79,1365696316090,72,232,232,160
28,68,1365696316098,68,1365696316162,64,80,72,8
28,65,1365696316218,65,1365696316290,72,120,128,56
28,89,1365696316330,89,1365696316418,88,112,128,40
28,32,1365696317130,32,1365696317210,80,800,792,712
28,8,1365696317954,8,1365696318010,56,824,800,744
28,190,1365696318186,190,1365696318242,56,232,232,176
28,32,1365696318330,32,1365696318394,64,144,152,88
28,16,1365696319466,16,1365696319594,128,1136,1200,1072
28,84,1365696319538,84,1365696319618,80,72,24,-56
28,72,1365696319730,72,1365696319802,72,192,184,112
28,69,1365696319802,69,1365696319906,104,72,104,0
28,32,1365696319858,32,1365696319946,88,56,40,-48
28,8,1365696320002,8,1365696320050,48,144,104,56
28,8,1365696320138,8,1365696320202,64,136,152,88
28,8,1365696320290,8,1365696320322,32,152,120,88
28,8,1365696320370,8,1365696320442,72,80,120,48
28,16,1365696320682,16,1365696320826,144,312,384,240
28,73,1365696320754,73,1365696320826,72,72,0,-72
28,84,1365696320914,84,1365696321033,119,160,207,88
28,32,1365696320970,32,1365696321073,103,56,40,-63
28,73,1365696321778,73,1365696321849,71,808,776,705
28,83,1365696321858,83,1365696321953,95,80,104,9
28,32,1365696321905,32,1365696321993,88,47,40,-48
28,85,1365696322121,85,1365696322193,72,216,200,128
28,83,1365696322193,83,1365696322273,80,72,80,0
28,69,1365696322321,69,1365696322393,72,128,120,48
28,68,1365696322441,68,1365696322546,105,120,153,48
28,32,1365696322522,32,1365696322609,87,81,63,-24
28,84,1365696322674,84,1365696322761,87,152,152,65
28,79,1365696322761,79,1365696322817,56,87,56,0
28,32,1365696322841,32,1365696322929,88,80,112,24
28,69,1365696324601,69,1365696324657,56,1760,1728,1672
28,88,1365696325009,88,1365696325081,72,408,424,352
28,65,1365696325201,65,1365696325233,32,192,152,120
28,77,1365696325369,77,1365696325425,56,168,192,136
28,73,1365696325513,73,1365696325577,64,144,152,88
28,78,1365696325641,78,1365696325721,80,128,144,64
28,69,1365696325953,69,1365696326065,112,312,344,232
28,84,1365696326362,84,1365696326434,72,409,369,297
28,8,1365696326882,8,1365696326946,64,520,512,448
28,32,1365696326978,32,1365696327058,80,96,112,32
28,84,1365696327130,84,1365696327202,72,152,144,72
28,72,1365696327235,72,1365696327314,79,105,112,33
28,69,1365696327314,69,1365696327426,112,79,112,0
28,32,1365696327379,32,1365696327474,95,65,48,-47
28,70,1365696327778,70,1365696327834,56,399,360,304
28,70,1365696328309,70,1365696328386,77,531,552,475
28,76,1365696328650,76,1365696328706,56,341,320,264
28,79,1365696328810,79,1365696328850,40,160,144,104
28,8,1365696328978,8,1365696329026,48,168,176,128
28,8,1365696329114,8,1365696329178,64,136,152,88
28,8,1365696329226,8,1365696329282,56,112,104,48
28,76,1365696329482,76,1365696329546,64,256,264,200
28,79,1365696329642,79,1365696329698,56,160,152,96
28,87,1365696329730,87,1365696329826,96,88,128,32
28,32,1365696329826,32,1365696329898,72,96,72,0
28,65,1365696329978,65,1365696330050,72,152,152,80
28,78,1365696330098,78,1365696330170,72,120,120,48
28,68,1365696330170,68,1365696330266,96,72,96,0
28,32,1365696330218,32,1365696330314,96,48,48,-48
28,83,1365696331010,83,1365696331074,64,792,760,696
28,85,1365696331162,85,1365696331242,80,152,168,88
28,80,1365696331362,80,1365696331410,48,200,168,120
28,80,1365696331482,80,1365696331554,72,120,144,72
28,79,1365696331610,79,1365696331698,88,128,144,56
28,83,1365696331738,83,1365696331810,72,128,112,40
28,69,1365696331866,69,1365696331914,48,128,104,56
28,68,1365696331986,68,1365696332058,72,120,144,72
28,32,1365696332058,32,1365696332138,80,72,80,0
28,84,1365696332210,84,1365696332282,72,152,144,72
28,79,1365696332282,79,1365696332338,56,72,56,0
28,32,1365696332394,32,1365696332490,96,112,152,56
28,80,1365696332690,80,1365696332754,64,296,264,200
28,82,1365696332794,82,1365696332858,64,104,104,40
28,79,1365696332898,79,1365696332986,88,104,128,40
28,86,1365696332986,86,1365696333058,72,88,72,0
28,73,1365696333114,73,1365696333170,56,128,112,56
28,8,1365696333522,8,1365696333578,56,408,408,352
28,73,1365696334082,73,1365696334130,48,560,552,504
28,68,1365696334210,68,1365696334258,48,128,128,80
28,69,1365696334338,69,1365696334434,96,128,176,80
28,32,1365696334410,32,1365696334482,72,72,48,-24
28,65,1365696334554,65,1365696334658,104,144,176,72
28,32,1365696334610,32,1365696334714,104,56,56,-48
28,8,1365696334922,8,1365696334986,64,312,272,208
28,8,1365696335074,8,1365696335138,64,152,152,88
28,80,1365696336946,80,1365696337018,72,1872,1880,1808
28,82,1365696337042,82,1365696337130,88,96,112,24
28,67,1365696337354,67,1365696337402,48,312,272,224
28,8,1365696337761,8,1365696337818,57,407,416,359
28,69,1365696337858,69,1365696337914,56,97,96,40
28,67,1365696338106,67,1365696338162,56,248,248,192
28,73,1365696338250,73,1365696338314,64,144,152,88
28,83,1365696338689,83,1365696338753,64,439,439,375
28,69,1365696338817,69,1365696338931,114,128,178,64
28,32,1365696338906,32,1365696338985,79,89,54,-25
28,70,1365696340193,70,1365696340241,48,1287,1256,1208
28,76,1365696340329,76,1365696340385,56,136,144,88
28,79,1365696340481,79,1365696340545,64,152,160,96
28,87,1365696340577,87,1365696340665,88,96,120,32
28,32,1365696340642,32,1365696340729,87,65,64,-23
28,86,1365696340873,86,1365696340945,72,231,216,144
28,69,1365696341058,69,1365696341113,55,185,168,113
28,76,1365696341289,76,1365696341345,56,231,232,176
28,79,1365696341441,79,1365696341513,72,152,168,96
28,67,1365696341545,67,1365696341601,56,104,88,32
28,73,1365696341673,73,1365696341745,72,128,144,72
28,84,1365696341745,84,1365696341809,64,72,64,0
28,89,1365696341865,89,1365696341945,80,120,136,56
28,190,1365696342361,190,1365696342433,72,496,488,416
28,32,1365696342473,32,1365696342561,88,112,128,40
28,16,1365696343105,16,1365696343241,136,632,680,544
28,65,1365696343177,65,1365696343257,80,72,16,-64
28,78,1365696343361,78,1365696343449,88,184,192,104
28,68,1365696343450,68,1365696343545,95,89,96,1
28,32,1365696343489,32,1365696343602,113,39,57,-56
28,84,1365696344106,84,1365696344186,80,617,584,504
28,72,1365696344210,72,1365696344298,88,104,112,24
28,65,1365696344298,65,1365696344362,64,88,64,0
28,84,1365696344378,84,1365696344522,144,80,160,16
28,32,1365696344458,32,1365696344570,112,80,48,-64
28,67,1365696344859,67,1365696344930,71,401,360,289
28,65,1365696344994,65,1365696345074,80,135,144,64
28,78,1365696345122,78,1365696345194,72,128,120,48
28,32,1365696345210,32,1365696345290,80,88,96,16
28,66,1365696345354,66,1365696345410,56,144,120,64
28,69,1365696345482,69,1365696345594,112,128,184,72
28,32,1365696345546,32,1365696345626,80,64,32,-48
28,85,1365696345722,85,1365696345810,88,176,184,96
28,83,1365696345810,83,1365696345890,80,88,80,0
28,69,1365696345938,69,1365696346002,64,128,112,48
28,68,1365696346066,68,1365696346130,64,128,128,64
28,32,1365696346090,32,1365696346202,112,24,72,-40
28,84,1365696346258,84,1365696346346,88,168,144,56
28,79,1365696346346,79,1365696346426,80,88,80,0
28,32,1365696346426,32,1365696346514,88,80,88,0
28,86,1365696347658,86,1365696347714,56,1232,1200,1144
28,65,1365696347818,65,1365696347866,48,160,152,104
28,76,1365696347962,76,1365696348026,64,144,160,96
28,73,1365696348114,73,1365696348170,56,152,144,88
28,68,1365696348218,68,1365696348274,56,104,104,48
28,69,1365696348346,69,1365696348426,80,128,152,72
28,8,1365696348978,8,1365696349050,72,632,624,552
28,65,1365696349082,65,1365696349162,80,104,112,32
28,84,1365696349186,84,1365696349298,112,104,136,24
28,69,1365696349330,69,1365696349506,176,144,208,32
28,32,1365696349466,32,1365696349578,112,136,72,-40
28,79,1365696349874,79,1365696349962,88,408,384,296
28,85,1365696349938,85,1365696350042,104,64,80,-24
28,82,1365696350058,82,1365696350186,128,120,144,16
28,32,1365696350138,32,1365696350258,120,80,72,-48
28,77,1365696350666,77,1365696350722,56,528,464,408
28,79,1365696350802,79,1365696350882,80,136,160,80
28,68,1365696350898,68,1365696350954,56,96,72,16
28,69,1365696351018,69,1365696351090,72,120,136,64
28,76,1365696351106,76,1365696351186,80,88,96,16
28,190,1365696351762,190,1365696351834,72,656,648,576
29,73,1363369590547,73,1363369590683,136,184,64,-72
29,84,1363369590851,84,1363369590947,96,304,264,168
29,32,1363369590947,32,1363369591083,136,96,136,0
29,87,1363369591147,87,1363369591275,128,200,192,64
29,65,1363369591347,65,1363369591499,152,200,224,72
29,83,1363369591499,83,1363369591675,176,152,176,0
29,32,1363369591643,32,1363369591811,168,144,136,-32
29,84,1363369591827,84,1363369591979,152,184,168,16
29,72,1363369591939,72,1363369592051,112,112,72,-40
29,69,1363369592035,69,1363369592195,160,96,144,-16
29,32,1363369592131,32,1363369592251,120,96,56,-64
29,66,1363369592387,66,1363369592467,80,256,216,136
29,69,1363369592579,69,1363369592699,120,192,232,112
29,83,1363369592771,83,1363369592931,160,192,232,72
29,84,1363369592931,84,1363369593059,128,160,128,0
29,32,1363369593019,32,1363369593155,136,88,96,-40
29,79,1363369593363,79,1363369593483,120,344,328,208
29,70,1363369593499,70,1363369593635,136,136,152,16
29,32,1363369593595,32,1363369593709,114,96,74,-40
29,84,1363369593827,84,1363369593988,161,232,279,118
29,73,1363369593964,73,1363369594052,88,137,64,-24
29,77,1363369594152,77,1363369594252,100,188,200,100
29,69,1363369594252,69,1363369594356,104,100,104,0
29,83,1363369594476,83,1363369594597,121,224,241,120
29,188,1363369594678,188,1363369594780,102,202,183,81
29,32,1363369594812,32,1363369594924,112,134,144,32
29,73,1363369595020,73,1363369595131,111,208,207,96
29,84,1363369595180,84,1363369595316,136,160,185,49
29,32,1363369595316,32,1363369595435,119,136,119,0
29,87,1363369595483,87,1363369595587,104,167,152,48
29,65,1363369595668,65,1363369595833,165,185,246,81
29,83,1363369595833,83,1363369595995,162,165,162,0
29,32,1363369595940,32,1363369596075,135,107,80,-55
29,84,1363369596139,84,1363369596291,152,199,216,64
29,72,1363369596260,72,1363369596372,112,121,81,-31
29,69,1363369596372,69,1363369596530,158,112,158,0
29,32,1363369596476,32,1363369596587,111,104,57,-54
29,87,1363369596667,87,1363369596835,168,191,248,80
29,79,1363369596907,79,1363369597068,161,240,233,72
29,82,1363369597187,82,1363369597331,144,280,263,119
29,83,1363369597475,83,1363369597627,152,288,296,144
29,84,1363369597596,84,1363369597755,159,121,128,-31
29,32,1363369597707,32,1363369597835,128,111,80,-48
29,79,1363369597875,79,1363369598011,136,168,176,40
29,70,1363369598020,70,1363369598155,135,145,144,9
29,32,1363369598115,32,1363369598230,115,95,75,-40
29,84,1363369598299,84,1363369598451,152,184,221,69
29,73,1363369598427,73,1363369598523,96,128,72,-24
29,77,1363369598611,77,1363369598731,120,184,208,88
29,69,1363369598732,69,1363369598851,119,121,120,1
29,83,1363369598955,83,1363369599099,144,223,248,104
29,188,1363369599124,188,1363369599243,119,169,144,25
29,32,1363369599267,32,1363369599395,128,143,152,24
29,73,1363369599476,73,1363369599595,119,209,200,81
29,84,1363369599866,84,1363369600010,144,390,415,271
29,32,1363369600010,32,1363369600138,128,144,128,0
29,87,1363369600218,87,1363369600322,104,208,184,80
29,65,1363369600402,65,1363369600586,184,184,264,80
29,83,1363369600546,83,1363369600730,184,144,144,-40
29,32,1363369600674,32,1363369600834,160,128,104,-56
29,84,1363369600869,84,1363369601010,141,195,176,35
29,72,1363369600970,72,1363369601082,112,101,72,-40
29,69,1363369601082,69,1363369601242,160,112,160,0
29,32,1363369601186,32,1363369601314,128,104,72,-56
29,65,1363369601371,65,1363369601539,168,185,225,57
29,71,1363369601602,71,1363369601698,96,231,159,63
29,69,1363369601794,69,1363369601962,168,192,264,96
29,32,1363369601978,32,1363369602074,96,184,112,16
29,79,1363369602130,79,1363369602258,128,152,184,56
29,70,1363369602266,70,1363369602387,121,136,129,8
29,32,1363369602374,32,1363369602490,116,108,103,-13
29,87,1363369602538,87,1363369602690,152,164,200,48
29,73,1363369602666,73,1363369602786,120,128,96,-24
29,83,1363369602866,83,1363369602978,112,200,192,80
29,68,1363369603146,68,1363369603290,144,280,312,168
29,79,1363369603290,79,1363369603394,104,144,104,0
29,77,1363369603458,77,1363369603554,96,168,160,64
29,188,1363369603710,188,1363369603818,108,252,264,156
29,32,1363369603906,32,1363369604035,129,196,217,88
29,73,1363369604122,73,1363369604242,120,216,207,87
29,84,1363369604290,84,1363369604442,152,168,200,48
29,32,1363369604418,32,1363369604546,128,128,104,-24
29,87,1363369604610,87,1363369604722,112,192,176,64
29,65,1363369604802,65,1363369604986,184,192,264,80
29,83,1363369604946,83,1363369605141,195,144,155,-40
29,32,1363369605106,32,1363369605250,144,160,109,-35
29,84,1363369605282,84,1363369605426,144,176,176,32
29,72,1363369605394,72,1363369605506,112,112,80,-32
29,69,1363369605506,69,1363369605642,136,112,136,0
29,32,1363369605778,32,1363369605914,136,272,272,136
29,65,1363369606258,65,1363369606442,184,480,528,344
29,71,1363369606442,71,1363369606546,104,184,104,0
29,69,1363369606610,69,1363369606762,152,168,216,64
29,32,1363369606794,32,1363369606914,120,184,152,32
29,79,1363369606970,79,1363369607090,120,176,176,56
29,70,1363369607106,70,1363369607242,136,136,152,16
29,32,1363369607242,32,1363369607362,120,136,120,0
29,70,1363369607476,70,1363369607602,126,234,240,114
29,79,1363369607666,79,1363369607758,92,190,156,64
29,76,1363369607914,76,1363369607986,72,248,228,156
29,76,1363369608058,76,1363369608146,88,144,160,72
29,73,1363369608250,73,1363369608402,152,192,256,104
29,83,1363369608402,83,1363369608586,184,152,184,0
29,72,1363369608563,72,1363369608658,95,161,72,-23
29,78,1363369609026,78,1363369609130,104,463,472,368
29,69,1363369609178,69,1363369609314,136,152,184,48
29,83,1363369609431,83,1363369609506,75,253,192,117
29,83,1363369609594,83,1363369609705,111,163,199,88
29,188,1363369609786,188,1363369609890,104,192,185,81
29,32,1363369609930,32,1363369610066,136,144,176,40
29,73,1363369610148,73,1363369610266,118,218,200,82
29,84,1363369610306,84,1363369610442,136,158,176,40
29,32,1363369610442,32,1363369610562,120,136,120,0
29,87,1363369610602,87,1363369610730,128,160,168,40
29,65,1363369610786,65,1363369610938,152,184,208,56
29,83,1363369610938,83,1363369611122,184,152,184,0
29,32,1363369611034,32,1363369611186,152,96,64,-88
29,84,1363369611224,84,1363369611362,138,190,176,38
29,72,1363369611320,72,1363369611435,115,96,73,-42
29,69,1363369611419,69,1363369611595,176,99,160,-16
29,32,1363369611547,32,1363369611667,120,128,72,-48
29,69,1363369612043,69,1363369612171,128,496,504,376
29,80,1363369612427,80,1363369612550,123,384,379,256
29,79,1363369612648,79,1363369612787,139,221,237,98
29,67,1363369612923,67,1363369613074,151,275,287,136
29,72,1363369613075,72,1363369613195,120,152,121,1
29,32,1363369613227,32,1363369613322,95,152,127,32
29,79,1363369613491,79,1363369613611,120,264,289,169
29,70,1363369613706,70,1363369613858,152,215,247,95
29,32,1363369613891,32,1363369614027,136,185,169,33
29,66,1363369614227,66,1363369614355,128,336,328,200
29,69,1363369614621,69,1363369614738,117,394,383,266
29,76,1363369614946,76,1363369615034,88,325,296,208
29,73,1363369615242,73,1363369615331,89,296,297,208
29,69,1363369615562,69,1363369615698,136,320,367,231
29,70,1363369616202,70,1363369616314,112,640,616,504
29,188,1363369616730,188,1363369616842,112,528,528,416
29,32,1363369616946,32,1363369617098,152,216,256,104
29,84,1363369617180,84,1363369617322,142,234,224,82
29,73,1363369617275,73,1363369617426,151,95,104,-47
29,8,1363369617730,8,1363369617802,72,455,376,304
29,8,1363369617898,8,1363369617962,64,168,160,96
29,73,1363369618466,73,1363369618594,128,568,632,504
29,84,1363369618650,84,1363369618794,144,184,200,56
29,32,1363369618794,32,1363369618930,136,144,136,0
29,87,1363369618965,87,1363369619082,117,171,152,35
29,65,1363369619195,65,1363369619338,143,230,256,113
29,83,1363369619338,83,1363369619490,152,143,152,0
29,32,1363369619450,32,1363369619570,120,112,80,-40
29,84,1363369619690,84,1363369619818,128,240,248,120
29,72,1363369619794,72,1363369619906,112,104,88,-24
29,69,1363369619906,69,1363369620042,136,112,136,0
29,32,1363369620018,32,1363369620122,104,112,80,-24
29,69,1363369620250,69,1363369620378,128,232,256,128
29,80,1363369620498,80,1363369620594,96,248,216,120
29,79,1363369620770,79,1363369620858,88,272,264,176
29,67,1363369621138,67,1363369621226,88,368,368,280
29,72,1363369621306,72,1363369621458,152,168,232,80
29,32,1363369621458,32,1363369621573,115,152,115,0
29,79,1363369621698,79,1363369621819,121,240,246,125
29,70,1363369621819,70,1363369621978,159,121,159,0
29,32,1363369621954,32,1363369622082,128,135,104,-24
29,73,1363369622884,73,1363369622962,78,930,880,802
29,78,1363369623081,78,1363369623146,65,197,184,119
29,67,1363369623338,67,1363369623474,136,257,328,192
29,82,1363369623666,82,1363369623795,129,328,321,192
29,69,1363369623795,69,1363369623938,143,129,143,0
29,68,1363369624082,68,1363369624210,128,287,272,144
29,85,1363369624346,85,1363369624450,104,264,240,136
29,76,1363369624594,76,1363369624658,64,248,208,144
29,73,1363369624738,73,1363369624847,109,144,189,80
29,84,1363369624859,84,1363369625018,159,121,171,12
29,89,1363369624986,89,1363369625098,112,127,80,-32
29,188,1363369625362,188,1363369625482,120,376,384,264
29,32,1363369625554,32,1363369625663,109,192,181,72
29,73,1363369625738,73,1363369625858,120,184,195,75
29,84,1363369625938,84,1363369626082,144,200,224,80
29,32,1363369626082,32,1363369626202,120,144,120,0
29,87,1363369626242,87,1363369626330,88,160,128,40
29,65,1363369626451,65,1363369626546,95,209,216,121
29,83,1363369626546,83,1363369626738,192,95,192,0
29,32,1363369626690,32,1363369626818,128,144,80,-48
29,84,1363369626842,84,1363369626988,146,152,170,24
29,72,1363369626946,72,1363369627066,120,104,78,-42
29,69,1363369627066,69,1363369627210,144,120,144,0
29,32,1363369627164,32,1363369627282,118,98,72,-46
29,83,1363369627426,83,1363369627562,136,262,280,144
29,69,1363369627610,69,1363369627754,144,184,192,48
29,65,1363369627842,65,1363369627994,152,232,240,88
29,83,1363369628138,83,1363369628258,120,296,264,144
29,79,1363369628282,79,1363369628371,89,144,113,24
29,78,1363369628442,78,1363369628554,112,160,183,71
29,32,1363369628578,32,1363369628730,152,136,176,24
29,79,1363369629179,79,1363369629275,96,601,545,449
29,70,1363369629275,70,1363369629405,130,96,130,0
29,32,1363369629363,32,1363369629491,128,88,86,-42
29,76,1363369629579,76,1363369629763,184,216,272,88
29,8,1363369630536,8,1363369630611,75,957,848,773
29,16,1363369630986,16,1363369631322,336,450,711,375
29,76,1363369631244,76,1363369631339,95,258,17,-78
29,73,1363369631450,73,1363369631594,144,206,255,111
29,71,1363369631818,71,1363369631970,152,368,376,224
29,72,1363369632050,72,1363369632163,113,232,193,80
29,84,1363369632779,84,1363369632898,119,729,735,616
29,188,1363369633138,188,1363369633250,112,359,352,240
29,32,1363369633322,32,1363369633466,144,184,216,72
29,73,1363369633826,73,1363369633986,160,504,520,360
29,84,1363369634106,84,1363369634258,152,280,272,120
29,32,1363369634234,32,1363369634378,144,128,120,-24
29,87,1363369634402,87,1363369634482,80,168,104,24
29,65,1363369634570,65,1363369634706,136,168,224,88
29,83,1363369634690,83,1363369634865,175,120,159,-16
29,32,1363369634770,32,1363369634922,152,80,57,-95
29,84,1363369634986,84,1363369635145,159,216,223,64
29,72,1363369635098,72,1363369635210,112,112,65,-47
29,69,1363369635298,69,1363369635458,160,200,248,88
29,32,1363369635458,32,1363369635592,134,160,134,0
29,83,1363369635826,83,1363369635946,120,368,354,234
29,69,1363369635970,69,1363369636106,136,144,160,24
29,65,1363369636154,65,1363369636290,136,184,184,48
29,83,1363369636397,83,1363369636530,133,243,240,107
29,79,1363369636530,79,1363369636610,80,133,80,0
29,78,1363369636690,78,1363369636818,128,160,208,80
29,32,1363369636818,32,1363369636922,104,128,104,0
29,79,1363369636978,79,1363369637098,120,160,176,56
29,70,1363369637098,70,1363369637258,160,120,160,0
29,32,1363369637226,32,1363369637346,120,128,88,-32
29,16,1363369637442,16,1363369637714,272,216,368,96
29,68,1363369637639,68,1363369637786,147,197,72,-75
29,65,1363369637915,65,1363369638098,183,276,312,129
29,82,1363369638086,82,1363369638258,172,171,160,-12
29,75,1363369638298,75,1363369638410,112,212,152,40
29,78,1363369638722,78,1363369638810,88,424,400,312
29,69,1363369638858,69,1363369638986,128,136,176,48
29,83,1363369639130,83,1363369639202,72,272,216,144
29,83,1363369639306,83,1363369639429,123,176,227,104
29,188,1363369639474,188,1363369639578,104,168,149,45
29,32,1363369639618,32,1363369639746,128,144,168,40
29,73,1363369639850,73,1363369639974,124,232,228,104
29,84,1363369640010,84,1363369640153,143,160,179,36
29,32,1363369640178,32,1363369640314,136,168,161,25
29,87,1363369640329,87,1363369640442,113,151,128,15
29,65,1363369640511,65,1363369640658,147,182,216,69
29,83,1363369640634,83,1363369640818,184,123,160,-24
29,32,1363369640754,32,1363369640906,152,120,88,-64
29,84,1363369640922,84,1363369641074,152,168,168,16
29,72,1363369641034,72,1363369641144,110,112,70,-40
29,69,1363369641122,69,1363369641258,136,88,114,-22
29,32,1363369641237,32,1363369641354,117,115,96,-21
29,83,1363369641458,83,1363369641626,168,221,272,104
29,80,1363369641690,80,1363369641826,136,232,200,64
29,82,1363369641850,82,1363369642034,184,160,208,24
29,73,1363369642002,73,1363369642090,88,152,56,-32
29,78,1363369642186,78,1363369642307,121,184,217,96
29,71,1363369642307,71,1363369642442,135,121,135,0
29,32,1363369642418,32,1363369642538,120,111,96,-24
29,79,1363369642634,79,1363369642747,113,216,209,96
29,70,1363369642747,70,1363369642890,143,113,143,0
29,32,1363369642866,32,1363369642978,112,119,88,-24
29,72,1363369643066,72,1363369643170,104,200,192,88
29,79,1363369643258,79,1363369643330,72,192,160,88
29,80,1363369643474,80,1363369643586,112,216,256,144
29,69,1363369643626,69,1363369643770,144,152,184,40
29,188,1363369643818,188,1363369643930,112,192,160,48
29,32,1363369644002,32,1363369644114,112,184,184,72
29,73,1363369644202,73,1363369644314,112,200,200,88
29,84,1363369644410,84,1363369644546,136,208,232,96
29,32,1363369644522,32,1363369644642,120,112,96,-24
29,87,1363369644666,87,1363369644786,120,144,144,24
29,65,1363369644889,65,1363369645010,121,223,224,103
29,83,1363369644994,83,1363369645162,168,105,152,-16
29,32,1363369645106,32,1363369645250,144,112,88,-56
29,84,1363369645234,84,1363369645394,160,128,144,-16
29,72,1363369645362,72,1363369645482,120,128,88,-32
29,69,1363369645482,69,1363369645626,144,120,144,0
29,32,1363369645610,32,1363369645738,128,128,112,-16
29,87,1363369645922,87,1363369646082,160,312,344,184
29,73,1363369646106,73,1363369646218,112,184,136,24
29,78,1363369646322,78,1363369646443,121,216,225,104
29,84,1363369646443,84,1363369646555,112,121,112,0
29,69,1363369646587,69,1363369646779,192,144,224,32
29,82,1363369646731,82,1363369646875,144,144,96,-48
29,32,1363369646867,32,1363369646995,128,136,120,-8
29,79,1363369647051,79,1363369647163,112,184,168,56
29,70,1363369647147,70,1363369647283,136,96,120,-16
29,32,1363369647283,32,1363369647395,112,136,112,0
29,68,1363369647565,68,1363369647675,110,282,280,170
29,69,1363369647803,69,1363369647947,144,238,272,128
29,80,1363369648083,80,1363369648211,128,280,264,136
29,83,1363369648666,83,1363369648770,104,583,559,455
29,8,1363369649026,8,1363369649130,104,360,360,256
29,65,1363369649412,65,1363369649514,102,386,384,282
29,73,1363369649722,73,1363369649858,136,310,344,208
29,82,1363369649906,82,1363369650074,168,184,216,48
29,188,1363369650338,188,1363369650442,104,432,368,264
29,32,1363369650506,32,1363369650652,146,168,210,64
29,87,1363369650690,87,1363369650826,136,184,174,38
29,8,1363369651794,8,1363369651905,111,1104,1079,968
29,8,1363369651995,8,1363369652066,71,201,161,90
29,8,1363369652154,8,1363369652234,80,159,168,88
29,8,1363369652322,8,1363369652394,72,168,160,88
29,8,1363369652490,8,1363369652554,64,168,160,96
29,8,1363369652650,8,1363369652730,80,160,176,96
29,8,1363369652826,8,1363369652907,81,176,177,96
29,83,1363369653223,83,1363369653318,95,397,411,316
29,80,1363369653578,80,1363369653730,152,355,412,260
29,65,1363369653890,65,1363369654098,208,312,368,160
29,73,1363369654258,73,1363369654394,136,368,296,160
29,82,1363369654418,82,1363369654570,152,160,176,24
29,188,1363369654802,188,1363369654898,96,384,328,232
29,32,1363369654954,32,1363369655082,128,152,184,56
29,87,1363369655674,87,1363369655858,184,720,776,592
29,69,1363369655834,69,1363369655975,141,160,117,-24
29,32,1363369655914,32,1363369656026,112,80,51,-61
29,72,1363369656098,72,1363369656226,128,184,200,72
29,65,1363369656234,65,1363369656354,120,136,128,8
29,68,1363369656418,68,1363369656578,160,184,224,64
29,32,1363369656554,32,1363369656658,104,136,80,-24
29,69,1363369662771,69,1363369662867,96,6217,6209,6113
29,86,1363369662971,86,1363369663059,88,200,192,104
29,69,1363369663187,69,1363369663333,146,216,274,128
29,82,1363369663299,82,1363369663435,136,112,102,-34
29,89,1363369663594,89,1363369663691,97,295,256,159
29,84,1363369663787,84,1363369663940,153,193,249,96
29,73,1363369664004,73,1363369664126,122,217,186,64
29,78,1363369664212,78,1363369664332,120,208,206,86
29,71,1363369664332,71,1363369664468,136,120,136,0
29,32,1363369664492,32,1363369664628,136,160,160,24
29,8,1363369665163,8,1363369665252,89,671,624,535
29,8,1363369665380,8,1363369665435,55,217,183,128
29,8,1363369665539,8,1363369665603,64,159,168,104
29,8,1363369666067,8,1363369666156,89,528,553,464
29,72,1363369666683,72,1363369666795,112,616,639,527
29,73,1363369666827,73,1363369666923,96,144,128,32
29,78,1363369666996,78,1363369667107,111,169,184,73
29,71,1363369667092,71,1363369667246,154,96,139,-15
29,32,1363369667196,32,1363369667333,137,104,87,-50
29,66,1363369667451,66,1363369667547,96,255,214,118
29,69,1363369667700,69,1363369667795,95,249,248,153
29,70,1363369667959,70,1363369668107,148,259,312,164
29,79,1363369668148,79,1363369668267,119,189,160,41
29,82,1363369668268,82,1363369668475,207,120,208,1
29,69,1363369668419,69,1363369668571,152,151,96,-56
29,32,1363369668507,32,1363369668619,112,88,48,-64
29,85,1363369668731,85,1363369668835,104,224,216,112
29,83,1363369668859,83,1363369668995,136,128,160,24
29,188,1363369669051,188,1363369669139,88,192,144,56
29,32,1363369669187,32,1363369669331,144,136,192,48
29,87,1363369669387,87,1363369669571,184,200,240,56
29,69,1363369669499,69,1363369669683,184,112,112,-72
29,32,1363369669619,32,1363369669747,128,120,64,-64
29,72,1363369669915,72,1363369670043,128,296,296,168
29,65,1363369670043,65,1363369670219,176,128,176,0
29,68,1363369670195,68,1363369670363,168,152,144,-24
29,32,1363369670315,32,1363369670411,96,120,48,-48
29,78,1363369670499,78,1363369670587,88,184,176,88
29,79,1363369670675,79,1363369670803,128,176,216,88
29,84,1363369670803,84,1363369670939,136,128,136,0
29,72,1363369670939,72,1363369671035,96,136,96,0
29,73,1363369671110,73,1363369671203,93,171,168,75
29,78,1363369671267,78,1363369671396,129,157,193,64
29,71,1363369671396,71,1363369671523,127,129,127,0
29,32,1363369671491,32,1363369671619,128,95,96,-32
29,66,1363369671741,66,1363369671851,110,250,232,122
29,69,1363369671971,69,1363369672091,120,230,240,120
29,70,1363369672283,70,1363369672419,136,312,328,192
29,79,1363369672419,79,1363369672539,120,136,120,0
29,82,1363369672539,82,1363369672715,176,120,176,0
29,69,1363369672715,69,1363369672835,120,176,120,0
29,32,1363369672835,32,1363369672931,96,120,96,0
29,85,1363369673019,85,1363369673147,128,184,216,88
29,83,1363369673235,83,1363369673371,136,216,224,88
29,188,1363369673443,188,1363369673539,96,208,168,72
29,32,1363369673587,32,1363369673723,136,144,184,48
29,87,1363369673775,87,1363369673979,204,188,256,52
29,69,1363369673899,69,1363369674059,160,124,80,-80
29,32,1363369674044,32,1363369674163,119,145,104,-15
29,87,1363369674291,87,1363369674435,144,247,272,128
29,69,1363369674486,69,1363369674635,149,195,200,51
29,82,1363369674611,82,1363369674819,208,125,184,-24
29,69,1363369674747,69,1363369674899,152,136,80,-72
29,32,1363369674955,32,1363369675104,149,208,205,56
29,65,1363369675227,65,1363369675383,156,272,279,123
29,76,1363369675419,76,1363369675462,43,192,79,36
29,76,1363369675547,76,1363369675611,64,128,149,85
29,32,1363369675691,32,1363369675818,127,144,207,80
29,71,1363369676099,71,1363369676267,168,408,449,281
29,79,1363369676268,79,1363369676365,97,169,98,1
29,73,1363369676365,73,1363369676459,94,97,94,0
29,78,1363369676543,78,1363369676643,100,178,184,84
29,71,1363369676611,71,1363369676763,152,68,120,-32
29,32,1363369676739,32,1363369676859,120,128,96,-24
29,68,1363369676923,68,1363369677081,158,184,222,64
29,73,1363369677091,73,1363369677219,128,168,138,10
29,82,1363369677315,82,1363369677467,152,224,248,96
29,69,1363369677467,69,1363369677579,112,152,112,0
29,67,1363369677803,67,1363369677923,120,336,344,224
29,84,1363369678050,84,1363369678203,153,247,280,127
29,32,1363369678171,32,1363369678307,136,121,104,-32
29,84,1363369678339,84,1363369678487,148,168,180,32
29,79,1363369678451,79,1363369678576,125,112,89,-36
29,32,1363369678556,32,1363369678684,128,105,108,-20
29,16,1363369678947,16,1363369679323,376,391,639,263
29,72,1363369679203,72,1363369679323,120,256,0,-120
29,69,1363369679475,69,1363369679587,112,272,264,152
29,65,1363369679652,65,1363369679803,151,177,216,65
29,86,1363369679891,86,1363369680011,120,239,208,88
29,69,1363369680107,69,1363369680243,136,216,232,96
29,78,1363369680211,78,1363369680275,64,104,32,-32
29,188,1363369680403,188,1363369680507,104,192,232,128
29,32,1363369680563,32,1363369680714,151,160,207,56
29,87,1363369680771,87,1363369680931,160,208,217,57
29,69,1363369680883,69,1363369681027,144,112,96,-48
29,32,1363369680981,32,1363369681091,110,98,64,-46
29,87,1363369681211,87,1363369681356,145,230,265,120
29,69,1363369681356,69,1363369681492,136,145,136,0
29,82,1363369681460,82,1363369681705,245,104,213,-32
29,69,1363369681628,69,1363369681772,144,168,67,-77
29,32,1363369681804,32,1363369681924,120,176,152,32
29,65,1363369682012,65,1363369682164,152,208,240,88
29,76,1363369682148,76,1363369682204,56,136,40,-16
29,76,1363369682300,76,1363369682372,72,152,168,96
29,32,1363369682430,32,1363369682572,142,130,200,58
29,71,1363369682620,71,1363369682768,148,190,196,48
29,79,1363369682768,79,1363369682844,76,148,76,0
29,73,1363369682844,73,1363369682940,96,76,96,0
29,78,1363369683028,78,1363369683135,107,184,195,88
29,71,1363369683108,71,1363369683228,120,80,93,-27
29,32,1363369683251,32,1363369683355,104,143,127,23
29,68,1363369683524,68,1363369683683,159,273,328,169
29,73,1363369683715,73,1363369683831,116,191,148,32
29,82,1363369684010,82,1363369684172,162,295,341,179
29,69,1363369684172,69,1363369684280,108,162,108,0
29,67,1363369684443,67,1363369684563,120,271,283,163
29,84,1363369684667,84,1363369684827,160,224,264,104
29,32,1363369684788,32,1363369684931,143,121,104,-39
29,84,1363369684963,84,1363369685107,144,175,176,32
29,72,1363369685059,72,1363369685163,104,96,56,-48
29,69,1363369685164,69,1363369685315,151,105,152,1
29,32,1363369685275,32,1363369685387,112,111,72,-40
29,79,1363369685475,79,1363369685595,120,200,208,88
29,84,1363369685563,84,1363369685721,158,88,126,-32
29,72,1363369685691,72,1363369685795,104,128,74,-30
29,69,1363369685747,69,1363369685996,249,56,201,-48
29,82,1363369685908,82,1363369686051,143,161,55,-88
29,32,1363369685955,32,1363369686099,144,47,48,-96
29,87,1363369686163,87,1363369686268,105,208,169,64
29,65,1363369686345,65,1363369686523,178,182,255,77
29,89,1363369686483,89,1363369686540,57,138,17,-40
29,190,1363369686915,190,1363369687003,88,432,463,375
29,46,1363369693067,46,1363369693131,64,6152,6128,6064
29,79,1363369693779,79,1363369693875,96,712,744,648
29,68,1363879487946,68,1363879488098,152,504,0,-152
29,69,1363879488266,69,1363879488386,120,320,288,168
29,83,1363879488554,83,1363879488754,200,288,368,168
29,73,1363879488754,73,1363879488906,152,200,152,0
29,71,1363879489050,71,1363879489194,144,296,288,144
29,78,1363879489194,78,1363879489322,128,144,128,0
29,32,1363879489362,32,1363879489506,144,168,184,40
29,65,1363879489546,65,1363879489714,168,184,208,40
29,32,1363879489674,32,1363879489802,128,128,88,-40
29,77,1363879489946,77,1363879490066,120,272,264,144
29,65,1363879490106,65,1363879490258,152,160,192,40
29,83,1363879490370,83,1363879490442,72,264,184,112
29,83,1363879490554,83,1363879490666,112,184,224,112
29,73,1363879490722,73,1363879490866,144,168,200,56
29,86,1363879490978,86,1363879491090,112,256,224,112
29,69,1363879491234,69,1363879491338,104,256,248,144
29,76,1363879491338,76,1363879491442,104,104,104,0
29,89,1363879491562,89,1363879491690,128,224,248,120
29,32,1363879491770,32,1363879491906,136,208,216,80
29,80,1363879492282,80,1363879492410,128,512,504,376
29,65,1363879492594,65,1363879492730,136,312,320,184
29,82,1363879492842,82,1363879492994,152,248,264,112
29,65,1363879493042,65,1363879493194,152,200,200,48
29,76,1363879493250,76,1363879493305,55,208,111,56
29,76,1363879493401,76,1363879493489,88,151,184,96
29,69,1363879493530,69,1363879493690,160,129,201,41
29,76,1363879493690,76,1363879493785,95,160,95,0
29,32,1363879493849,32,1363879493986,137,159,201,64
29,65,1363879494073,65,1363879494210,137,224,224,87
29,82,1363879494305,82,1363879494442,137,232,232,95
29,72,1363879494818,72,1363879494905,87,513,463,376
29,8,1363879495554,8,1363879495642,88,736,737,649
29,67,1363879496073,67,1363879496241,168,519,599,431
29,72,1363879496305,72,1363879496410,105,232,169,64
29,73,1363879496513,73,1363879496609,96,208,199,103
29,84,1363879497009,84,1363879497138,129,496,529,400
29,69,1363879497185,69,1363879497313,128,176,175,47
29,67,1363879498089,67,1363879498241,152,904,928,776
29,84,1363879498545,84,1363879498657,112,456,416,304
29,85,1363879498753,85,1363879498889,136,208,232,96
29,82,1363879498889,82,1363879499057,168,136,168,0
29,69,1363879499057,69,1363879499225,168,168,168,0
29,32,1363879499529,32,1363879499665,136,472,440,304
29,67,1363879499969,67,1363879500129,160,440,464,304
29,79,1363879500153,79,1363879500233,80,184,104,24
29,77,1363879500321,77,1363879500441,120,168,208,88
29,80,1363879500585,80,1363879500698,113,264,257,144
29,79,1363879500818,79,1363879500946,128,233,248,120
29,83,1363879500986,83,1363879501170,184,168,224,40
29,69,1363879501194,69,1363879501306,112,208,136,24
29,68,1363879501450,68,1363879501618,168,256,312,144
29,32,1363879501570,32,1363879501682,112,120,64,-48
29,79,1363879501730,79,1363879501874,144,160,192,48
29,70,1363879501858,70,1363879501994,136,128,120,-16
29,32,1363879501962,32,1363879502090,128,104,96,-32
29,77,1363879502194,77,1363879502322,128,232,232,104
29,65,1363879502514,65,1363879502666,152,320,344,192
29,78,1363879502954,78,1363879503042,88,440,376,288
29,89,1363879503154,89,1363879503298,144,200,256,112
29,32,1363879503394,32,1363879503538,144,240,240,96
29,83,1363879503683,83,1363879503850,167,289,312,145
29,73,1363879503818,73,1363879503922,104,135,72,-32
29,77,1363879504018,77,1363879504138,120,200,216,96
29,80,1363879504322,80,1363879504442,120,304,304,184
29,76,1363879504554,76,1363879504682,128,232,240,112
29,69,1363879504682,69,1363879504874,192,128,192,0
29,32,1363879504810,32,1363879504946,136,128,72,-64
29,80,1363879505162,80,1363879505290,128,352,344,216
29,82,1363879505386,82,1363879505554,168,224,264,96
29,79,1363879505666,79,1363879505802,136,280,248,112
29,67,1363879505986,67,1363879506114,128,320,312,184
29,69,1363879506274,69,1363879506394,120,288,280,160
29,83,1363879506538,83,1363879506594,56,264,200,144
29,83,1363879506706,83,1363879506842,136,168,248,112
29,73,1363879506914,73,1363879507018,104,208,176,72
29,78,1363879507130,78,1363879507258,128,216,240,112
29,71,1363879507338,71,1363879507466,128,208,208,80
29,32,1363879507554,32,1363879507682,128,216,216,88
29,69,1363879508202,69,1363879508362,160,648,680,520
29,76,1363879508378,76,1363879508498,120,176,136,16
29,69,1363879508522,69,1363879508674,152,144,176,24
29,77,1363879508890,77,1363879509050,160,368,376,216
29,69,1363879509098,69,1363879509274,176,208,224,48
29,78,1363879509490,78,1363879509626,136,392,352,216
29,84,1363879509698,84,1363879509834,136,208,208,72
29,83,1363879510002,83,1363879510186,184,304,352,168
29,32,1363879510218,32,1363879510362,144,216,176,32
29,73,1363879510498,73,1363879510585,87,280,223,136
29,78,1363879510706,78,1363879510826,120,208,241,121
29,84,1363879510882,84,1363879510994,112,176,168,56
29,69,1363879511050,69,1363879511242,192,168,248,56
29,82,1363879511194,82,1363879511330,136,144,88,-48
29,67,1363879511586,67,1363879511730,144,392,400,256
29,79,1363879511769,79,1363879511873,104,183,143,39
29,78,1363879512065,78,1363879512129,64,296,256,192
29,78,1363879512233,78,1363879512330,97,168,201,104
29,69,1363879512490,69,1363879512569,79,257,239,160
29,67,1363879512786,67,1363879512921,135,296,352,217
29,84,1363879513162,84,1363879513289,127,376,368,241
29,69,1363879513377,69,1363879513489,112,215,200,88
29,68,1363879513641,68,1363879513793,152,264,304,152
29,32,1363879513761,32,1363879513898,137,120,105,-32
29,84,1363879513945,84,1363879514081,136,184,183,47
29,79,1363879514217,79,1363879514353,136,272,272,136
29,32,1363879514418,32,1363879514561,143,201,208,65
29,65,1363879514713,65,1363879514850,137,295,289,152
29,67,1363879515281,67,1363879515433,152,568,583,431
29,72,1363879515570,72,1363879515657,87,289,224,137
29,73,1363879515761,73,1363879515921,160,191,264,104
29,69,1363879516625,69,1363879516753,128,864,832,704
29,86,1363879516913,86,1363879517041,128,288,288,160
29,69,1363879517153,69,1363879517305,152,240,264,112
29,32,1363879517337,32,1363879517481,144,184,176,32
29,67,1363879518626,67,1363879518754,128,1289,1273,1145
29,69,1363879518922,69,1363879519122,200,296,368,168
29,82,1363879519066,82,1363879519210,144,144,88,-56
29,84,1363879519330,84,1363879519442,112,264,232,120
29,65,1363879519530,65,1363879519666,136,200,224,88
29,73,1363879519722,73,1363879519818,96,192,152,56
29,78,1363879519930,78,1363879520050,120,208,232,112
29,32,1363879520066,32,1363879520194,128,136,144,16
29,67,1363879520322,67,1363879520490,168,256,296,128
29,79,1363879520474,79,1363879520570,96,152,80,-16
29,76,1363879520706,76,1363879520762,56,232,192,136
29,76,1363879520866,76,1363879520930,64,160,168,104
29,69,1363879521050,69,1363879521162,112,184,232,120
29,67,1363879521322,67,1363879521450,128,272,288,160
29,84,1363879521586,84,1363879521754,168,264,304,136
29,73,1363879521754,73,1363879521874,120,168,120,0
29,86,1363879522042,86,1363879522138,96,288,264,168
29,69,1363879522258,69,1363879522402,144,216,264,120
29,32,1363879522362,32,1363879522506,144,104,104,-40
29,67,1363879522594,67,1363879522770,176,232,264,88
29,79,1363879522722,79,1363879522802,80,128,32,-48
29,77,1363879522898,77,1363879523010,112,176,208,96
29,80,1363879523146,80,1363879523258,112,248,248,136
29,85,1363879523370,85,1363879523490,120,224,232,112
29,84,1363879523578,84,1363879523738,160,208,248,88
29,65,1363879523770,65,1363879523914,144,192,176,32
29,84,1363879523962,84,1363879524082,120,192,168,48
29,73,1363879524066,73,1363879524274,208,104,192,-16
29,79,1363879524186,79,1363879524298,112,120,24,-88
29,78,1363879524378,78,1363879524490,112,192,192,80
29,65,1363879524586,65,1363879524746,160,208,256,96
29,76,1363879524690,76,1363879524778,88,104,32,-56
29,32,1363879524834,32,1363879524978,144,144,200,56
29,67,1363879525050,67,1363879525154,104,216,176,72
29,65,1363879526890,65,1363879527066,176,1840,1912,1736
29,80,1363879527202,80,1363879527346,144,312,280,136
29,65,1363879527370,65,1363879527562,192,168,216,24
29,67,1363879527954,67,1363879528146,192,584,584,392
29,73,1363879528106,73,1363879528242,136,152,96,-40
29,84,1363879528322,84,1363879528474,152,216,232,80
29,73,1363879528466,73,1363879528570,104,144,96,-8
29,69,1363879528610,69,1363879528746,136,144,176,40
29,83,1363879528866,83,1363879529017,151,256,271,120
29,190,1363879530018,190,1363879530137,119,1152,1120,1001
29,32,1363879530770,32,1363879530946,176,752,809,633
29,16,1363879531266,16,1363879531577,311,496,631,320
29,73,1363879531441,73,1363879531602,161,175,25,-136
29,32,1363879531666,32,1363879531811,145,225,209,64
29,65,1363879531891,65,1363879532082,191,225,271,80
29,77,1363879532042,77,1363879532138,96,151,56,-40
29,32,1363879532435,32,1363879532578,143,393,440,297
29,70,1363879532746,70,1363879532874,128,311,296,168
29,69,1363879533042,69,1363879533146,104,296,272,168
29,69,1363879533242,69,1363879533314,72,200,168,96
29,76,1363879533586,76,1363879533698,112,344,384,272
29,73,1363879533866,73,1363879533962,96,280,264,168
29,78,1363879534050,78,1363879534194,144,184,232,88
29,71,1363879534194,71,1363879534386,192,144,192,0
29,32,1363879534338,32,1363879534482,144,144,96,-48
29,66,1363879535114,66,1363879535234,120,776,752,632
29,65,1363879535426,65,1363879535570,144,312,336,192
29,68,1363879535691,68,1363879535819,128,265,249,121
29,32,1363879535875,32,1363879536011,136,184,192,56
29,84,1363879536123,84,1363879536259,136,248,248,112
29,79,1363879536259,79,1363879536387,128,136,128,0
29,68,1363879536443,68,1363879536603,160,184,216,56
29,65,1363879536659,65,1363879536779,120,216,176,56
29,89,1363879536739,89,1363879536843,104,80,64,-40
29,188,1363879537435,188,1363879537531,96,696,688,592
29,32,1363879537611,32,1363879537731,120,176,200,80
29,66,1363879537795,66,1363879537891,96,184,160,64
29,69,1363879538027,69,1363879538131,104,232,240,136
29,67,1363879538371,67,1363879538483,112,344,352,240
29,65,1363879538587,65,1363879538733,146,216,250,104
29,85,1363879538733,85,1363879538843,110,146,110,0
29,83,1363879538915,83,1363879539067,152,182,224,72
29,69,1363879539179,69,1363879539331,152,264,264,112
29,32,1363879540292,32,1363879540427,135,1113,1096,961
29,16,1363879540811,16,1363879541091,280,519,664,384
29,73,1363879540987,73,1363879541091,104,176,0,-104
29,32,1363879541107,32,1363879541243,136,120,152,16
29,68,1363879541283,68,1363879541475,192,176,232,40
29,73,1363879541515,73,1363879541691,176,232,216,40
29,68,1363879541667,68,1363879541851,184,152,160,-24
29,78,1363879541923,78,1363879542019,96,256,168,72
29,32,1363879542195,32,1363879542299,104,272,280,176
29,8,1363879542547,8,1363879542651,104,352,352,248
29,222,1363879543523,222,1363879543635,112,976,984,872
29,84,1363879543803,84,1363879543955,152,280,320,168
29,32,1363879543915,32,1363879544043,128,112,88,-40
29,87,1363879544083,87,1363879544251,168,168,208,40
29,82,1363879544323,82,1363879544443,120,240,192,72
29,8,1363879544787,8,1363879544915,128,464,472,344
29,79,1363879545411,79,1363879545499,88,624,584,496
29,82,1363879545579,82,1363879545755,176,168,256,80
29,75,1363879545715,75,1363879545827,112,136,72,-40
29,32,1363879545867,32,1363879546018,151,152,191,40
29,72,1363879546211,72,1363879546299,88,344,281,193
29,65,1363879546467,65,1363879546699,232,256,400,168
29,82,1363879546651,82,1363879546803,152,184,104,-48
29,68,1363879546987,68,1363879547162,175,336,359,184
29,32,1363879547106,32,1363879547250,144,119,88,-56
29,84,1363879547394,84,1363879547554,160,288,304,144
29,72,1363879548138,72,1363879548250,112,744,696,584
29,69,1363879548378,69,1363879548506,128,240,256,128
29,83,1363879548626,83,1363879548762,136,248,256,120
29,69,1363879548762,69,1363879548931,169,136,169,0
29,32,1363879549219,32,1363879549362,143,457,431,288
29,68,1363879549363,68,1363879549506,143,144,144,1
29,65,1363879549562,65,1363879549714,152,199,208,56
29,89,1363879549715,89,1363879549826,111,153,112,1
29,83,1363879550074,83,1363879550234,160,359,408,248
29,190,1363879550626,190,1363879550738,112,552,504,392
29,32,1363879550938,32,1363879551098,160,312,360,200
29,16,1363879551842,16,1363879552314,472,904,1216,744
29,73,1363879552186,73,1363879552346,160,344,32,-128
29,8,1363879553715,8,1363879553835,120,1529,1489,1369
29,73,1364485037562,73,1364485037698,136,288,32,-104
29,84,1364485037826,84,1364485037938,112,264,240,128
29,32,1364485037938,32,1364485038082,144,112,144,0
29,73,1364485038130,73,1364485038242,112,192,160,48
29,83,1364485038258,83,1364485038410,152,128,168,16
29,32,1364485038362,32,1364485038466,104,104,56,-48
29,65,1364485038554,65,1364485038748,194,192,282,88
29,32,1364485038666,32,1364485038794,128,112,46,-82
29,83,1364485038890,83,1364485039026,136,224,232,96
29,85,1364485039058,85,1364485039170,112,168,144,32
29,78,1364485039370,78,1364485039434,64,312,264,200
29,78,1364485039530,78,1364485039626,96,160,192,96
29,89,1364485040210,89,1364485040346,136,680,720,584
29,32,1364485040482,32,1364485040610,128,272,264,136
29,68,1364485040994,68,1364485041146,152,512,536,384
29,65,1364485041162,65,1364485041323,161,168,177,16
29,89,1364485041323,89,1364485041474,151,161,151,0
29,32,1364485041450,32,1364485041570,120,127,96,-24
29,84,1364485041802,84,1364485041938,136,352,368,232
29,79,1364485041978,79,1364485042058,80,176,120,40
29,68,1364485042562,68,1364485042706,144,584,648,504
29,65,1364485042722,65,1364485042922,200,160,216,16
29,89,1364485042922,89,1364485043018,96,200,96,0
29,190,1364485043562,190,1364485043658,96,640,640,544
29,32,1364485043722,32,1364485043866,144,160,208,64
29,32,1364485044722,32,1364485044810,88,1000,944,856
29,84,1364485045746,84,1364485045882,136,1024,1072,936
29,72,1364485045986,72,1364485046090,104,240,208,104
29,79,1364485046202,79,1364485046386,184,216,296,112
29,85,1364485046298,85,1364485046441,143,96,55,-88
29,71,1364485046490,71,1364485046642,152,192,201,49
29,72,1364485046642,72,1364485046753,111,152,111,0
29,84,1364485046817,84,1364485046970,153,175,217,64
29,32,1364485046970,32,1364485047105,135,153,135,0
29,73,1364485047929,73,1364485048041,112,959,936,824
29,84,1364485048121,84,1364485048289,168,192,248,80
29,32,1364485048290,32,1364485048425,135,169,136,1
29,83,1364485048858,83,1364485049002,144,568,577,433
29,72,1364485048986,72,1364485049089,103,128,87,-16
29,79,1364485049201,79,1364485049329,128,215,240,112
29,85,1364485049273,85,1364485049377,104,72,48,-56
29,76,1364485049497,76,1364485049625,128,224,248,120
29,68,1364485049625,68,1364485049786,161,128,161,0
29,32,1364485049737,32,1364485049881,144,112,95,-49
29,66,1364485050058,66,1364485050145,87,321,264,177
29,69,1364485050273,69,1364485050417,144,215,272,128
29,32,1364485050418,32,1364485050506,88,145,89,1
29,87,1364485050721,87,1364485050785,64,303,279,215
29,65,1364485050905,65,1364485051089,184,184,304,120
29,82,1364485051089,82,1364485051257,168,184,168,0
29,77,1364485051353,77,1364485051490,137,264,233,96
29,69,1364485051547,69,1364485051738,191,194,248,57
29,82,1364485051697,82,1364485051874,177,150,136,-41
29,32,1364485051850,32,1364485051978,128,153,104,-24
29,84,1364485052090,84,1364485052242,152,240,264,112
29,79,1364485052242,79,1364485052378,136,152,136,0
29,68,1364485052378,68,1364485052562,184,136,184,0
29,65,1364485052602,65,1364485052770,168,224,208,40
29,89,1364485052684,89,1364485052786,102,82,16,-86
29,188,1364485053266,188,1364485053378,112,582,592,480
29,32,1364485053450,32,1364485053578,128,184,200,72
29,66,1364485053619,66,1364485053755,136,169,177,41
29,85,1364485053778,85,1364485053906,128,159,151,23
29,84,1364485053930,84,1364485054106,176,152,200,24
29,32,1364485054106,32,1364485054250,144,176,144,0
29,83,1364485054778,83,1364485054850,72,672,600,528
29,69,1364485054986,69,1364485055090,104,208,240,136
29,69,1364485055202,69,1364485055362,160,216,272,112
29,77,1364485055466,77,1364485055578,112,264,216,104
29,83,1364485055650,83,1364485055778,128,184,200,72
29,32,1364485055802,32,1364485055946,144,152,168,24
29,73,1364485056130,73,1364485056194,64,328,248,184
29,84,1364485057010,84,1364485057162,152,880,968,816
29,32,1364485057666,32,1364485057786,120,656,624,504
29,73,1364485057970,73,1364485058042,72,304,256,184
29,83,1364485058162,83,1364485058322,160,192,280,120
29,32,1364485058282,32,1364485058394,112,120,72,-40
29,78,1364485058450,78,1364485058562,112,168,168,56
29,79,1364485058626,79,1364485058746,120,176,184,64
29,84,1364485058794,84,1364485058946,152,168,200,48
29,32,1364485058922,32,1364485059026,104,128,80,-24
29,76,1364485059130,76,1364485059210,80,208,184,104
29,73,1364485059314,73,1364485059386,72,184,176,104
29,75,1364485059498,75,1364485059594,96,184,208,112
29,69,1364485059626,69,1364485059794,168,128,200,32
29,32,1364485059722,32,1364485059850,128,96,56,-72
29,84,1364485059914,84,1364485060059,145,192,209,64
29,72,1364485060010,72,1364485060074,64,96,15,-49
29,65,1364485060186,65,1364485060362,176,176,288,112
29,84,1364485060330,84,1364485060482,152,144,120,-32
29,190,1364485060714,190,1364485060810,96,384,328,232
29,32,1364485060922,32,1364485061050,128,208,240,112
29,79,1364485061842,79,1364485061906,64,920,856,792
29,80,1364485062042,80,1364485062146,104,200,240,136
29,69,1364485062178,69,1364485062354,176,136,208,32
29,32,1364485062290,32,1364485062426,136,112,72,-64
29,84,1364485062458,84,1364485062610,152,168,184,32
29,72,1364485062562,72,1364485062658,96,104,48,-48
29,65,1364485062714,65,1364485062890,176,152,232,56
29,84,1364485062826,84,1364485062978,152,112,88,-64
29,32,1364485062978,32,1364485063098,120,152,120,0
29,83,1364485063250,83,1364485063378,128,272,280,152
29,80,1364485063994,80,1364485064130,136,744,752,616
29,82,1364485064258,82,1364485064490,232,264,360,128
29,73,1364485064402,73,1364485064490,88,144,0,-88
29,78,1364485064593,78,1364485064722,129,191,232,103
29,71,1364485064722,71,1364485064849,127,129,127,0
29,32,1364485064825,32,1364485064985,160,103,136,-24
29,87,1364485065041,87,1364485065193,152,216,208,56
29,73,1364485065194,73,1364485065289,95,153,96,1
29,76,1364485065458,76,1364485065513,55,264,224,169
29,76,1364485065601,76,1364485065737,136,143,224,88
29,32,1364485065777,32,1364485065913,136,176,176,40
29,67,1364485065977,67,1364485066161,184,200,248,64
29,79,1364485066162,79,1364485066241,79,185,80,1
29,77,1364485066338,77,1364485066466,128,176,225,97
29,69,1364485066490,69,1364485066666,176,152,200,24
29,32,1364485066666,32,1364485066809,143,176,143,0
29,83,1364485067089,83,1364485067257,168,423,448,280
29,79,1364485067385,79,1364485067465,80,296,208,128
29,79,1364485067569,79,1364485067673,104,184,208,104
29,78,1364485067801,78,1364485067905,104,232,232,128
29,69,1364485068082,69,1364485068313,231,281,408,177
29,82,1364485068249,82,1364485068409,160,167,96,-64
29,190,1364485068737,190,1364485068841,104,488,432,328
29,32,1364485068913,32,1364485069083,170,176,242,72
29,72,1364485069810,72,1364485069930,120,897,847,727
29,65,1364485069986,65,1364485070154,168,176,224,56
29,84,1364485070178,84,1364485070322,144,192,168,24
29,32,1364485070322,32,1364485070410,88,144,88,0
29,77,1364485070562,77,1364485070650,88,240,240,152
29,65,1364485070689,65,1364485070898,209,127,248,39
29,75,1364485070818,75,1364485070922,104,129,24,-80
29,69,1364485071242,69,1364485071378,136,424,456,320
29,83,1364485071514,83,1364485071682,168,272,304,136
29,32,1364485071682,32,1364485071794,112,168,112,0
29,77,1364485072042,77,1364485072154,112,360,360,248
29,69,1364485072202,69,1364485072346,144,160,192,48
29,32,1364485072322,32,1364485072459,137,120,113,-24
29,70,1364485072650,70,1364485072754,104,328,295,191
29,69,1364485072898,69,1364485073002,104,248,248,144
29,69,1364485073114,69,1364485073282,168,216,280,112
29,76,1364485073314,76,1364485073434,120,200,152,32
29,32,1364485073522,32,1364485073666,144,208,232,88
29,72,1364485075146,72,1364485075282,136,1624,1616,1480
29,65,1364485075322,65,1364485075498,176,176,216,40
29,80,1364485075570,80,1364485075642,72,248,144,72
29,80,1364485075746,80,1364485075834,88,176,192,104
29,73,1364485076002,73,1364485076106,104,256,272,168
29,69,1364485076202,69,1364485076442,240,200,336,96
29,82,1364485076346,82,1364485076498,152,144,56,-96
29,190,1364485076874,190,1364485076978,104,528,480,376
29,32,1364485077066,32,1364485077226,160,192,248,88
29,65,1364485078186,65,1364485078370,184,1120,1144,960
29,190,1364485078370,190,1364485078490,120,184,120,0
29,32,1364485078666,32,1364485078834,168,296,344,176
29,16,1364485079722,16,1364485080714,992,1056,1880,888
29,72,1364485080586,72,1364485080714,128,864,0,-128
29,65,1364485080914,65,1364485081050,136,328,336,200
29,86,1364485081122,86,1364485081226,104,208,176,72
29,69,1364485081314,69,1364485081449,135,192,223,88
29,32,1364485081402,32,1364485081562,160,88,113,-47
29,65,1364485081729,65,1364485081921,192,327,359,167
29,32,1364485081873,32,1364485082001,128,144,80,-48
29,76,1364485082202,76,1364485082250,48,329,249,201
29,79,1364485082410,79,1364485082521,111,208,271,160
29,84,1364485082625,84,1364485082785,160,215,264,104
29,32,1364485082738,32,1364485082873,135,113,88,-47
29,79,1364485083082,79,1364485083201,119,344,328,209
29,70,1364485083225,70,1364485083370,145,143,169,24
29,32,1364485083370,32,1364485083489,119,145,119,0
29,87,1364485084705,87,1364485084893,188,1335,1404,1216
29,79,1364485084914,79,1364485085017,103,209,124,21
29,82,1364485085105,82,1364485085289,184,191,272,88
29,75,1364485085337,75,1364485085465,128,232,176,48
29,32,1364485085547,32,1364485085682,135,210,217,82
29,84,1364485086009,84,1364485086161,152,462,479,327
29,79,1364485086161,79,1364485086289,128,152,128,0
29,32,1364485086289,32,1364485086426,137,128,137,0
29,68,1364485086466,68,1364485086610,144,177,184,40
29,79,1364485086610,79,1364485086706,96,144,96,0
29,190,1364485087338,190,1364485087458,120,728,752,632
29,32,1364485087546,32,1364485087682,136,208,224,88
29,16,1364485087698,16,1364485087970,272,152,288,16
29,72,1364485087922,72,1364485088002,80,224,32,-48
29,79,1364485088162,79,1364485088242,80,240,240,160
29,80,1364485088370,80,1364485088490,120,208,248,128
29,69,1364485088530,69,1364485088698,168,160,208,40
29,32,1364485088650,32,1364485088794,144,120,96,-48
29,16,1364485089370,16,1364485090042,672,720,1248,576
29,73,1364485089946,73,1364485090042,96,576,0,-96
29,32,1364485090098,32,1364485090258,160,152,216,56
29,67,1364485090282,67,1364485090410,128,184,152,24
29,65,1364485090482,65,1364485090690,208,200,280,72
29,78,1364485090602,78,1364485090730,128,120,40,-88
29,32,1364485090730,32,1364485090858,128,128,128,0
29,70,1364485090962,70,1364485091026,64,232,168,104
29,73,1364485091098,73,1364485091178,80,136,152,72
29,78,1364485091306,78,1364485091386,80,208,208,128
29,73,1364485091482,73,1364485091578,96,176,192,96
29,83,1364485091578,83,1364485091746,168,96,168,0
29,72,1364485091690,72,1364485091794,104,112,48,-56
29,69,1364485091858,69,1364485092002,144,168,208,64
29,32,1364485091922,32,1364485092042,120,64,40,-80
29,73,1364485092138,73,1364485092226,88,216,184,96
29,84,1364485092226,84,1364485092354,128,88,128,0
29,8,1364485092554,8,1364485092618,64,328,264,200
29,8,1364485092738,8,1364485092786,48,184,168,120
29,8,1364485092882,8,1364485092954,72,144,168,96
29,8,1364485093034,8,1364485093098,64,152,144,80
29,32,1364485093298,32,1364485093426,128,264,328,200
29,73,1364485093506,73,1364485093634,128,208,208,80
29,84,1364485093714,84,1364485093882,168,208,248,80
29,32,1364485093858,32,1364485093970,112,144,88,-24
29,83,1364485094434,83,1364485094554,120,576,584,464
29,79,1364485094746,79,1364485094794,48,312,240,192
29,79,1364485094914,79,1364485094994,80,168,200,120
29,78,1364485095402,78,1364485095514,112,488,520,408
29,69,1364485095642,69,1364485095850,208,240,336,128
29,82,1364485095778,82,1364485095938,160,136,88,-72
29,190,1364485096074,190,1364485096234,160,296,296,136
29,72,1364831058000,72,1364831058136,136,544,32,-104
29,65,1364831058312,65,1364831058456,144,312,320,176
29,86,1364831058512,86,1364831058624,112,200,168,56
29,69,1364831058696,69,1364831058816,120,184,192,72
29,32,1364831058768,32,1364831058896,128,72,80,-48
29,84,1364831058944,84,1364831059104,160,176,208,48
29,79,1364831059104,79,1364831059208,104,160,104,0
29,32,1364831059208,32,1364831059336,128,104,128,0
29,70,1364831059368,70,1364831059520,152,160,184,32
29,73,1364831059521,73,1364831059640,119,153,120,1
29,78,1364831059808,78,1364831059880,72,287,240,168
29,73,1364831060032,73,1364831060136,104,224,256,152
29,83,1364831060504,83,1364831060688,184,472,552,368
29,72,1364831060640,72,1364831060752,112,136,64,-48
29,32,1364831061184,32,1364831061296,112,544,544,432
29,72,1364831061400,72,1364831061536,136,216,240,104
29,79,1364831061672,79,1364831061760,88,272,224,136
29,77,1364831061872,77,1364831062000,128,200,240,112
29,69,1364831062048,69,1364831062144,96,176,144,48
29,87,1364831062328,87,1364831062488,160,280,344,184
29,79,1364831062536,79,1364831062640,104,208,152,48
29,82,1364831062704,82,1364831062856,152,168,216,64
29,75,1364831062856,75,1364831062960,104,152,104,0
29,32,1364831063024,32,1364831063152,128,168,192,64
29,70,1364831063216,70,1364831063336,120,192,184,64
29,79,1364831063360,79,1364831063464,104,144,128,24
29,82,1364831063496,82,1364831063648,152,136,184,32
29,32,1364831063624,32,1364831063712,88,128,64,-24
29,80,1364831063848,80,1364831063952,104,224,240,136
29,65,1364831064032,65,1364831064136,104,184,184,80
29,84,1364831064304,84,1364831064376,72,272,240,168
29,84,1364831064472,84,1364831064584,112,168,208,96
29,69,1364831064728,69,1364831064872,144,256,288,144
29,82,1364831064848,82,1364831065000,152,120,128,-24
29,78,1364831065112,78,1364831065200,88,264,200,112
29,32,1364831065240,32,1364831065408,168,128,208,40
29,82,1364831065720,82,1364831065896,176,480,488,312
29,69,1364831065920,69,1364831066088,168,200,192,24
29,67,1364831066480,67,1364831066528,48,560,440,392
29,69,1364831066896,69,1364831067024,128,416,496,368
29,8,1364831067609,8,1364831067705,96,713,681,585
29,79,1364831068153,79,1364831068241,88,544,536,448
29,71,1364831068369,71,1364831068513,144,216,272,128
29,78,1364831068745,78,1364831068841,96,376,328,232
29,73,1364831068945,73,1364831069057,112,200,216,104
29,84,1364831069665,84,1364831069817,152,720,760,608
29,73,1364831069817,73,1364831070009,192,152,192,0
29,79,1364831069937,79,1364831070033,96,120,24,-72
29,78,1364831070137,78,1364831070225,88,200,192,104
29,32,1364831070225,32,1364831070369,144,88,144,0
29,84,1364831070393,84,1364831070553,160,168,184,24
29,79,1364831070529,79,1364831070673,144,136,120,-24
29,68,1364831070673,68,1364831070849,176,144,176,0
29,65,1364831070881,65,1364831071057,176,208,208,32
29,89,1364831071185,89,1364831071281,96,304,224,128
29,188,1364831072536,188,1364831072624,88,1351,1343,1255
29,32,1364831072729,32,1364831072888,159,193,264,105
29,8,1364831073544,8,1364831073624,80,815,736,656
29,8,1364831073744,8,1364831073792,48,200,168,120
29,190,1364831074297,190,1364831074392,95,553,600,505
29,32,1364831074441,32,1364831074584,143,144,192,49
29,16,1364831074720,16,1364831075256,536,279,672,136
29,65,1364831075104,65,1364831075257,153,384,1,-152
29,76,1364831075353,76,1364831075425,72,249,168,96
29,83,1364831075472,83,1364831075632,160,119,207,47
29,79,1364831075664,79,1364831075776,112,192,144,32
29,32,1364831075808,32,1364831075984,176,144,208,32
29,65,1364831076128,65,1364831076304,176,320,320,144
29,80,1364831076336,80,1364831076400,64,208,96,32
29,80,1364831076480,80,1364831076568,88,144,168,80
29,76,1364831076696,76,1364831076792,96,216,224,128
29,73,1364831076864,73,1364831076992,128,168,200,72
29,67,1364831077080,67,1364831077224,144,216,232,88
29,65,1364831077432,65,1364831077576,144,352,352,208
29,84,1364831077680,84,1364831077824,144,248,248,104
29,73,1364831077784,73,1364831077984,200,104,160,-40
29,79,1364831077904,79,1364831077984,80,120,0,-80
29,78,1364831078120,78,1364831078240,120,216,256,136
29,32,1364831078264,32,1364831078400,136,144,160,24
29,70,1364831078480,70,1364831078656,176,216,256,80
29,79,1364831078856,79,1364831078976,120,376,320,200
29,82,1364831079064,82,1364831079216,152,208,240,88
29,32,1364831079240,32,1364831079384,144,176,168,24
29,84,1364831079784,84,1364831079936,152,544,552,400
29,72,1364831079888,72,1364831079992,104,104,56,-48
29,69,1364831080056,69,1364831080192,136,168,200,64
29,32,1364831080160,32,1364831080296,136,104,104,-32
29,83,1364831080328,83,1364831080472,144,168,176,32
29,85,1364831080472,85,1364831080560,88,144,88,0
29,77,1364831080704,77,1364831080776,72,232,216,144
29,77,1364831080848,77,1364831080952,104,144,176,72
29,69,1364831080952,69,1364831081176,224,104,224,0
29,82,1364831081096,82,1364831081248,152,144,72,-80
29,32,1364831081176,32,1364831081272,96,80,24,-72
29,83,1364831081368,83,1364831081504,136,192,232,96
29,67,1364831081656,67,1364831081808,152,288,304,152
29,72,1364831081809,72,1364831081888,79,153,80,1
29,79,1364831082000,79,1364831082056,56,191,168,112
29,79,1364831082160,79,1364831082224,64,160,168,104
29,76,1364831082376,76,1364831082488,112,216,264,152
29,32,1364831082576,32,1364831082720,144,200,232,88
29,65,1364831082768,65,1364831082976,208,192,256,48
29,78,1364831082872,78,1364831082992,120,104,16,-104
29,68,1364831083032,68,1364831083200,168,160,208,40
29,32,1364831083136,32,1364831083272,136,104,72,-64
29,84,1364831083368,84,1364831083528,160,232,256,96
29,72,1364831083512,72,1364831083608,96,144,80,-16
29,69,1364831083608,69,1364831083768,160,96,160,0
29,32,1364831083768,32,1364831083880,112,160,112,0
29,70,1364831083920,70,1364831084024,104,152,144,40
29,69,1364831084128,69,1364831084264,136,208,240,104
29,76,1364831084376,76,1364831084424,48,248,160,112
29,76,1364831084520,76,1364831084592,72,144,168,96
29,79,1364831084737,79,1364831084825,88,217,233,145
29,87,1364831084873,87,1364831085001,128,136,176,48
29,83,1364831085153,83,1364831085321,168,280,320,152
29,72,1364831085281,72,1364831085385,104,128,64,-40
29,73,1364831085473,73,1364831085561,88,192,176,88
29,80,1364831085705,80,1364831085801,96,232,240,144
29,190,1364831086345,190,1364831086425,80,640,624,544
29,32,1364831086529,32,1364831086665,136,184,240,104
29,16,1364831086705,16,1364831086937,232,176,272,40
29,77,1364831086889,77,1364831087025,136,184,88,-48
29,65,1364831087177,65,1364831087297,120,288,272,152
29,89,1364831087441,89,1364831087577,136,264,280,144
29,66,1364831088001,66,1364831088113,112,560,536,424
29,69,1364831088233,69,1364831088409,176,232,296,120
29,32,1364831088377,32,1364831088489,112,144,80,-32
29,78,1364831088537,78,1364831088689,152,160,200,48
29,79,1364831088729,79,1364831088881,152,192,192,40
29,78,1364831090345,78,1364831090432,87,1616,1551,1464
29,69,1364831090505,69,1364831090672,167,160,240,73
29,32,1364831090617,32,1364831090720,103,112,48,-55
29,79,1364831090800,79,1364831090905,105,183,185,80
29,70,1364831090936,70,1364831091048,112,136,143,31
29,32,1364831091025,32,1364831091176,151,89,128,-23
29,84,1364831091201,84,1364831091368,167,176,192,25
29,72,1364831091305,72,1364831091392,87,104,24,-63
29,69,1364831091464,69,1364831091632,168,159,240,72
29,77,1364831091585,77,1364831091680,95,121,48,-47
29,32,1364831091736,32,1364831091888,152,151,208,56
29,16,1364831093521,16,1364831093752,231,1785,1864,1633
29,73,1364831093665,73,1364831093768,103,144,16,-87
29,32,1364831093784,32,1364831093928,144,119,160,16
29,67,1364831093936,67,1364831094064,128,152,136,8
29,65,1364831094136,65,1364831094344,208,200,280,72
29,78,1364831094265,78,1364831094376,111,129,32,-79
29,32,1364831094376,32,1364831094512,136,111,136,0
29,8,1364831096352,8,1364831096392,40,1976,1880,1840
29,8,1364831096488,8,1364831096552,64,136,160,96
29,8,1364831096656,8,1364831096728,72,168,176,104
29,8,1364831096816,8,1364831096896,80,160,168,88
29,8,1364831096976,8,1364831097080,104,160,184,80
29,8,1364831097216,8,1364831097336,120,240,256,136
29,67,1364831097584,67,1364831097704,120,368,368,248
29,65,1364831097800,65,1364831097976,176,216,272,96
29,78,1364831097928,78,1364831098024,96,128,48,-48
29,32,1364831098080,32,1364831098224,144,152,200,56
29,66,1364831098240,66,1364831098360,120,160,136,16
29,69,1364831098512,69,1364831098616,104,272,256,152
29,32,1364831098616,32,1364831098744,128,104,128,0
29,83,1364831098840,83,1364831098960,120,224,216,96
29,85,1364831099248,85,1364831099328,80,408,368,288
29,67,1364831099633,67,1364831099688,55,385,360,305
29,67,1364831099792,67,1364831099912,120,159,224,104
29,69,1364831100056,69,1364831100160,104,264,248,144
29,83,1364831100288,83,1364831100360,72,232,200,128
29,83,1364831100464,83,1364831100584,120,176,224,104
29,70,1364831100656,70,1364831100840,184,192,256,72
29,85,1364831100840,85,1364831100936,96,184,96,0
29,76,1364831101072,76,1364831101200,128,232,264,136
29,190,1364831101352,190,1364831101472,120,280,272,152
29,32,1364831101568,32,1364831101744,176,216,272,96
29,85,1364831103641,85,1364831103761,120,2073,2017,1897
29,190,1364831104449,190,1364831104521,72,808,760,688
29,190,1364831104633,190,1364831104729,96,184,208,112
29,190,1364831104833,190,1364831104938,105,200,209,104
29,32,1364831105081,32,1364831105217,136,248,279,143
29,73,1364831108856,73,1364831108984,128,3775,3767,3639
29,71,1364831109041,71,1364831109168,127,185,184,57
29,32,1364831109169,32,1364831109304,135,128,136,1
29,83,1364831109544,83,1364831109656,112,375,352,240
29,85,1364831109657,85,1364831109720,63,113,64,1
29,77,1364831109880,77,1364831109944,64,223,224,160
29,77,1364831110040,77,1364831110136,96,160,192,96
29,69,1364831110209,69,1364831110432,223,169,296,73
29,82,1364831110368,82,1364831110536,168,159,104,-64
29,32,1364831110504,32,1364831110616,112,136,80,-32
29,73,1364831110704,73,1364831110824,120,200,208,88
29,83,1364831110832,83,1364831110976,144,128,152,8
29,32,1364831110936,32,1364831111073,137,104,97,-40
29,67,1364831111144,67,1364831111312,168,208,239,71
29,79,1364831111288,79,1364831111376,88,144,64,-24
29,77,1364831111472,77,1364831111552,80,184,176,96
29,73,1364831111648,73,1364831111736,88,176,184,96
29,78,1364831111784,78,1364831111912,128,136,176,48
29,71,1364831111976,71,1364831112160,184,192,248,64
29,190,1364831112648,190,1364831112784,136,672,624,488
29,32,1364831112905,32,1364831113056,151,257,272,121
29,72,1364831114216,72,1364831114312,96,1311,1256,1160
29,79,1364831114392,79,1364831114544,152,176,232,80
29,85,1364831114496,85,1364831114576,80,104,32,-48
29,76,1364831114696,76,1364831114792,96,200,216,120
29,68,1364831114792,68,1364831114928,136,96,136,0
29,32,1364831114888,32,1364831115024,136,96,96,-40
29,87,1364831115040,87,1364831115200,160,152,176,16
29,79,1364831115176,79,1364831115272,96,136,72,-24
29,82,1364831115368,82,1364831115520,152,192,248,96
29,75,1364831115520,75,1364831115600,80,152,80,0
29,32,1364831115624,32,1364831115728,104,104,128,24
29,72,1364831115800,72,1364831115912,112,176,184,72
29,65,1364831115912,65,1364831116152,240,112,240,0
29,82,1364831116064,82,1364831116240,176,152,88,-88
29,68,1364831116344,68,1364831116520,176,280,280,104
29,32,1364831116952,32,1364831117080,128,608,560,432
29,65,1364831117112,65,1364831117320,208,160,240,32
29,78,1364831117280,78,1364831117368,88,168,48,-40
29,68,1364831117384,68,1364831117528,144,104,160,16
29,32,1364831117512,32,1364831117632,120,128,104,-16
29,8,1364831119272,8,1364831119336,64,1760,1704,1640
29,8,1364831119432,8,1364831119528,96,160,192,96
29,8,1364831119609,8,1364831119697,88,177,169,81
29,8,1364831119785,8,1364831119865,80,176,168,88
29,8,1364831119953,8,1364831120033,80,168,168,88
29,190,1364831120561,190,1364831120665,104,608,632,528
29,73,1364912050901,73,1364912051037,136,217,72,-64
29,84,1364912051197,84,1364912051357,160,296,320,160
29,32,1364912051661,32,1364912051757,96,464,400,304
29,73,1364912051845,73,1364912051949,104,184,192,88
29,83,1364912051981,83,1364912052125,144,136,176,32
29,32,1364912052069,32,1364912052213,144,88,88,-56
29,85,1364912052949,85,1364912053077,128,880,864,736
29,69,1364912053213,69,1364912053309,96,264,232,136
29,83,1364912053469,83,1364912053597,128,256,288,160
29,68,1364912053789,68,1364912053965,176,320,368,192
29,65,1364912054197,65,1364912054375,178,408,410,232
29,89,1364912054405,89,1364912054533,128,208,158,30
29,32,1364912054901,32,1364912055021,120,496,488,368
29,84,1364912055093,84,1364912055245,152,192,224,72
29,79,1364912055213,79,1364912055285,72,120,40,-32
29,68,1364912055397,68,1364912055565,168,184,280,112
29,65,1364912055597,65,1364912055741,144,200,176,32
29,89,1364912055773,89,1364912055901,128,176,160,32
29,190,1364912057093,190,1364912057221,128,1320,1320,1192
29,32,1364912057357,32,1364912057485,128,264,264,136
29,69,1364912058213,69,1364912058269,56,856,784,728
29,69,1364912058365,69,1364912058429,64,152,160,96
29,68,1364912058557,68,1364912058701,144,192,272,128
29,32,1364912058669,32,1364912058789,120,112,88,-32
29,84,1364912058837,84,1364912058981,144,168,192,48
29,79,1364912058981,79,1364912059085,104,144,104,0
29,32,1364912059141,32,1364912059269,128,160,184,56
29,84,1364912059365,84,1364912059501,136,224,232,96
29,65,1364912059557,65,1364912059725,168,192,224,56
29,75,1364912059669,75,1364912059765,96,112,40,-56
29,69,1364912059837,69,1364912059989,152,168,224,72
29,32,1364912059957,32,1364912060069,112,120,80,-32
29,80,1364912061020,80,1364912061164,144,1063,1095,951
29,65,1364912061444,65,1364912061612,168,424,448,280
29,84,1364912061764,84,1364912061844,80,320,232,152
29,84,1364912061916,84,1364912062036,120,152,192,72
29,69,1364912062108,69,1364912062284,176,192,248,72
29,82,1364912062260,82,1364912062388,128,152,104,-24
29,78,1364912062444,78,1364912062548,104,184,160,56
29,32,1364912062572,32,1364912062724,152,128,176,24
29,82,1364912062900,82,1364912063068,168,328,344,176
29,69,1364912063069,69,1364912063181,112,169,113,1
29,67,1364912063340,67,1364912063516,176,271,335,159
29,79,1364912063517,79,1364912063588,71,177,72,1
29,71,1364912063884,71,1364912064012,128,367,424,296
29,78,1364912064212,78,1364912064260,48,328,248,200
29,73,1364912064349,73,1364912064452,103,137,192,89
29,84,1364912064612,84,1364912064780,168,263,328,160
29,73,1364912064708,73,1364912064900,192,96,120,-72
29,79,1364912064828,79,1364912064924,96,120,24,-72
29,78,1364912065052,78,1364912065140,88,224,216,128
29,32,1364912065197,32,1364912065300,103,145,160,57
29,67,1364912065388,67,1364912065565,177,191,265,88
29,76,1364912065565,76,1364912065660,95,177,95,0
29,65,1364912065956,65,1364912066092,136,391,432,296
29,83,1364912066260,83,1364912066332,72,304,240,168
29,83,1364912066420,83,1364912066564,144,160,232,88
29,32,1364912066580,32,1364912066724,144,160,160,16
29,65,1364912066748,65,1364912066980,232,168,256,24
29,78,1364912066892,78,1364912066981,89,144,1,-88
29,68,1364912067060,68,1364912067244,184,168,263,79
29,32,1364912067236,32,1364912067380,144,176,136,-8
29,65,1364912070205,65,1364912070421,216,2969,3041,2825
29,32,1364912070437,32,1364912070605,168,232,184,16
29,83,1364912071517,83,1364912071613,96,1080,1008,912
29,65,1364912071749,65,1364912071893,144,232,280,136
29,77,1364912072013,77,1364912072101,88,264,208,120
29,76,1364912072309,76,1364912072357,48,296,256,208
29,8,1364912072637,8,1364912072701,64,328,344,280
29,8,1364912072813,8,1364912072869,56,176,168,112
29,8,1364912072973,8,1364912073037,64,160,168,104
29,8,1364912073141,8,1364912073213,72,168,176,104
29,83,1364912073677,83,1364912073813,136,536,600,464
29,69,1364912073941,69,1364912074085,144,264,272,128
29,77,1364912074101,77,1364912074221,120,160,136,16
29,73,1364912074493,73,1364912074557,64,392,336,272
29,78,1364912074701,78,1364912074797,96,208,240,144
29,65,1364912074893,65,1364912075125,232,192,328,96
29,82,1364912075093,82,1364912075293,200,200,168,-32
29,32,1364912075333,32,1364912075485,152,240,192,40
29,84,1364912075589,84,1364912075741,152,256,256,104
29,79,1364912075741,79,1364912075885,144,152,144,0
29,68,1364912075853,68,1364912076013,160,112,128,-32
29,65,1364912076053,65,1364912076229,176,200,216,40
29,89,1364912076205,89,1364912076301,96,152,72,-24
29,190,1364912076869,190,1364912076949,80,664,648,568
29,32,1364912077045,32,1364912077197,152,176,248,96
29,16,1364912077285,16,1364912077557,272,240,360,88
29,89,1364912077484,89,1364912077612,128,199,55,-73
29,69,1364912077668,69,1364912077789,121,184,177,56
29,83,1364912077853,83,1364912077997,144,185,208,64
29,84,1364912077997,84,1364912078156,159,144,159,0
29,8,1364912078900,8,1364912078933,33,903,777,744
29,84,1364912079556,84,1364912079700,144,656,767,623
29,69,1364912079740,69,1364912079932,192,184,232,40
29,82,1364912079868,82,1364912080012,144,128,80,-64
29,68,1364912080124,68,1364912080260,136,256,248,112
29,65,1364912080308,65,1364912080468,160,184,208,48
29,89,1364912080420,89,1364912080540,120,112,72,-48
29,32,1364912080684,32,1364912080796,112,264,256,144
29,16,1364912081148,16,1364912081388,240,464,592,352
29,80,1364912081324,80,1364912081452,128,176,64,-64
29,82,1364912081572,82,1364912081700,128,248,248,120
29,79,1364912081701,79,1364912081812,111,129,112,1
29,70,1364912081836,70,1364912081981,145,135,169,24
29,69,1364912082108,69,1364912082236,128,272,255,127
29,83,1364912082580,83,1364912082620,40,472,384,344
29,83,1364912082732,83,1364912082860,128,152,240,112
29,79,1364912082900,79,1364912082972,72,168,112,40
29,82,1364912083036,82,1364912083204,168,136,232,64
29,32,1364912083188,32,1364912083316,128,152,112,-16
29,71,1364912083604,71,1364912083716,112,416,400,288
29,65,1364912084020,65,1364912084140,120,416,424,304
29,86,1364912084228,86,1364912084372,144,208,232,88
29,69,1364912084588,69,1364912084724,136,360,352,216
29,32,1364912084756,32,1364912084844,88,168,120,32
29,77,1364912084980,77,1364912085068,88,224,224,136
29,69,1364912085092,69,1364912085260,168,112,192,24
29,32,1364912085261,32,1364912085356,95,169,96,1
29,83,1364912085476,83,1364912085620,144,215,264,120
29,79,1364912085644,79,1364912085708,64,168,88,24
29,77,1364912085789,77,1364912085893,104,145,185,81
29,69,1364912085917,69,1364912086037,120,128,144,24
29,32,1364912086141,32,1364912086269,128,224,232,104
29,87,1364912086269,87,1364912086453,184,128,184,0
29,79,1364912086429,79,1364912086525,96,160,72,-24
29,82,1364912086549,82,1364912086725,176,120,200,24
29,75,1364912086685,75,1364912086781,96,136,56,-40
29,32,1364912086893,32,1364912086997,104,208,216,112
29,84,1364912087109,84,1364912087245,136,216,248,112
29,79,1364912087245,79,1364912087373,128,136,128,0
29,32,1364912087373,32,1364912087485,112,128,112,0
29,68,1364912087525,68,1364912087661,136,152,176,40
29,79,1364912087677,79,1364912087765,88,152,104,16
29,190,1364912088261,190,1364912088365,104,584,600,496
29,32,1364912088493,32,1364912088629,136,232,264,128
29,16,1364912088661,16,1364912088901,240,168,272,32
29,72,1364912088821,72,1364912088933,112,160,32,-80
29,65,1364912089093,65,1364912089237,144,272,304,160
29,86,1364912089437,86,1364912089533,96,344,296,200
29,69,1364912089669,69,1364912089853,184,232,320,136
29,32,1364912089829,32,1364912089965,136,160,112,-24
29,84,1364912090093,84,1364912090245,152,264,280,128
29,79,1364912090213,79,1364912090357,144,120,112,-32
29,32,1364912090357,32,1364912090493,136,144,136,0
29,70,1364912090813,70,1364912090949,136,456,456,320
29,73,1364912090949,73,1364912091029,80,136,80,0
29,78,1364912091117,78,1364912091197,80,168,168,88
29,73,1364912091285,73,1364912091389,104,168,192,88
29,83,1364912091389,83,1364912091541,152,104,152,0
29,72,1364912091493,72,1364912091621,128,104,80,-48
29,32,1364912091877,32,1364912091965,88,384,344,256
29,73,1364912092069,73,1364912092165,96,192,200,104
29,84,1364912092213,84,1364912092373,160,144,208,48
29,32,1364912092341,32,1364912092445,104,128,72,-32
29,83,1364912092525,83,1364912092669,144,184,224,80
29,79,1364912092685,79,1364912092749,64,160,80,16
29,79,1364912092981,79,1364912093045,64,296,296,232
29,78,1364912093189,78,1364912093269,80,208,224,144
29,190,1364912093437,190,1364912093533,96,248,264,168
29,32,1364912093613,32,1364912093765,152,176,232,80
29,16,1364912093805,16,1364912094125,320,192,360,40
29,68,1364912093981,68,1364912094125,144,176,0,-144
29,79,1364912094181,79,1364912094293,112,200,168,56
29,78,1364912094397,78,1364912094477,80,216,184,104
29,13,1364912095053,13,1364912095141,88,656,664,576
29,8,1364912096069,8,1364912096117,48,1016,976,928
29,222,1364912096964,222,1364912097069,105,895,952,847
29,84,1364912097156,84,1364912097316,160,192,247,87
29,32,1364912097300,32,1364912097444,144,144,128,-16
29,87,1364912097620,87,1364912097716,96,320,272,176
29,65,1364912097796,65,1364912098036,240,176,320,80
29,78,1364912097916,78,1364912098037,121,120,1,-120
29,84,1364912098037,84,1364912098188,151,121,151,0
29,32,1364912098189,32,1364912098284,95,152,96,1
29,84,1364912098316,84,1364912098484,168,127,200,32
29,79,1364912098484,79,1364912098580,96,168,96,0
29,32,1364912098580,32,1364912098756,176,96,176,0
29,87,1364912098740,87,1364912098852,112,160,96,-16
29,65,1364912098940,65,1364912099132,192,200,280,88
29,73,1364912099196,73,1364912099300,104,256,168,64
29,84,1364912099653,84,1364912099796,143,457,496,353
29,32,1364912099836,32,1364912099996,160,183,200,40
29,85,1364912100196,85,1364912100276,80,360,280,200
29,78,1364912100420,78,1364912100524,104,224,248,144
29,84,1364912100588,84,1364912100764,176,168,240,64
29,73,1364912100820,73,1364912100893,73,232,129,56
29,76,1364912101028,76,1364912101100,72,208,207,135
29,32,1364912101197,32,1364912101308,111,169,208,97
29,84,1364912101340,84,1364912101476,136,143,168,32
29,72,1364912101412,72,1364912101494,82,72,18,-64
29,69,1364912101548,69,1364912101676,128,136,182,54
29,32,1364912101644,32,1364912101748,104,96,72,-32
29,76,1364912101836,76,1364912101948,112,192,200,88
29,65,1364912101916,65,1364912102084,168,80,136,-32
29,83,1364912102068,83,1364912102236,168,152,152,-16
29,84,1364912102236,84,1364912102388,152,168,152,0
29,32,1364912102340,32,1364912102460,120,104,72,-48
29,77,1364912102580,77,1364912102668,88,240,208,120
29,73,1364912102772,73,1364912102868,96,192,200,104
29,78,1364912102948,78,1364912103044,96,176,176,80
29,85,1364912103180,85,1364912103285,105,232,241,136
29,84,1364912103445,84,1364912103582,137,265,297,160
29,69,1364912103582,69,1364912103733,151,137,151,0
29,32,1364912103733,32,1364912103845,112,151,112,0
29,84,1364912103885,84,1364912104045,160,152,200,40
29,79,1364912104045,79,1364912104181,136,160,136,0
29,32,1364912104181,32,1364912104309,128,136,128,0
29,68,1364912104333,68,1364912104501,168,152,192,24
29,79,1364912104501,79,1364912104621,120,168,120,0
29,32,1364912104589,32,1364912104709,120,88,88,-32
29,73,1364912104829,73,1364912104909,80,240,200,120
29,84,1364912104949,84,1364912105117,168,120,208,40
29,190,1364912105357,190,1364912105461,104,408,344,240
29,32,1364912105549,32,1364912105717,168,192,256,88
29,32,1364912107181,32,1364912107317,136,1632,1600,1464
29,72,1364912107413,72,1364912107477,64,232,160,96
29,79,1364912107613,79,1364912107693,80,200,216,136
29,80,1364912107837,80,1364912107949,112,224,256,144
29,69,1364912108029,69,1364912108205,176,192,256,80
29,32,1364912108205,32,1364912108325,120,176,120,0
29,16,1364912109053,16,1364912109789,736,848,1464,728
29,69,1364912109989,69,1364912110069,80,936,280,200
29,86,1364912110189,86,1364912110309,120,200,240,120
29,69,1364912110373,69,1364912110541,168,184,232,64
29,82,1364912110485,82,1364912110637,152,112,96,-56
29,89,1364912110741,89,1364912110845,104,256,208,104
29,84,1364912110965,84,1364912111141,176,224,296,120
29,72,1364912111093,72,1364912111229,136,128,88,-48
29,73,1364912111181,73,1364912111269,88,88,40,-48
29,78,1364912111365,78,1364912111461,96,184,192,96
29,71,1364912111461,71,1364912111573,112,96,112,0
29,32,1364912111597,32,1364912111685,88,136,112,24
29,87,1364912111709,87,1364912111885,176,112,200,24
29,73,1364912111877,73,1364912111949,72,168,64,-8
29,76,1364912112109,76,1364912112157,48,232,208,160
29,76,1364912112261,76,1364912112381,120,152,224,104
29,32,1364912112421,32,1364912112557,136,160,176,40
29,66,1364912112509,66,1364912112605,96,88,48,-48
29,69,1364912112724,69,1364912112860,136,215,255,119
29,32,1364912112820,32,1364912112948,128,96,88,-40
29,190,1364912114012,190,1364912114140,128,1192,1192,1064
30,79,1370271363835,79,1370271363915,80,128,136,56
30,32,1370271364099,32,1370271364211,112,264,296,184
30,16,1370271364475,16,1370271364667,192,376,456,264
30,73,1370271364603,73,1370271364667,64,128,0,-64
30,32,1370271364811,32,1370271364906,95,208,239,144
30,65,1370271364922,65,1370271365019,97,111,113,16
30,77,1370271365043,77,1370271365098,55,121,79,24
30,32,1370271365202,32,1370271365282,80,159,184,104
30,84,1370271365546,84,1370271365618,72,344,336,264
30,89,1370271365722,89,1370271365786,64,176,168,104
30,80,1370271366098,80,1370271366178,80,376,392,312
30,73,1370271366339,73,1370271366411,72,241,233,161
30,78,1370271366570,78,1370271366651,81,231,240,159
30,71,1370271366794,71,1370271366850,56,224,199,143
30,32,1370271366962,32,1370271367042,80,168,192,112
30,84,1370271367218,84,1370271367282,64,256,240,176
30,72,1370271367386,72,1370271367466,80,168,184,104
30,73,1370271367578,73,1370271367642,64,192,176,112
30,83,1370271367674,83,1370271367771,97,96,129,32
30,32,1370271367843,32,1370271367938,95,169,167,72
30,65,1370271367994,65,1370271368090,96,151,152,56
30,71,1370271368122,71,1370271368186,64,128,96,32
30,65,1370271368226,65,1370271368299,73,104,113,40
30,73,1370271368323,73,1370271368395,72,97,96,24
30,78,1370271368546,78,1370271368619,73,223,224,151
30,190,1370271369066,190,1370271369122,56,520,503,447
30,32,1370271369235,32,1370271369315,80,169,193,113
30,16,1370271369387,16,1370271369562,175,152,247,72
30,73,1370271369507,73,1370271369562,55,120,0,-55
30,32,1370271369690,32,1370271369778,88,183,216,128
30,80,1370271369938,80,1370271370010,72,248,232,160
30,82,1370271370146,82,1370271370210,64,208,200,136
30,79,1370271370266,79,1370271370330,64,120,120,56
30,66,1370271370826,66,1370271370890,64,560,560,496
30,65,1370271370954,65,1370271371026,72,128,136,64
30,66,1370271371114,66,1370271371178,64,160,152,88
30,76,1370271371690,76,1370271371770,80,576,592,512
30,89,1370271372194,89,1370271372266,72,504,496,424
30,32,1370271372418,32,1370271372506,88,224,240,152
30,72,1370271372650,72,1370271372706,56,232,200,144
30,65,1370271372762,65,1370271372826,64,112,120,56
30,68,1370271373010,68,1370271373074,64,248,248,184
30,32,1370271374098,32,1370271374194,96,1088,1120,1024
30,83,1370271374746,83,1370271374802,56,648,608,552
30,79,1370271374882,79,1370271374946,64,136,144,80
30,77,1370271375082,77,1370271375138,56,200,192,136
30,69,1370271375186,69,1370271375250,64,104,112,48
30,32,1370271375274,32,1370271375338,64,88,88,24
30,80,1370271375522,80,1370271375594,72,248,256,184
30,82,1370271375739,82,1370271375803,64,217,209,145
30,79,1370271375899,79,1370271375971,72,160,168,96
30,66,1370271376219,66,1370271376283,64,320,312,248
30,76,1370271376691,76,1370271376763,72,472,480,408
30,69,1370271376835,69,1370271376899,64,144,136,72
30,77,1370271376947,77,1370271377019,72,112,120,48
30,83,1370271377179,83,1370271377251,72,232,232,160
30,32,1370271377323,32,1370271377403,80,144,152,72
30,76,1370271377579,76,1370271377651,72,256,248,176
30,65,1370271377675,65,1370271377763,88,96,112,24
30,83,1370271377891,83,1370271377971,80,216,208,128
30,84,1370271378075,84,1370271378147,72,184,176,104
30,32,1370271378299,32,1370271378387,88,224,240,152
30,84,1370271378523,84,1370271378579,56,224,192,136
30,73,1370271378651,73,1370271378731,80,128,152,72
30,77,1370271378860,77,1370271378939,79,209,208,129
30,69,1370271378995,69,1370271379059,64,135,120,56
30,32,1370271379155,32,1370271379251,96,160,192,96
30,87,1370271379371,87,1370271379435,64,216,184,120
30,73,1370271379563,73,1370271379643,80,192,208,128
30,84,1370271379803,84,1370271379883,80,240,240,160
30,72,1370271380003,72,1370271380067,64,200,184,120
30,32,1370271380195,32,1370271380283,88,192,216,128
30,84,1370271380459,84,1370271380528,69,264,245,176
30,72,1370271380611,72,1370271380707,96,152,179,83
30,73,1370271380827,73,1370271380883,56,216,176,120
30,83,1370271380979,83,1370271381011,32,152,128,96
30,32,1370271381139,32,1370271381219,80,160,208,128
30,65,1370271381387,65,1370271381475,88,248,256,168
30,78,1370271381971,78,1370271382051,80,584,576,496
30,68,1370271382235,68,1370271382299,64,264,248,184
30,32,1370271382459,32,1370271382539,80,224,240,160
30,73,1370271382859,73,1370271382954,95,400,415,320
30,84,1370271383178,84,1370271383242,64,319,288,224
30,32,1370271383387,32,1370271383491,104,209,249,145
30,68,1370271383635,68,1370271383723,88,248,232,144
30,73,1370271383755,73,1370271383826,71,120,103,32
30,68,1370271383859,68,1370271383922,63,104,96,33
30,78,1370271384466,78,1370271384554,88,607,632,544
30,84,1370271384738,84,1370271384802,64,272,248,184
30,32,1370271384962,32,1370271385058,96,224,256,160
30,71,1370271385914,71,1370271385994,80,952,936,856
30,69,1370271386034,69,1370271386098,64,120,104,40
30,84,1370271386155,84,1370271386218,63,121,120,57
30,32,1370271386355,32,1370271386459,104,200,241,137
30,69,1370271386627,69,1370271386643,16,272,184,168
30,82,1370271386629,82,1370271386674,45,2,31,-14
30,69,1370271386714,69,1370271386779,65,85,105,40
30,67,1370271386986,67,1370271387098,112,272,319,207
30,79,1370271387283,79,1370271387370,87,297,272,185
30,82,1370271389610,82,1370271389682,72,2327,2312,2240
30,68,1370271389818,68,1370271389890,72,208,208,136
30,69,1370271389890,69,1370271389962,72,72,72,0
30,68,1370271390050,68,1370271390122,72,160,160,88
30,32,1370271391010,32,1370271391114,104,960,992,888
30,32,1370271391786,32,1370271391890,104,776,776,672
30,75,1370271392050,75,1370271392122,72,264,232,160
30,78,1370271392242,78,1370271392306,64,192,184,120
30,79,1370271392434,79,1370271392506,72,192,200,128
30,87,1370271392538,87,1370271392610,72,104,104,32
30,32,1370271392698,32,1370271392786,88,160,176,88
30,73,1370271393195,73,1370271393275,80,497,489,409
30,32,1370271393483,32,1370271393579,96,288,304,208
30,74,1370271393827,74,1370271393899,72,344,320,248
30,85,1370271394011,85,1370271394083,72,184,184,112
30,83,1370271394211,83,1370271394283,72,200,200,128
30,84,1370271394331,84,1370271394395,64,120,112,48
30,32,1370271394539,32,1370271394635,96,208,240,144
30,77,1370271394766,77,1370271394819,53,227,184,131
30,65,1370271394859,65,1370271394931,72,93,112,40
30,68,1370271395075,68,1370271395139,64,216,208,144
30,69,1370271395187,69,1370271395251,64,112,112,48
30,32,1370271395347,32,1370271395435,88,160,184,96
30,65,1370271395467,65,1370271395539,72,120,104,32
30,32,1370271395619,32,1370271395715,96,152,176,80
30,83,1370271395827,83,1370271395907,80,208,192,112
30,80,1370271396003,80,1370271396083,80,176,176,96
30,69,1370271396179,69,1370271396259,80,176,176,96
30,76,1370271396627,76,1370271396691,64,448,432,368
30,76,1370271396779,76,1370271396867,88,152,176,88
30,73,1370271396995,73,1370271397059,64,216,192,128
30,78,1370271397203,78,1370271397283,80,208,224,144
30,71,1370271397411,71,1370271397467,56,208,184,128
30,32,1370271397579,32,1370271397667,88,168,200,112
30,77,1370271397819,77,1370271397915,96,240,248,152
30,73,1370271398030,73,1370271398091,61,211,176,115
30,83,1370271398139,83,1370271398219,80,109,128,48
30,84,1370271398307,84,1370271398387,80,168,168,88
30,65,1370271398411,65,1370271398515,104,104,128,24
30,75,1370271398771,75,1370271398835,64,360,320,256
30,69,1370271398899,69,1370271398971,72,128,136,64
30,32,1370271399035,32,1370271399131,96,136,160,64
30,66,1370271399483,66,1370271399586,103,448,455,352
30,85,1370271399723,85,1370271399818,95,240,232,137
30,84,1370271400003,84,1370271400074,71,280,256,185
30,32,1370271400235,32,1370271400323,88,232,249,161
30,16,1370271400507,16,1370271400731,224,272,408,184
30,73,1370271400659,73,1370271400731,72,152,0,-72
30,32,1370271400915,32,1370271401010,95,256,279,184
30,65,1370271401058,65,1370271401122,64,143,112,48
30,77,1370271401178,77,1370271401226,48,120,104,56
30,32,1370271401354,32,1370271401427,73,176,201,128
30,78,1370271401706,78,1370271401802,96,352,375,279
30,80,1370271401851,80,1370271401915,64,145,113,49
30,79,1370271401853,79,1370271401939,86,2,24,-62
30,84,1370271402171,84,1370271402235,64,318,296,232
30,32,1370271402379,32,1370271402482,103,208,247,144
30,71,1370271402642,71,1370271402714,72,263,232,160
30,79,1370271402819,79,1370271402899,80,177,185,105
30,73,1370271403027,73,1370271403098,71,208,199,128
30,78,1370271403226,78,1370271403306,80,199,208,128
30,71,1370271403451,71,1370271403506,55,225,200,145
30,32,1370271403618,32,1370271403714,96,167,208,112
30,84,1370271403770,84,1370271403851,81,152,137,56
30,79,1370271403938,79,1370271404010,72,168,159,87
30,32,1370271404162,32,1370271404250,88,224,240,152
30,67,1370271404418,67,1370271404514,96,256,264,168
30,79,1370271404586,79,1370271404658,72,168,144,72
30,82,1370271404867,82,1370271404922,55,281,264,209
30,82,1370271405010,82,1370271405082,72,143,160,88
30,69,1370271405098,69,1370271405170,72,88,88,16
30,67,1370271405226,67,1370271405306,80,128,136,56
30,84,1370271405443,84,1370271405506,63,217,200,137
30,32,1370271405658,32,1370271405746,88,215,240,152
30,73,1370271406010,73,1370271406082,72,352,336,264
30,84,1370271406346,84,1370271406410,64,336,328,264
30,32,1370271407666,32,1370271407770,104,1320,1360,1256
30,65,1370271408370,65,1370271408450,80,704,680,600
30,78,1370271408522,78,1370271408594,72,152,144,72
30,68,1370271408690,68,1370271408754,64,168,160,96
30,32,1370271408802,32,1370271408906,104,112,152,48
30,82,1370271409594,82,1370271409666,72,792,760,688
30,73,1370271409794,73,1370271409866,72,200,200,128
30,71,1370271410034,71,1370271410098,64,240,232,168
30,72,1370271410194,72,1370271410274,80,160,176,96
30,84,1370271410418,84,1370271410466,48,224,192,144
30,32,1370271410611,32,1370271410699,88,193,233,145
30,78,1370271410859,78,1370271410963,104,248,264,160
30,79,1370271410987,79,1370271411099,112,128,136,24
30,87,1370271411243,87,1370271411307,64,256,208,144
30,32,1370271411803,32,1370271411900,97,560,593,496
30,52,1370271414651,52,1370271414715,64,2848,2815,2751
30,57,1370271414915,57,1370271414995,80,264,280,200
30,32,1370271415435,32,1370271415549,114,520,554,440
30,83,1370271415819,83,1370271415899,80,384,350,270
30,69,1370271416035,69,1370271416083,48,216,184,136
30,67,1370271416267,67,1370271416355,88,232,272,184
30,79,1370271416443,79,1370271416523,80,176,168,88
30,78,1370271416707,78,1370271416779,72,264,256,184
30,68,1370271416931,68,1370271417003,72,224,224,152
30,83,1370271417139,83,1370271417218,79,208,215,136
30,32,1370271417667,32,1370271417771,104,528,553,449
30,65,1370271417907,65,1370271417987,80,240,216,136
30,82,1370271418090,82,1370271418163,73,183,176,103
30,69,1370271418243,69,1370271418298,55,153,135,80
30,32,1370271418387,32,1370271418474,87,144,176,89
30,76,1370271418803,76,1370271418874,71,416,400,329
30,69,1370271418971,69,1370271419034,63,168,160,97
30,70,1370271419194,70,1370271419266,72,223,232,160
30,84,1370271419386,84,1370271419450,64,192,184,120
30,190,1370271420290,190,1370271420354,64,904,904,840
30,32,1370271420498,32,1370271420562,64,208,208,144
30,16,1370271420715,16,1370271420890,175,217,328,153
30,74,1370271420850,74,1370271420922,72,135,32,-40
30,79,1370271421050,79,1370271421122,72,200,200,128
30,83,1370271421258,83,1370271421330,72,208,208,136
30,69,1370271421762,69,1370271421835,73,504,505,432
30,80,1370271422066,80,1370271422138,72,304,303,231
30,72,1370271422410,72,1370271422466,56,344,328,272
30,32,1370271422594,32,1370271422674,80,184,208,128
30,73,1370271422818,73,1370271422882,64,224,208,144
30,83,1370271422914,83,1370271422986,72,96,104,32
30,32,1370271423066,32,1370271423146,80,152,160,80
30,84,1370271423410,84,1370271423490,80,344,344,264
30,8,1370271424610,8,1370271424682,72,1200,1192,1120
30,83,1370271425258,83,1370271425362,104,648,680,576
30,73,1370271425482,73,1370271425546,64,224,184,120
30,84,1370271425746,84,1370271425802,56,264,256,200
30,84,1370271425914,84,1370271425970,56,168,168,112
30,73,1370271426002,73,1370271426082,80,88,112,32
30,78,1370271426202,78,1370271426282,80,200,200,120
30,71,1370271426410,71,1370271426474,64,208,192,128
30,32,1370271426586,32,1370271426666,80,176,192,112
30,78,1370271426778,78,1370271426850,72,192,184,112
30,69,1370271426898,69,1370271426978,80,120,128,48
30,88,1370271427266,88,1370271427346,80,368,368,288
30,84,1370271427434,84,1370271427506,72,168,160,88
30,32,1370271427650,32,1370271427754,104,216,248,144
30,84,1370271427850,84,1370271427914,64,200,160,96
30,79,1370271427994,79,1370271428050,56,144,136,80
30,32,1370271428211,32,1370271428291,80,217,241,161
30,77,1370271428411,77,1370271428475,64,200,184,120
30,69,1370271428524,69,1370271428579,55,113,104,49
30,32,1370271428643,32,1370271428739,96,119,160,64
30,84,1370271429003,84,1370271429075,72,360,336,264
30,79,1370271429267,79,1370271429339,72,264,264,192
30,32,1370271429475,32,1370271429571,96,208,232,136
30,83,1370271429611,83,1370271429699,88,136,128,40
30,69,1370271429971,69,1370271430043,72,360,344,272
30,69,1370271430147,69,1370271430235,88,176,192,104
30,32,1370271430907,32,1370271431003,96,760,768,672
30,87,1370271431299,87,1370271431363,64,392,360,296
30,72,1370271431515,72,1370271431603,88,216,240,152
30,65,1370271431667,65,1370271431747,80,152,144,64
30,84,1370271431899,84,1370271431963,64,232,216,152
30,32,1370271432527,32,1370271432619,92,628,656,564
30,79,1370371494572,79,1370371494659,87,344,344,257
30,32,1370371494907,32,1370371494987,80,335,328,248
30,84,1370371495827,84,1370371495924,97,920,937,840
30,79,1370371495987,79,1370371496051,64,160,127,63
30,68,1370371496411,68,1370371496467,56,424,416,360
30,65,1370371496523,65,1370371496611,88,112,144,56
30,89,1370371496683,89,1370371496739,56,160,128,72
30,32,1370371496915,32,1370371497011,96,232,272,176
30,16,1370371497155,16,1370371497323,168,240,312,144
30,73,1370371497283,73,1370371497339,56,128,16,-40
30,32,1370371497491,32,1370371497579,88,208,240,152
30,65,1370371497620,65,1370371497675,55,129,96,41
30,77,1370371497723,77,1370371497771,48,103,96,48
30,32,1370371497892,32,1370371497971,79,169,200,121
30,84,1370371498236,84,1370371498299,63,344,328,265
30,89,1370371498411,89,1370371498475,64,175,176,112
30,80,1370371498851,80,1370371498939,88,440,464,376
30,73,1370371499100,73,1370371499155,55,249,216,161
30,78,1370371499315,78,1370371499379,64,215,224,160
30,71,1370371499539,71,1370371499587,48,224,208,160
30,32,1370371499715,32,1370371499803,88,176,216,128
30,65,1370371499907,65,1370371499971,64,192,168,104
30,71,1370371500019,71,1370371500083,64,112,112,48
30,65,1370371500107,65,1370371500219,112,88,136,24
30,73,1370371500627,73,1370371500699,72,520,480,408
30,78,1370371500835,78,1370371500907,72,208,208,136
30,190,1370371501419,190,1370371501492,73,584,585,512
30,32,1370371501627,32,1370371501707,80,208,215,135
30,16,1370371502971,16,1370371503179,208,1344,1472,1264
30,84,1370371503139,84,1370371503203,64,168,24,-40
30,72,1370371503315,72,1370371503387,72,176,184,112
30,73,1370371503499,73,1370371503563,64,184,176,112
30,83,1370371503587,83,1370371503667,80,88,104,24
30,32,1370371503748,32,1370371503828,80,161,161,81
30,87,1370371503892,87,1370371504004,112,144,176,64
30,73,1370371504132,73,1370371504204,72,240,200,128
30,76,1370371504364,76,1370371504420,56,232,216,160
30,76,1370371504516,76,1370371504580,64,152,160,96
30,32,1370371504724,32,1370371504804,80,208,224,144
30,71,1370371504988,71,1370371505052,64,264,248,184
30,73,1370371505204,73,1370371505276,72,216,224,152
30,86,1370371505444,86,1370371505516,72,240,240,168
30,69,1370371505517,69,1370371505588,71,73,72,1
30,32,1370371505644,32,1370371505732,88,127,144,56
30,65,1370371505860,65,1370371505980,120,216,248,128
30,78,1370371505972,78,1370371506052,80,112,72,-8
30,79,1370371506236,79,1370371506332,96,264,280,184
30,84,1370371506588,84,1370371506652,64,352,320,256
30,72,1370371506764,72,1370371506836,72,176,184,112
30,69,1370371506900,69,1370371506956,56,136,120,64
30,82,1370371507140,82,1370371507204,64,240,248,184
30,32,1370371507396,32,1370371507476,80,256,272,192
30,83,1370371507620,83,1370371507700,80,224,224,144
30,65,1370371507812,65,1370371507936,124,192,236,112
30,77,1370371507996,77,1370371508068,72,184,132,60
30,80,1370371508220,80,1370371508284,64,224,216,152
30,76,1370371508412,76,1370371508468,56,192,184,128
30,69,1370371508516,69,1370371508596,80,104,128,48
30,32,1370371508644,32,1370371508732,88,128,136,48
30,84,1370371508916,84,1370371509004,88,272,272,184
30,79,1370371509052,79,1370371509116,64,136,112,48
30,32,1370371509268,32,1370371509356,88,216,240,152
30,74,1370371509516,74,1370371509596,80,248,240,160
30,79,1370371509732,79,1370371509788,56,216,192,136
30,83,1370371509988,83,1370371510100,112,256,312,200
30,69,1370371510228,69,1370371510300,72,240,200,128
30,80,1370371510404,80,1370371510476,72,176,176,104
30,72,1370371510868,72,1370371510940,72,464,464,392
30,32,1370371511076,32,1370371511156,80,208,216,136
30,65,1370371511229,65,1370371511332,103,153,176,73
30,66,1370371511372,66,1370371511436,64,143,104,40
30,79,1370371511804,79,1370371511883,79,432,447,368
30,85,1370371512148,85,1370371512228,80,344,345,265
30,84,1370371512388,84,1370371512451,63,240,223,160
30,32,1370371512635,32,1370371512707,72,247,256,184
30,77,1370371512947,77,1370371513035,88,312,328,240
30,89,1370371513260,89,1370371513331,71,313,296,225
30,32,1370371513532,32,1370371513612,80,272,281,201
30,87,1370371514403,87,1370371514491,88,871,879,791
30,82,1370371514708,82,1370371514787,79,305,296,217
30,73,1370371514995,73,1370371515076,81,287,289,208
30,84,1370371515235,84,1370371515307,72,240,231,159
30,73,1370371515467,73,1370371515539,72,232,232,160
30,78,1370371515700,78,1370371515795,95,233,256,161
30,71,1370371515923,71,1370371515995,72,223,200,128
30,32,1370371516939,32,1370371517027,88,1016,1032,944
30,65,1370371517108,65,1370371517203,95,169,176,81
30,78,1370371517259,78,1370371517323,64,151,120,56
30,68,1370371517387,68,1370371517459,72,128,136,64
30,32,1370371517547,32,1370371517619,72,160,160,88
30,87,1370371517771,87,1370371517875,104,224,256,152
30,73,1370371517995,73,1370371518067,72,224,192,120
30,76,1370371518195,76,1370371518259,64,200,192,128
30,76,1370371518355,76,1370371518411,56,160,152,96
30,32,1370371518547,32,1370371518627,80,192,216,136
30,65,1370371518691,65,1370371518787,96,144,160,64
30,76,1370371518827,76,1370371518908,81,136,121,40
30,83,1370371518987,83,1370371519067,80,160,159,79
30,79,1370371519083,79,1370371519155,72,96,88,16
30,32,1370371519371,32,1370371519451,80,288,296,216
30,72,1370371520483,72,1370371520547,64,1112,1096,1032
30,69,1370371520651,69,1370371520739,88,168,192,104
30,76,1370371520939,76,1370371521019,80,288,280,200
30,80,1370371521139,80,1370371521203,64,200,184,120
30,32,1370371521444,32,1370371521524,80,305,321,241
30,72,1370371522028,72,1370371522092,64,584,568,504
30,73,1370371522204,73,1370371522276,72,176,184,112
30,77,1370371522413,77,1370371522460,47,209,184,137
30,32,1370371522596,32,1370371522652,56,183,192,136
30,73,1370371522796,73,1370371522868,72,200,216,144
30,78,1370371523004,78,1370371523044,40,208,176,136
30,32,1370371523164,32,1370371523244,80,160,200,120
30,72,1370371523452,72,1370371523516,64,288,272,208
30,73,1370371523628,73,1370371523700,72,176,184,112
30,83,1370371523756,83,1370371523828,72,128,128,56
30,32,1370371523876,32,1370371523956,80,120,128,48
30,80,1370371524172,80,1370371524244,72,296,288,216
30,82,1370371524628,82,1370371524700,72,456,456,384
30,79,1370371524828,79,1370371524876,48,200,176,128
30,74,1370371525164,74,1370371525236,72,336,360,288
30,69,1370371525292,69,1370371525364,72,128,128,56
30,67,1370371525532,67,1370371525604,72,240,240,168
30,84,1370371525748,84,1370371525820,72,216,216,144
30,190,1370371526860,190,1370371526932,72,1112,1112,1040
30,32,1370371527116,32,1370371527180,64,256,248,184
30,16,1370371529460,16,1370371529636,176,2344,2456,2280
30,73,1370371529580,73,1370371529636,56,120,0,-56
30,32,1370371529812,32,1370371529900,88,232,264,176
30,87,1370371529929,87,1370371530020,91,117,120,29
30,73,1370371530107,73,1370371530180,73,178,160,87
30,76,1370371530316,76,1370371530363,47,209,183,136
30,76,1370371530451,76,1370371530515,64,135,152,88
30,32,1370371530659,32,1370371530716,57,208,201,144
30,76,1370371530875,76,1370371530955,80,216,239,159
30,73,1370371531075,73,1370371531147,72,200,192,120
30,75,1370371531251,75,1370371531307,56,176,160,104
30,69,1370371531308,69,1370371531363,55,57,56,1
30,32,1370371531467,32,1370371531556,89,159,193,104
30,72,1370371531755,72,1370371531819,64,288,263,199
30,73,1370371531947,73,1370371532011,64,192,192,128
30,77,1370371532163,77,1370371532219,56,216,208,152
30,32,1370371532348,32,1370371532427,79,185,208,129
30,84,1370371533179,84,1370371533259,80,831,832,752
30,79,1370371533347,79,1370371533403,56,168,144,88
30,32,1370371533547,32,1370371533611,64,200,208,144
30,80,1370371533843,80,1370371533875,32,296,264,232
30,85,1370371534147,85,1370371534211,64,304,336,272
30,66,1370371534387,66,1370371534451,64,240,240,176
30,76,1370371534715,76,1370371534803,88,328,352,264
30,73,1370371534939,73,1370371535003,64,224,200,136
30,83,1370371535099,83,1370371535195,96,160,192,96
30,72,1370371535323,72,1370371535395,72,224,200,128
30,32,1370371535555,32,1370371535643,88,232,248,160
30,83,1370371535963,83,1370371536043,80,408,400,320
30,79,1370371536107,79,1370371536179,72,144,136,64
30,77,1370371536307,77,1370371536379,72,200,200,128
30,69,1370371536411,69,1370371536491,80,104,112,32
30,84,1370371536651,84,1370371536707,56,240,216,160
30,72,1370371536827,72,1370371536891,64,176,184,120
30,73,1370371537027,73,1370371537083,56,200,192,136
30,78,1370371537243,78,1370371537307,64,216,224,160
30,71,1370371537427,71,1370371537491,64,184,184,120
30,32,1370371537635,32,1370371537715,80,208,224,144
30,71,1370371537883,71,1370371537947,64,248,232,168
30,79,1370371538892,79,1370371538940,48,1009,993,945
30,79,1370371539036,79,1370371539124,88,144,184,96
30,68,1370371539316,68,1370371539412,96,280,288,192
30,32,1370371539548,32,1370371539644,96,232,232,136
30,79,1370371540532,79,1370371540612,80,984,968,888
30,78,1370371540772,78,1370371540836,64,240,224,160
30,32,1370371540964,32,1370371541036,72,192,200,128
30,84,1370371542516,84,1370371542588,72,1552,1552,1480
30,72,1370371542692,72,1370371542780,88,176,192,104
30,73,1370371542900,73,1370371542956,56,208,176,120
30,83,1370371542996,83,1370371543060,64,96,104,40
30,32,1370371543140,32,1370371543228,88,144,168,80
30,84,1370371543604,84,1370371543708,104,464,480,376
30,79,1370371543772,79,1370371543836,64,168,128,64
30,80,1370371543948,80,1370371544020,72,176,184,112
30,73,1370371544156,73,1370371544220,64,208,200,136
30,67,1370371545212,67,1370371545276,64,1056,1056,992
30,190,1370371545852,190,1370371545916,64,640,640,576
30,32,1370371546068,32,1370371546147,79,216,231,152
30,16,1370371547148,16,1370371547348,200,1080,1201,1001
30,73,1370371547276,73,1370371547348,72,128,0,-72
30,32,1370371547492,32,1370371547563,71,216,215,144
30,75,1370371547707,75,1370371547779,72,215,216,144
30,78,1370371547868,78,1370371547939,71,161,160,89
30,79,1370371548091,79,1370371548155,64,223,216,152
30,87,1370371548899,87,1370371548963,64,808,808,744
30,32,1370371549075,32,1370371549156,81,176,193,112
30,84,1370371549324,84,1370371549387,63,249,231,168
30,72,1370371549483,72,1370371549572,89,159,185,96
30,65,1370371549635,65,1370371549707,72,152,135,63
30,84,1370371549819,84,1370371549885,66,184,178,112
30,32,1370371550435,32,1370371550539,104,616,654,550
30,72,1370371550755,72,1370371550827,72,320,288,216
30,69,1370371550979,69,1370371551059,80,224,232,152
30,32,1370371551539,32,1370371551619,80,560,560,480
30,79,1371245332464,79,1371245332528,64,159,128,64
30,32,1371245332704,32,1371245332800,96,240,272,176
30,84,1371245333120,84,1371245333192,72,416,392,320
30,72,1371245333312,72,1371245333400,88,192,208,120
30,73,1371245333528,73,1371245333584,56,216,184,128
30,83,1371245333632,83,1371245333736,104,104,152,48
30,32,1371245333776,32,1371245333864,88,144,128,40
30,73,1371245334008,73,1371245334072,64,232,208,144
30,83,1371245334120,83,1371245334200,80,112,128,48
30,32,1371245334264,32,1371245334344,80,144,144,64
30,65,1371245335417,65,1371245335520,103,1153,1176,1073
30,78,1371245335544,78,1371245335608,64,127,88,24
30,79,1371245335744,79,1371245335816,72,200,208,136
30,84,1371245336024,84,1371245336088,64,280,272,208
30,72,1371245336208,72,1371245336288,80,184,200,120
30,82,1371245336448,82,1371245336504,56,240,216,160
30,32,1371245336664,32,1371245336736,72,216,232,160
30,8,1371245337872,8,1371245337984,112,1208,1248,1136
30,8,1371245338152,8,1371245338233,81,280,249,168
30,69,1371245338728,69,1371245338816,88,576,583,495
30,82,1371245338928,82,1371245338984,56,200,168,112
30,32,1371245339120,32,1371245339216,96,192,232,136
30,83,1371245339288,83,1371245339392,104,168,176,72
30,69,1371245339536,69,1371245339600,64,248,208,144
30,83,1371245339952,83,1371245340008,56,416,408,352
30,83,1371245340104,83,1371245340184,80,152,176,96
30,73,1371245340256,73,1371245340312,56,152,128,72
30,79,1371245340424,79,1371245340488,64,168,176,112
30,78,1371245340624,78,1371245340672,48,200,184,136
30,32,1371245340776,32,1371245340864,88,152,192,104
30,84,1371245341048,84,1371245341112,64,272,248,184
30,72,1371245341232,72,1371245341304,72,184,192,120
30,65,1371245341368,65,1371245341464,96,136,160,64
30,84,1371245341464,84,1371245341520,56,96,56,0
30,32,1371245341664,32,1371245341760,96,200,240,144
30,16,1371245341888,16,1371245342072,184,224,312,128
30,73,1371245342000,73,1371245342072,72,112,0,-72
30,32,1371245342200,32,1371245342280,80,200,208,128
30,65,1371245342352,65,1371245342416,64,152,136,72
30,77,1371245342472,77,1371245342520,48,120,104,56
30,32,1371245342632,32,1371245342712,80,160,192,112
30,71,1371245344712,71,1371245344799,87,2080,2087,2000
30,79,1371245344847,79,1371245344927,80,135,128,48
30,73,1371245345067,73,1371245345127,60,220,200,140
30,78,1371245345271,78,1371245345359,88,204,232,144
30,71,1371245345471,71,1371245345527,56,200,168,112
30,32,1371245345648,32,1371245345728,80,177,201,121
30,84,1371245345768,84,1371245345840,72,120,112,40
30,79,1371245345912,79,1371245345976,64,144,136,72
30,32,1371245346120,32,1371245346200,80,208,224,144
30,84,1371245346368,84,1371245346416,48,248,216,168
30,65,1371245346464,65,1371245346553,89,96,137,48
30,75,1371245346720,75,1371245346784,64,256,231,167
30,69,1371245346873,69,1371245347000,127,153,216,89
30,190,1371245347272,190,1371245347336,64,399,336,272
30,32,1371245347473,32,1371245347553,80,201,217,137
30,16,1371245347600,16,1371245347817,217,127,264,47
30,73,1371245347760,73,1371245347817,57,160,0,-57
30,32,1371245347976,32,1371245348064,88,216,247,159
30,72,1371245348224,72,1371245348288,64,248,224,160
30,65,1371245348336,65,1371245348416,80,112,128,48
30,86,1371245348496,86,1371245348576,80,160,160,80
30,69,1371245348656,69,1371245348728,72,160,152,80
30,32,1371245348856,32,1371245348944,88,200,216,128
30,65,1371245349073,65,1371245349152,79,217,208,129
30,76,1371245349256,76,1371245349336,80,183,184,104
30,83,1371245349400,83,1371245349456,56,144,120,64
30,79,1371245349512,79,1371245349560,48,112,104,56
30,32,1371245349696,32,1371245349776,80,184,216,136
30,84,1371245349960,84,1371245350008,48,264,232,184
30,65,1371245350064,65,1371245350160,96,104,152,56
30,76,1371245350280,76,1371245350352,72,216,192,120
30,75,1371245350496,75,1371245350552,56,216,200,144
30,69,1371245350776,69,1371245350864,88,280,312,224
30,68,1371245351056,68,1371245351120,64,280,256,192
30,32,1371245351288,32,1371245351368,80,232,248,168
30,84,1371245351776,84,1371245351864,88,488,496,408
30,79,1371245351928,79,1371245351984,56,152,120,64
30,32,1371245352152,32,1371245352240,88,224,256,168
30,83,1371245352344,83,1371245352480,136,192,240,104
30,79,1371245352480,79,1371245352544,64,136,64,0
30,77,1371245352680,77,1371245352752,72,200,208,136
30,69,1371245352856,69,1371245352960,104,176,208,104
30,32,1371245352976,32,1371245353048,72,120,88,16
30,70,1371245353280,70,1371245353376,96,304,328,232
30,82,1371245353488,82,1371245353560,72,208,184,112
30,73,1371245353704,73,1371245353768,64,216,208,144
30,69,1371245353920,69,1371245354000,80,216,232,152
30,78,1371245354104,78,1371245354184,80,184,184,104
30,68,1371245354400,68,1371245354464,64,296,280,216
30,83,1371245354528,83,1371245354608,80,128,144,64
30,32,1371245354720,32,1371245354800,80,192,192,112
30,79,1371245355208,79,1371245355256,48,488,456,408
30,70,1371245355312,70,1371245355408,96,104,152,56
30,32,1371245355481,32,1371245355552,71,169,144,73
30,77,1371245355696,77,1371245355760,64,215,208,144
30,73,1371245355904,73,1371245355960,56,208,200,144
30,78,1371245356089,78,1371245356152,63,185,192,129
30,69,1371245356200,69,1371245356272,72,111,120,48
30,32,1371245356336,32,1371245356424,88,136,152,64
30,87,1371245356520,87,1371245356592,72,184,168,96
30,72,1371245356712,72,1371245356776,64,192,184,120
30,79,1371245356936,79,1371245356992,56,224,216,160
30,32,1371245357144,32,1371245357232,88,208,240,152
30,87,1371245357312,87,1371245357392,80,168,160,80
30,73,1371245357480,73,1371245357536,56,168,144,88
30,76,1371245357688,76,1371245357752,64,208,216,152
30,76,1371245357864,76,1371245357920,56,176,168,112
30,32,1371245358072,32,1371245358152,80,208,232,152
30,72,1371245358736,72,1371245358792,56,664,640,584
30,69,1371245359888,69,1371245360000,112,1152,1208,1096
30,76,1371245360049,76,1371245360128,79,161,128,49
30,80,1371245360256,80,1371245360312,56,207,184,128
30,32,1371245360488,32,1371245360568,80,232,256,176
30,73,1371245360728,73,1371245360799,71,240,231,160
30,78,1371245360920,78,1371245360984,64,192,185,121
30,32,1371245361088,32,1371245361167,79,168,183,104
30,80,1371245361352,80,1371245361415,63,264,248,185
30,82,1371245361520,82,1371245361592,72,168,177,105
30,79,1371245361656,79,1371245361712,56,136,120,64
30,86,1371245362103,86,1371245362183,80,447,471,391
30,73,1371245362272,73,1371245362328,56,169,145,89
30,68,1371245362639,68,1371245362727,88,367,399,311
30,73,1371245362791,73,1371245362855,64,152,128,64
30,78,1371245363016,78,1371245363095,79,225,240,161
30,71,1371245363240,71,1371245363296,56,224,201,145
30,32,1371245363449,32,1371245363529,80,209,233,153
30,68,1371245363704,68,1371245363768,64,255,239,175
30,65,1371245363769,65,1371245363848,79,65,80,1
30,84,1371245363928,84,1371245363992,64,159,144,80
30,65,1371245364041,65,1371245364105,64,113,113,49
30,32,1371245365417,32,1371245365504,87,1376,1399,1312
30,84,1371245366184,84,1371245366256,72,767,752,680
30,72,1371245366392,72,1371245366464,72,208,208,136
30,82,1371245366536,82,1371245366600,64,144,136,72
30,79,1371245366768,79,1371245366848,80,232,248,168
30,85,1371245367024,85,1371245367080,56,256,232,176
30,71,1371245367216,71,1371245367272,56,192,192,136
30,72,1371245367376,72,1371245367440,64,160,168,104
30,32,1371245367600,32,1371245367672,72,224,232,160
30,84,1371245367873,84,1371245367936,63,273,264,201
30,72,1371245368056,72,1371245368120,64,183,184,120
30,69,1371245368184,69,1371245368288,104,128,168,64
30,73,1371245368384,73,1371245368440,56,200,152,96
30,82,1371245368513,82,1371245368592,79,129,152,73
30,32,1371245368696,32,1371245368784,88,183,192,104
30,84,1371245369000,84,1371245369088,88,304,304,216
30,89,1371245369128,89,1371245369200,72,128,112,40
30,80,1371245369440,80,1371245369528,88,312,328,240
30,73,1371245369712,73,1371245369768,56,272,240,184
30,78,1371245369929,78,1371245370016,87,217,248,161
30,71,1371245370152,71,1371245370208,56,223,192,136
30,32,1371245370344,32,1371245370424,80,192,216,136
30,79,1371245370624,79,1371245370704,80,280,280,200
30,78,1371245370856,78,1371245370896,40,232,192,152
30,32,1371245371032,32,1371245371120,88,176,224,136
30,84,1371245371312,84,1371245371384,72,280,264,192
30,72,1371245371504,72,1371245371576,72,192,192,120
30,73,1371245371688,73,1371245371736,48,184,160,112
30,83,1371245371832,83,1371245371920,88,144,184,96
30,32,1371245372016,32,1371245372104,88,184,184,96
30,67,1371245372208,67,1371245372296,88,192,192,104
30,79,1371245372368,79,1371245372424,56,160,128,72
30,77,1371245372568,77,1371245372640,72,200,216,144
30,80,1371245372784,80,1371245372856,72,216,216,144
30,85,1371245373048,85,1371245373112,64,264,256,192
30,84,1371245373296,84,1371245373360,64,248,248,184
30,69,1371245373440,69,1371245373496,56,144,136,80
30,82,1371245373544,82,1371245373608,64,104,112,48
30,32,1371245373800,32,1371245373888,88,256,280,192
30,72,1371245374032,72,1371245374112,80,232,224,144
30,69,1371245374176,69,1371245374288,112,144,176,64
30,82,1371245374320,82,1371245374392,72,144,104,32
30,69,1371245374472,69,1371245374560,88,152,168,80
30,190,1371245375552,190,1371245375616,64,1080,1056,992
30,32,1371245375776,32,1371245375856,80,224,240,160
30,84,1371245377624,84,1371245377688,64,1848,1832,1768
30,79,1371245378016,79,1371245378072,56,392,384,328
30,68,1371245378344,68,1371245378407,63,328,335,272
30,65,1371245378480,65,1371245378543,63,136,136,73
30,89,1371245378607,89,1371245378664,57,127,121,64
30,190,1371245379159,190,1371245379223,64,552,559,495
30,32,1371245380072,32,1371245380151,79,913,928,849
30,77,1371245380327,77,1371245380407,80,255,256,176
30,89,1371245380624,89,1371245380696,72,297,289,217
30,32,1371245380848,32,1371245380944,96,224,248,152
30,67,1371245381089,67,1371245381192,103,241,248,145
30,76,1371245381216,76,1371245381280,64,127,88,24
30,65,1371245381425,65,1371245381528,103,209,248,145
30,83,1371245381672,83,1371245381736,64,247,208,144
30,83,1371245381840,83,1371245381912,72,168,176,104
30,32,1371245382001,32,1371245382088,87,161,176,89
30,87,1371245382282,87,1371245382400,118,281,312,194
30,69,1371245382537,69,1371245382608,71,255,208,137
30,78,1371245382712,78,1371245382792,80,175,184,104
30,84,1371245382973,84,1371245383024,51,261,232,181
30,32,1371245383304,32,1371245383384,80,331,360,280
30,82,1371245383889,82,1371245383968,79,585,584,505
30,69,1371245384072,69,1371245384136,64,183,168,104
30,65,1371245384240,65,1371245384320,80,168,184,104
30,76,1371245384856,76,1371245384920,64,616,600,536
30,76,1371245385024,76,1371245385104,80,168,184,104
30,89,1371245385304,89,1371245385368,64,280,264,200
30,32,1371245385544,32,1371245385648,104,240,280,176
30,71,1371245385768,71,1371245385856,88,224,208,120
30,79,1371245385936,79,1371245386000,64,168,144,80
30,79,1371245386112,79,1371245386184,72,176,184,112
30,68,1371245387392,68,1371245387464,72,1280,1280,1208
30,32,1371245387576,32,1371245387656,80,184,192,112
30,65,1371245387768,65,1371245387864,96,192,208,112
30,78,1371245387912,78,1371245387968,56,144,104,48
30,68,1371245388080,68,1371245388144,64,168,176,112
30,32,1371245388234,32,1371245388320,86,154,176,90
30,73,1371245388472,73,1371245388544,72,238,224,152
30,32,1371245388712,32,1371245388792,80,240,248,168
30,82,1371245388968,82,1371245389032,64,256,240,176
30,69,1371245389152,69,1371245389200,48,184,168,120
30,65,1371245389264,65,1371245389344,80,112,144,64
30,76,1371245390000,76,1371245390064,64,736,720,656
30,76,1371245390160,76,1371245390232,72,160,168,96
30,89,1371245390432,89,1371245390504,72,272,272,200
30,32,1371245390713,32,1371245390785,72,281,281,209
30,72,1372157834792,72,1372157834855,63,256,232,169
30,65,1372157834935,65,1372157835048,113,143,193,80
30,86,1372157835128,86,1372157835208,80,193,160,80
30,69,1372157835367,69,1372157835439,72,239,231,159
30,32,1372157835535,32,1372157835623,88,168,184,96
30,67,1372157835975,67,1372157836071,96,440,448,352
30,79,1372157836152,79,1372157836223,71,177,152,81
30,77,1372157836367,77,1372157836447,80,215,224,144
30,69,1372157836479,69,1372157836552,73,112,105,32
30,32,1372157836648,32,1372157836712,64,169,160,96
30,69,1372157837215,69,1372157837303,88,567,591,503
30,65,1372157837304,65,1372157837391,87,89,88,1
30,82,1372157837440,82,1372157837495,55,136,104,49
30,76,1372157837959,76,1372157838031,72,519,536,464
30,89,1372157838263,89,1372157838327,64,304,296,232
30,32,1372157838463,32,1372157838551,88,200,224,136
30,73,1372157838711,73,1372157838775,64,248,224,160
30,78,1372157838887,78,1372157838951,64,176,176,112
30,32,1372157839055,32,1372157839143,88,168,192,104
30,84,1372157839319,84,1372157839375,56,264,232,176
30,72,1372157839487,72,1372157839543,56,168,168,112
30,69,1372157839543,69,1372157839615,72,56,72,0
30,32,1372157839679,32,1372157839751,72,136,136,64
30,77,1372157839895,77,1372157839967,72,216,216,144
30,79,1372157840103,79,1372157840167,64,208,200,136
30,82,1372157840375,82,1372157840455,80,272,288,208
30,78,1372157840695,78,1372157840776,81,320,321,240
30,73,1372157840911,73,1372157840967,56,216,191,135
30,78,1372157841103,78,1372157841191,88,192,224,136
30,71,1372157841320,71,1372157841359,39,217,168,129
30,32,1372157841487,32,1372157841591,104,167,232,128
30,84,1372157841663,84,1372157841735,72,176,144,72
30,79,1372157841799,79,1372157841855,56,136,120,64
30,68,1372157842159,68,1372157842223,64,360,368,304
30,65,1372157842295,65,1372157842367,72,136,144,72
30,89,1372157842423,89,1372157842487,64,128,120,56
30,32,1372157842647,32,1372157842743,96,224,256,160
30,70,1372157842863,70,1372157842959,96,216,216,120
30,80,1372157843055,80,1372157843087,32,192,128,96
30,79,1372157843057,79,1372157843088,31,2,1,-30
30,8,1372157843599,8,1372157843671,72,542,583,511
30,8,1372157844399,8,1372157844463,64,800,792,728
30,79,1372157845015,79,1372157845079,64,616,616,552
30,82,1372157845191,82,1372157845279,88,176,200,112
30,32,1372157845359,32,1372157845439,80,168,160,80
30,87,1372157845647,87,1372157845767,120,288,328,208
30,79,1372157845823,79,1372157845879,56,176,112,56
30,82,1372157846023,82,1372157846087,64,200,208,144
30,75,1372157846223,75,1372157846303,80,200,216,136
30,73,1372157846423,73,1372157846495,72,200,192,120
30,78,1372157846639,78,1372157846719,80,216,224,144
30,71,1372157846863,71,1372157846911,48,224,192,144
30,32,1372157847047,32,1372157847127,80,184,216,136
30,79,1372157847295,79,1372157847359,64,248,232,168
30,78,1372157847487,78,1372157847551,64,192,192,128
30,32,1372157847671,32,1372157847743,72,184,192,120
30,77,1372157847879,77,1372157847959,80,208,216,136
30,89,1372157848111,89,1372157848175,64,232,216,152
30,32,1372157848311,32,1372157848399,88,200,224,136
30,82,1372157848567,82,1372157848631,64,256,232,168
30,69,1372157848752,69,1372157848816,64,185,185,121
30,83,1372157848944,83,1372157849008,64,192,192,128
30,69,1372157849129,69,1372157849184,55,185,176,121
30,65,1372157849256,65,1372157849360,104,127,176,72
30,82,1372157849360,82,1372157849424,64,104,64,0
30,67,1372157849592,67,1372157849680,88,232,256,168
30,72,1372157849856,72,1372157849920,64,264,240,176
30,32,1372157850056,32,1372157850136,80,200,216,136
30,65,1372157850200,65,1372157850256,56,144,120,64
30,78,1372157850352,78,1372157850408,56,152,152,96
30,68,1372157850488,68,1372157850560,72,136,152,80
30,32,1372157850640,32,1372157850720,80,152,160,80
30,65,1372157850832,65,1372157850920,88,192,200,112
30,76,1372157851016,76,1372157851104,88,184,184,96
30,83,1372157851184,83,1372157851256,72,168,152,80
30,79,1372157851256,79,1372157851304,48,72,48,0
30,32,1372157851488,32,1372157851592,104,232,288,184
30,84,1372157851768,84,1372157851847,79,280,255,176
30,79,1372157851880,79,1372157851959,79,112,112,33
30,32,1372157852144,32,1372157852223,79,264,264,185
30,82,1372157852527,82,1372157852599,72,383,376,304
30,69,1372157852736,69,1372157852832,96,209,233,137
30,67,1372157853048,67,1372157853159,111,312,327,216
30,79,1372157853239,79,1372157853319,80,191,160,80
30,82,1372157853407,82,1372157853479,72,168,160,88
30,68,1372157853680,68,1372157853783,103,273,304,201
30,32,1372157853879,32,1372157853983,104,199,200,96
30,84,1372157854199,84,1372157854264,65,320,281,216
30,72,1372157854375,72,1372157854447,72,176,183,111
30,73,1372157854583,73,1372157854647,64,208,200,136
30,83,1372157854695,83,1372157854792,97,112,145,48
30,32,1372157854847,32,1372157854919,72,152,127,55
30,83,1372157855056,83,1372157855151,95,209,232,137
30,69,1372157855303,69,1372157855367,64,247,216,152
30,83,1372157855567,83,1372157855623,56,264,256,200
30,83,1372157855737,83,1372157855815,78,170,192,114
30,73,1372157855919,73,1372157855984,65,182,169,104
30,79,1372157856111,79,1372157856167,56,192,183,127
30,78,1372157856327,78,1372157856391,64,216,224,160
30,190,1372157857639,190,1372157857703,64,1312,1312,1248
30,32,1372157857863,32,1372157857935,72,224,232,160
30,32,1372157860463,32,1372157860551,88,2600,2616,2528
30,65,1372157861735,65,1372157861815,80,1272,1264,1184
30,76,1372157861895,76,1372157861951,56,160,136,80
30,83,1372157862023,83,1372157862087,64,128,136,72
30,79,1372157862119,79,1372157862167,48,96,80,32
30,32,1372157862343,32,1372157862423,80,224,256,176
30,72,1372157862559,72,1372157862623,64,216,200,136
30,65,1372157862639,65,1372157862727,88,80,104,16
30,86,1372157862823,86,1372157862879,56,184,152,96
30,69,1372157862927,69,1372157862991,64,104,112,48
30,32,1372157863127,32,1372157863223,96,200,232,136
30,83,1372157863375,83,1372157863455,80,248,232,152
30,79,1372157863511,79,1372157863583,72,136,128,56
30,77,1372157863719,77,1372157863791,72,208,208,136
30,69,1372157863863,69,1372157863927,64,144,136,72
30,32,1372157863991,32,1372157864071,80,128,144,64
30,70,1372157864535,70,1372157864615,80,544,544,464
30,79,1372157864703,79,1372157864759,56,168,144,88
30,79,1372157864863,79,1372157864927,64,160,168,104
30,68,1372157865143,68,1372157865215,72,280,288,216
30,32,1372157865303,32,1372157865375,72,160,160,88
30,87,1372157865655,87,1372157865727,72,352,352,280
30,73,1372157865807,73,1372157865887,80,152,160,80
30,84,1372157866063,84,1372157866127,64,256,240,176
30,72,1372157866240,72,1372157866313,73,177,186,113
30,32,1372157866440,32,1372157866512,72,200,199,127
30,77,1372157866648,77,1372157866712,64,208,200,136
30,69,1372157866809,69,1372157866880,71,161,168,97
30,32,1372157866976,32,1372157867048,72,167,168,96
30,87,1372157867280,87,1372157867352,72,304,304,232
30,72,1372157867504,72,1372157867568,64,224,216,152
30,73,1372157867712,73,1372157867784,72,208,216,144
30,67,1372157867960,67,1372157868040,80,248,256,176
30,72,1372157868072,72,1372157868128,56,112,88,32
30,32,1372157868304,32,1372157868384,80,232,256,176
30,16,1372157868688,16,1372157868920,232,384,536,304
30,73,1372157868848,73,1372157868920,72,160,0,-72
30,32,1372157869088,32,1372157869175,87,240,255,168
30,65,1372157869264,65,1372157869343,79,176,168,89
30,77,1372157869367,77,1372157869415,48,103,72,24
30,32,1372157869568,32,1372157869648,80,201,233,153
30,71,1372157869904,71,1372157869968,64,336,320,256
30,79,1372157870080,79,1372157870183,103,176,215,112
30,73,1372157870328,73,1372157870383,55,248,200,145
30,78,1372157870559,78,1372157870640,81,231,257,176
30,71,1372157870792,71,1372157870840,48,233,200,152
30,32,1372157870991,32,1372157871103,112,199,263,151
30,84,1372157871215,84,1372157871295,80,224,192,112
30,32,1372157872023,32,1372157872103,80,808,808,728
30,69,1372157872527,69,1372157872607,80,504,504,424
30,65,1372157872711,65,1372157872799,88,184,192,104
30,84,1372157873167,84,1372157873247,80,456,448,368
30,32,1372157873408,32,1372157873511,103,241,264,161
30,65,1372157873543,65,1372157873639,96,135,128,32
30,70,1372157873679,70,1372157873735,56,136,96,40
30,84,1372157873879,84,1372157873935,56,200,200,144
30,69,1372157874007,69,1372157874071,64,128,136,72
30,82,1372157874095,82,1372157874151,56,88,80,24
30,32,1372157874335,32,1372157874447,112,240,296,184
30,83,1372157874535,83,1372157874631,96,200,184,88
30,79,1372157874703,79,1372157874767,64,168,136,72
30,77,1372157874919,77,1372157874999,80,216,232,152
30,69,1372157875047,69,1372157875135,88,128,136,48
30,32,1372157875167,32,1372157875231,64,120,96,32
30,84,1372157875615,84,1372157875695,80,448,464,384
30,73,1372157875799,73,1372157875863,64,184,168,104
30,77,1372157876015,77,1372157876095,80,216,232,152
30,69,1372157876215,69,1372157876311,96,200,216,120
30,190,1372157876511,190,1372157876567,56,296,256,200
30,32,1372157876703,32,1372157876783,80,192,216,136
30,16,1372157876911,16,1372157877103,192,208,320,128
30,73,1372157877031,73,1372157877103,72,120,0,-72
30,32,1372157877287,32,1372157877359,72,256,256,184
30,67,1372157877471,67,1372157877551,80,184,192,112
30,79,1372157877639,79,1372157877687,48,168,136,88
30,79,1372157877791,79,1372157877863,72,152,176,104
30,75,1372157878007,75,1372157878087,80,216,224,144
30,69,1372157878143,69,1372157878215,72,136,128,56
30,68,1372157878335,68,1372157878407,72,192,192,120
30,32,1372157878535,32,1372157878647,112,200,240,128
30,82,1372157878727,82,1372157878799,72,192,152,80
30,73,1372157878951,73,1372157879015,64,224,216,152
30,67,1372157879231,67,1372157879287,56,280,272,216
30,69,1372157879423,69,1372157879495,72,192,208,136
30,32,1372157879615,32,1372157879695,80,192,200,120
30,87,1372157880607,87,1372157880711,104,992,1016,912
30,73,1372157880832,73,1372157880911,79,225,200,121
30,84,1372157881095,84,1372157881167,72,263,256,184
30,72,1372157881271,72,1372157881335,64,176,168,104
30,32,1372157881463,32,1372157881535,72,192,200,128
30,80,1372157881817,80,1372157881895,78,354,360,282
30,69,1372157882231,69,1372157882287,56,414,392,336
30,65,1372157882367,65,1372157882463,96,136,176,80
30,83,1372157882591,83,1372157882663,72,224,200,128
30,188,1372157883031,188,1372157883095,64,440,432,368
30,32,1372157883239,32,1372157883327,88,208,232,144
30,67,1372157885392,67,1372157885456,64,2153,2129,2065
30,79,1372157885536,79,1372157885600,64,144,144,80
30,82,1372157885776,82,1372157885856,80,240,256,176
30,78,1372157886096,78,1372157886152,56,320,296,240
30,32,1372157886288,32,1372157886384,96,192,232,136
30,65,1372157886520,65,1372157886592,72,232,208,136
30,78,1372157886688,78,1372157886760,72,168,168,96
30,68,1372157886848,68,1372157886968,120,160,208,88
30,32,1372157887144,32,1372157887232,88,296,264,176
30,83,1372157887432,83,1372157887520,88,288,288,200
30,79,1372157887592,79,1372157887656,64,160,136,72
30,77,1372157887800,77,1372157887863,63,208,207,144
30,69,1372157887928,69,1372157888007,79,128,144,65
30,32,1372157888128,32,1372157888191,63,200,184,121
30,79,1372157888999,79,1372157889080,81,871,889,808
30,84,1372157889335,84,1372157889407,72,336,327,255
30,72,1372157889519,72,1372157889599,80,184,192,112
30,69,1372157889655,69,1372157889727,72,136,128,56
30,82,1372157889807,82,1372157889855,48,152,128,80
30,32,1372157890351,32,1372157890431,80,544,576,496
