uid,key1_hold_dur,key2_hold_dur,DD_dur,UU_dur,UD_dur
1,64,96,152,184,88
1,81,119,201,239,120
1,72,80,176,184,104
1,96,80,240,224,144
0,97,63,161,127,64
0,88,96,72,80,-16
0,80,105,80,105,0
0,80,64,968,952,888
0,80,81,176,177,96
0,80,96,48,64,-32
0,81,80,32,31,-49
0,99,120,19,40,-80
