uid,key1_hold_dur,key2_hold_dur,DD_dur,UU_dur,UD_dur
1,120,96,72,48,-48
1,88,72,120,104,32
1,96,80,144,128,48
1,88,128,88,128,0
1,112,80,112,80,0
1,120,120,96,96,-24
1,96,72,96,72,0
1,80,80,80,80,0
1,127,64,143,80,16
1,104,64,104,64,0
1,104,104,104,104,0
1,96,96,96,96,0
1,88,72,88,72,0
1,112,80,96,64,-16
1,80,80,80,80,0
1,96,80,80,64,-16
0,66,48,119,101,53
0,63,80,103,120,40
0,65,56,120,111,55
0,56,64,88,96,32
0,71,56,120,105,49
0,64,49,112,97,48
0,64,56,112,104,48
0,56,64,104,112,48
0,73,73,112,112,39
0,71,64,111,104,40
0,88,56,48,16,-40
0,101,40,101,40,0
0,104,64,104,64,0
0,112,64,112,64,0
0,80,56,113,89,33
0,88,56,144,112,56
0,72,72,176,176,104
0,72,64,176,168,104
0,72,56,192,176,120
0,72,24,232,184,160
0,72,64,192,184,120
0,72,72,168,168,96
0,71,64,192,185,121
0,80,72,184,176,104
0,71,64,184,177,113
0,80,56,192,168,112
0,72,72,168,168,96
0,72,72,200,200,128
0,64,64,176,176,112
0,64,72,184,192,120
0,88,88,488,488,400
0,88,72,136,120,48
