uid,key1_hold_dur,key2_hold_dur,DD_dur,UU_dur,UD_dur
1,80,81,176,177,96
1,80,96,48,64,-32
1,81,80,32,31,-49
1,99,120,19,40,-80
1,112,128,56,72,-56
1,96,101,43,48,-53
1,128,112,48,32,-80
0,96,88,96,88,0
0,176,112,64,0,-112
0,136,104,32,0,-104
0,113,73,40,0,-73
0,96,88,96,88,0
0,152,119,65,32,-87
0,111,64,47,0,-64
0,104,112,104,112,0
0,96,88,56,48,-40
0,112,80,112,80,0
0,136,103,137,104,1
0,96,96,48,48,-48
0,104,104,96,96,-8
0,80,80,104,104,24
