uid,key1_hold_dur,key2_hold_dur,DD_dur,UU_dur,UD_dur
1,96,56,96,56,0
1,127,96,103,72,-24
1,136,56,80,0,-56
1,160,80,80,0,-80
1,112,88,72,48,-40
1,96,95,97,96,1
1,144,125,112,93,-32
1,104,96,136,128,32
1,120,88,88,56,-32
1,136,96,160,120,24
1,134,104,112,82,-22
1,121,89,72,40,-49
1,119,119,120,120,1
1,112,80,64,32,-48
1,96,88,80,72,-16
1,136,96,80,40,-56
1,160,96,104,40,-56
1,104,72,104,72,0
1,80,112,48,80,-32
1,103,104,127,128,24
0,72,72,176,176,104
0,72,64,176,168,104
0,72,56,192,176,120
0,72,24,232,184,160
0,72,64,192,184,120
0,72,72,168,168,96
0,71,64,192,185,121
0,80,72,184,176,104
0,71,64,184,177,113
0,80,56,192,168,112
0,72,72,168,168,96
0,72,72,200,200,128
0,64,64,176,176,112
0,64,72,184,192,120
0,88,88,488,488,400
0,88,72,136,120,48
0,71,80,183,192,112
0,87,80,192,185,105
0,80,72,200,192,120
0,56,56,192,192,136
0,152,112,112,72,-40
0,152,112,121,81,-31
0,141,112,101,72,-40
0,144,112,112,80,-32
0,138,115,96,73,-42
0,128,112,104,88,-24
0,146,120,104,78,-42
0,159,112,112,65,-47
0,152,110,112,70,-40
0,160,120,128,88,-32
0,136,96,136,96,0
0,144,104,96,56,-48
0,158,104,128,74,-30
0,160,112,744,696,584
0,136,104,240,208,104
0,145,64,96,15,-49
0,152,96,104,48,-48
0,152,104,104,56,-48
0,160,96,144,80,-16
0,167,87,104,24,-63
