uid,key1_hold_dur,key2_hold_dur,DD_dur,UU_dur,UD_dur
1,80,72,152,144,72
1,88,104,40,56,-48
1,104,112,104,112,0
1,88,64,88,64,0
1,80,80,104,104,24
1,88,88,64,64,-24
1,72,88,104,120,32
0,88,88,88,88,0
0,95,64,72,41,-23
0,87,56,87,56,0
0,87,88,111,112,24
0,72,80,48,56,-24
0,80,72,80,72,0
0,80,80,80,80,0
0,88,72,112,96,24
0,104,88,232,216,128
0,104,72,168,136,64
0,112,80,112,80,0
0,104,72,104,72,0
0,72,72,56,56,-16
0,128,104,48,24,-80
