uid,key1_hold_dur,key2_hold_dur,DD_dur,UU_dur,UD_dur
1,56,112,80,136,24
1,64,88,64,88,0
1,64,56,64,56,0
1,72,64,72,64,0
1,72,112,56,96,-16
1,80,96,80,96,0
1,56,96,72,112,16
1,56,96,56,96,0
1,72,64,72,64,0
1,80,111,81,112,1
1,64,128,64,128,0
1,48,72,48,72,0
1,80,88,80,88,0
1,72,96,88,112,16
1,70,128,70,128,0
0,72,72,176,176,104
0,72,64,176,168,104
0,72,56,192,176,120
0,72,24,232,184,160
0,72,64,192,184,120
0,72,72,168,168,96
0,71,64,192,185,121
0,80,72,184,176,104
0,71,64,184,177,113
0,80,56,192,168,112
0,72,72,168,168,96
0,72,72,200,200,128
0,64,64,176,176,112
0,64,72,184,192,120
0,80,81,176,177,96
0,80,96,48,64,-32
0,81,80,32,31,-49
0,99,120,19,40,-80
0,112,128,56,72,-56
0,96,101,43,48,-53
0,128,112,48,32,-80
0,96,102,42,48,-54
0,88,80,40,32,-48
0,80,72,40,32,-40
0,96,80,48,32,-48
0,96,128,40,72,-56
0,88,128,32,72,-56
0,112,95,49,32,-63
