uid,key1_hold_dur,key2_hold_dur,DD_dur,UU_dur,UD_dur
1,96,88,96,88,0
1,176,112,64,0,-112
1,136,104,32,0,-104
1,113,73,40,0,-73
1,96,88,96,88,0
1,152,119,65,32,-87
1,111,64,47,0,-64
1,104,104,56,56,-48
1,152,104,48,0,-104
1,168,112,72,16,-96
1,120,112,24,16,-96
1,144,112,120,88,-24
1,128,112,80,64,-48
1,160,96,64,0,-96
1,120,72,81,33,-39
1,136,112,56,32,-80
1,145,112,48,15,-97
1,104,144,48,88,-56
1,121,128,97,104,-24
1,104,88,80,64,-24
1,136,112,48,24,-88
1,144,112,49,17,-95
1,88,88,152,152,64
1,128,128,48,48,-80
1,168,128,40,0,-128
1,136,80,88,32,-48
1,152,104,64,16,-88
1,128,120,40,32,-88
1,167,73,95,1,-72
1,128,96,72,40,-56
1,128,128,80,80,-48
1,112,64,128,80,16
1,112,71,113,72,1
1,145,96,49,0,-96
1,160,120,64,24,-96
1,136,120,56,40,-80
1,112,144,112,144,0
1,136,96,104,64,-32
1,168,120,48,0,-120
1,120,96,56,32,-64
1,104,79,105,80,1
1,104,104,64,64,-40
1,136,96,72,32,-64
1,129,128,73,72,-56
1,136,136,136,136,0
1,128,136,128,136,0
2,66,48,119,101,53
2,63,80,103,120,40
2,65,56,120,111,55
2,56,64,88,96,32
2,71,56,120,105,49
2,64,49,112,97,48
2,64,56,112,104,48
2,56,64,104,112,48
2,73,73,112,112,39
2,71,64,111,104,40
2,88,56,48,16,-40
2,101,40,101,40,0
2,104,64,104,64,0
2,112,64,112,64,0
2,80,56,113,89,33
2,88,56,144,112,56
2,112,72,128,88,16
2,80,64,128,112,48
2,112,55,113,56,1
2,79,55,96,72,17
2,120,56,240,176,120
2,104,63,105,64,1
2,72,56,128,112,56
2,72,56,104,88,32
2,96,56,113,73,17
2,64,56,104,96,40
2,72,56,104,88,32
2,80,64,128,112,48
2,104,48,104,48,0
2,88,56,88,56,0
2,64,48,96,80,32
2,72,56,96,80,24
2,128,57,72,1,-56
2,96,48,96,48,0
2,96,56,96,56,0
2,96,56,96,56,0
2,72,63,113,104,41
2,72,56,96,80,24
2,64,56,96,88,32
2,72,56,88,72,16
2,80,56,112,88,32
2,72,56,96,80,24
2,72,48,96,72,24
2,80,56,104,80,24
2,80,56,96,72,16
2,80,56,80,56,0
2,104,56,48,0,-56
2,96,40,96,40,0
2,96,64,96,64,0
2,104,56,104,56,0
2,136,72,160,96,24
2,104,72,104,72,0
2,80,56,80,56,0
3,56,104,40,88,-16
3,64,64,64,64,0
3,48,88,64,104,16
3,71,88,87,104,16
3,64,72,79,87,15
3,64,56,80,72,16
3,56,48,80,72,24
3,64,104,104,144,40
3,84,64,108,88,24
3,80,64,104,88,24
3,48,72,96,120,48
3,96,119,56,79,-40
3,80,128,80,128,0
3,64,120,40,96,-24
3,56,112,80,136,24
3,64,88,64,88,0
3,64,56,64,56,0
3,72,64,72,64,0
3,72,112,56,96,-16
3,80,96,80,96,0
3,56,96,72,112,16
3,56,96,56,96,0
3,72,64,72,64,0
3,80,111,81,112,1
3,64,128,64,128,0
3,48,72,48,72,0
3,80,88,80,88,0
3,72,96,88,112,16
3,70,128,70,128,0
4,72,72,176,176,104
4,72,64,176,168,104
4,72,56,192,176,120
4,72,24,232,184,160
4,72,64,192,184,120
4,72,72,168,168,96
4,71,64,192,185,121
4,80,72,184,176,104
4,71,64,184,177,113
4,80,56,192,168,112
4,72,72,168,168,96
4,72,72,200,200,128
4,64,64,176,176,112
4,64,72,184,192,120
4,88,88,488,488,400
4,88,72,136,120,48
4,71,80,183,192,112
4,87,80,192,185,105
4,80,72,200,192,120
4,56,56,192,192,136
4,64,64,200,200,136
4,64,65,192,193,128
4,65,64,177,176,112
4,56,64,168,176,112
4,56,72,169,185,113
4,72,88,192,208,120
4,55,64,184,193,129
4,64,64,192,192,128
4,80,56,200,176,120
4,56,72,176,192,120
5,136,112,168,144,32
5,96,112,96,112,0
5,112,119,113,120,1
5,136,120,120,104,-16
5,129,120,104,95,-25
5,128,119,129,120,1
5,119,130,71,82,-48
5,88,119,65,96,-23
5,136,120,136,120,0
5,145,120,57,32,-88
5,152,128,152,128,0
5,136,128,72,64,-64
5,152,120,88,56,-64
5,128,120,128,120,0
5,96,79,97,80,1
5,104,128,80,104,-24
5,112,104,80,72,-32
5,96,88,120,112,24
5,120,128,120,128,0
5,128,144,56,72,-72
5,143,136,344,337,201
5,88,104,64,80,-24
5,104,64,120,80,16
5,104,120,104,120,0
5,104,112,88,96,-16
5,160,128,240,208,80
5,96,121,72,97,-24
5,120,104,120,104,0
5,96,104,56,64,-40
5,99,112,72,85,-27
6,104,80,104,80,0
6,88,64,64,40,-24
6,101,64,125,88,24
6,104,80,136,112,32
6,88,64,128,104,40
6,88,56,136,104,48
6,95,64,143,112,48
6,96,85,224,213,128
6,104,72,120,88,16
6,96,72,120,96,24
6,96,72,136,112,40
6,120,72,208,160,88
6,96,72,168,144,72
7,152,88,216,152,64
7,78,65,78,65,0
7,98,66,98,66,0
7,72,93,88,109,16
7,80,104,80,104,0
7,72,88,96,112,24
7,71,80,96,105,25
7,88,64,88,64,0
7,96,128,120,152,24
7,87,105,167,185,80
7,95,79,96,80,1
7,120,88,80,48,-40
7,145,85,60,0,-85
7,96,87,73,64,-23
7,96,80,96,80,0
7,104,88,64,48,-40
7,137,72,96,31,-41
7,104,88,72,56,-32
7,79,80,80,81,1
7,88,88,104,104,16
7,64,72,144,152,80
7,112,63,112,63,0
7,72,88,104,120,32
7,104,72,104,72,0
8,87,88,112,113,25
8,88,79,121,112,33
8,80,72,48,40,-32
8,96,80,136,120,40
8,136,80,136,80,0
8,80,104,80,104,0
7,72,87,73,88,1
7,144,120,56,32,-88
7,104,72,120,88,16
7,104,88,72,56,-32
7,72,80,144,152,72
8,88,64,112,88,24
8,80,72,144,136,64
8,88,48,408,368,320
8,128,80,160,112,32
8,95,72,135,112,40
8,88,112,128,152,40
8,88,72,144,128,56
8,96,88,136,128,40
8,80,96,80,96,0
9,80,56,120,96,40
9,80,56,112,88,32
9,80,56,144,120,64
9,72,48,128,104,56
9,64,40,128,104,64
9,72,55,144,127,72
9,72,48,152,128,80
9,64,72,120,128,56
9,72,48,136,112,64
9,64,56,112,104,48
9,55,72,95,112,40
9,72,56,128,112,56
9,80,56,136,112,56
9,56,40,120,104,64
9,88,48,160,120,72
9,96,56,152,112,56
9,88,48,184,144,96
9,72,48,104,80,32
9,72,48,128,104,56
9,80,56,128,104,48
9,80,47,136,103,56
10,176,112,96,32,-80
10,104,80,56,32,-48
10,128,88,80,40,-48
10,152,128,88,64,-64
10,104,96,104,96,0
10,176,128,80,32,-96
10,200,144,72,16,-128
10,152,136,40,24,-112
10,160,136,64,40,-96
10,184,128,80,24,-104
10,72,128,72,128,0
10,184,128,88,32,-96
10,152,136,56,40,-96
10,120,120,120,120,0
10,104,159,72,127,-32
10,136,120,16,0,-120
10,168,96,96,24,-72
10,136,144,192,200,56
10,112,128,112,128,0
10,128,160,64,96,-64
10,176,144,128,96,-48
11,64,96,152,184,88
11,81,119,201,239,120
11,72,80,176,184,104
11,96,80,240,224,144
11,56,88,161,193,105
11,72,88,160,176,88
11,64,120,176,232,112
11,64,88,160,184,96
12,72,80,73,81,1
12,56,77,88,109,32
12,81,69,81,69,0
12,64,64,80,80,16
12,64,72,65,73,1
12,56,72,56,72,0
12,64,78,66,80,2
12,64,71,97,104,33
12,80,88,80,88,0
12,56,80,56,80,0
12,64,107,303,346,239
12,72,40,88,56,16
12,56,72,56,72,0
12,49,64,88,103,39
12,80,88,80,88,0
12,64,89,88,113,24
12,64,72,64,72,0
12,72,80,72,80,0
12,80,70,82,72,2
12,80,80,144,144,64
12,64,80,64,80,0
12,56,80,80,104,24
12,96,88,40,32,-56
12,88,88,176,176,88
12,64,47,65,48,1
12,56,56,128,128,72
12,72,56,72,56,0
12,80,48,80,48,0
12,80,72,32,24,-48
12,64,81,96,113,32
12,80,72,80,72,0
12,104,57,48,1,-56
12,80,96,64,80,-16
12,80,80,80,80,0
12,80,72,152,144,72
12,72,64,47,39,-25
12,72,96,96,120,24
12,48,88,64,104,16
12,56,96,56,96,0
12,64,63,88,87,24
12,96,56,96,56,0
12,80,55,81,56,1
13,120,96,72,48,-48
13,88,72,120,104,32
13,96,80,144,128,48
13,88,128,88,128,0
13,112,80,112,80,0
13,120,120,96,96,-24
13,96,72,96,72,0
13,80,80,80,80,0
13,127,64,143,80,16
13,104,64,104,64,0
13,104,104,104,104,0
13,96,96,96,96,0
13,88,72,88,72,0
13,112,80,96,64,-16
13,80,80,80,80,0
13,96,80,80,64,-16
13,89,80,57,48,-32
13,88,88,64,64,-24
13,112,96,56,40,-56
13,96,64,96,64,0
13,95,70,122,97,27
13,104,72,120,88,16
13,112,96,112,96,0
13,112,56,112,56,0
13,128,72,129,73,1
13,112,104,80,72,-32
13,96,104,80,88,-16
13,72,56,56,40,-16
13,128,104,104,80,-24
13,104,96,104,96,0
13,103,120,103,120,0
13,120,88,64,32,-56
14,97,63,161,127,64
14,88,96,72,80,-16
14,80,105,80,105,0
14,80,64,968,952,888
14,80,80,96,96,16
14,80,88,40,48,-40
14,64,80,64,80,0
14,104,88,64,48,-40
14,80,80,120,120,40
14,80,88,128,136,48
14,96,96,49,49,-47
14,80,72,104,96,24
14,88,80,56,48,-32
14,88,80,88,80,0
14,96,88,80,72,-16
14,96,80,96,80,0
14,65,56,65,56,0
14,72,72,72,72,0
14,56,64,32,40,-24
14,88,56,88,56,0
14,112,104,112,104,0
14,88,72,72,56,-16
14,88,48,88,48,0
14,96,72,96,72,0
14,80,96,64,80,-16
14,96,64,112,80,16
14,104,64,104,64,0
14,96,80,64,48,-32
14,80,73,80,73,0
14,88,65,112,89,24
14,80,64,56,40,-24
15,88,144,264,320,176
15,88,63,129,104,41
15,64,88,64,88,0
15,88,72,224,208,136
15,80,104,312,336,232
15,72,105,88,121,16
15,72,80,120,128,48
15,72,88,72,88,0
15,128,81,328,281,200
15,88,72,88,72,0
15,71,87,96,112,25
15,80,80,104,104,24
15,48,72,88,112,40
15,88,80,136,128,48
15,80,112,120,152,40
15,72,88,264,280,192
15,64,72,88,96,24
15,72,48,128,104,56
15,104,72,256,224,152
15,64,88,96,120,32
15,80,88,120,128,40
15,64,88,96,120,32
15,80,88,176,184,96
15,72,120,72,120,0
15,80,96,112,128,32
15,79,87,80,88,1
15,80,104,184,208,104
15,104,87,89,72,-15
15,81,63,81,63,0
15,88,88,88,88,0
15,80,64,248,232,168
16,112,135,113,136,1
16,112,104,112,104,0
16,104,88,128,112,24
16,88,81,88,81,0
16,80,80,104,104,24
16,96,63,97,64,1
16,87,95,88,96,1
16,112,88,112,88,0
16,96,96,64,64,-32
16,104,88,104,88,0
16,96,88,64,56,-32
16,96,72,96,72,0
16,88,88,88,88,0
16,72,104,72,104,0
16,88,80,112,104,24
16,88,72,144,128,56
16,64,88,104,128,40
16,88,87,121,120,33
16,96,88,96,88,0
16,112,88,224,200,112
16,104,96,120,112,16
16,88,88,112,112,24
16,88,88,64,64,-24
16,88,80,88,80,0
16,88,88,56,56,-32
16,80,72,80,72,0
16,97,65,128,96,31
16,96,80,96,80,0
16,88,80,1160,1152,1072
16,96,136,136,176,40
16,72,120,944,992,872
16,120,95,121,96,1
16,112,64,136,88,24
16,96,72,136,112,40
16,104,80,64,40,-40
16,120,72,104,56,-16
16,113,111,113,111,0
16,88,96,48,56,-40
16,128,88,128,88,0
16,96,56,96,56,0
16,96,56,96,56,0
16,88,71,88,71,0
16,120,80,96,56,-24
16,128,56,128,56,0
16,104,96,104,96,0
16,103,135,104,136,1
16,112,136,136,160,24
17,135,103,112,80,-23
17,128,96,104,72,-24
17,168,56,112,0,-56
17,128,32,128,32,0
17,144,80,128,64,-16
17,128,96,128,96,0
17,168,152,168,152,0
17,120,72,120,72,0
17,127,143,96,112,-31
17,120,105,96,81,-24
17,147,168,115,136,-32
17,119,120,103,104,-16
17,136,88,96,48,-40
17,128,144,88,104,-40
17,104,112,72,80,-32
17,152,88,120,56,-32
17,114,72,114,72,0
17,168,104,144,80,-24
17,152,96,152,96,0
17,152,80,128,56,-24
17,120,96,104,80,-16
17,128,88,96,56,-32
17,136,144,88,96,-48
17,142,128,94,80,-48
17,127,87,128,88,1
17,125,112,93,80,-32
17,119,88,87,56,-32
17,104,80,104,80,0
17,112,88,88,64,-24
17,112,96,112,96,0
17,120,128,96,104,-24
18,80,81,176,177,96
18,80,96,48,64,-32
18,81,80,32,31,-49
18,99,120,19,40,-80
18,112,128,56,72,-56
18,96,101,43,48,-53
18,128,112,48,32,-80
18,96,102,42,48,-54
18,88,80,40,32,-48
18,80,72,40,32,-40
18,96,80,48,32,-48
18,96,128,40,72,-56
18,88,128,32,72,-56
18,112,95,49,32,-63
18,112,104,56,48,-56
18,104,152,32,80,-72
18,105,113,56,64,-49
18,88,80,48,40,-40
18,80,88,32,40,-48
18,96,80,48,32,-48
18,112,72,144,104,32
18,72,72,48,48,-24
18,96,128,49,81,-47
18,120,128,40,48,-80
18,80,64,144,128,64
18,128,96,48,16,-80
18,160,112,232,184,72
18,88,128,40,80,-48
18,80,88,32,40,-48
18,103,64,39,0,-64
18,96,120,32,56,-64
18,88,72,40,24,-48
18,112,136,48,72,-64
18,104,112,40,48,-64
18,89,112,48,71,-41
18,104,112,48,56,-56
18,104,152,32,80,-72
18,119,136,56,73,-63
18,129,160,56,87,-73
18,80,120,32,72,-48
19,104,112,104,112,0
19,96,88,56,48,-40
19,112,80,112,80,0
19,136,103,137,104,1
19,96,96,48,48,-48
19,104,104,96,96,-8
19,80,80,104,104,24
19,72,88,40,56,-32
19,92,100,92,100,0
19,104,90,104,90,0
19,104,104,56,56,-48
19,97,80,72,55,-25
19,72,87,73,88,1
19,88,104,64,80,-24
19,104,87,105,88,1
19,80,113,40,73,-40
19,80,80,80,80,0
19,96,88,56,48,-40
19,80,72,152,144,72
19,88,104,40,56,-48
19,104,112,104,112,0
19,88,64,88,64,0
19,80,80,104,104,24
19,88,88,64,64,-24
19,72,88,104,120,32
19,88,80,88,80,0
19,112,88,88,64,-24
19,72,88,72,88,0
19,104,72,104,72,0
19,88,88,176,176,88
19,88,88,88,88,0
19,87,96,71,80,-16
19,104,112,88,96,-16
19,72,112,72,112,0
19,88,104,64,80,-24
19,88,96,104,112,16
20,80,120,96,136,16
20,112,80,104,72,-8
20,64,101,91,128,27
20,112,63,112,63,0
20,80,88,80,88,0
20,120,152,120,152,0
20,96,88,152,144,56
20,104,56,144,96,40
20,104,120,80,96,-24
20,96,80,96,80,0
20,112,80,160,128,48
20,144,96,176,128,32
20,112,104,136,128,24
20,96,88,72,64,-24
20,96,88,96,88,0
20,64,88,232,256,168
20,112,72,128,88,16
20,104,72,136,104,32
20,88,72,88,72,0
20,95,88,63,56,-32
20,79,128,23,72,-56
20,88,128,72,112,-16
20,96,96,96,96,0
20,96,120,64,88,-32
20,96,136,112,152,16
20,96,104,128,136,32
21,120,76,164,120,44
21,80,64,80,64,0
21,80,63,81,64,1
21,104,109,84,89,-20
21,80,96,104,120,24
21,94,80,142,128,48
21,111,120,103,112,-8
21,120,136,72,88,-48
21,96,104,72,80,-24
21,104,104,72,72,-32
21,72,88,57,73,-15
21,136,88,80,32,-56
21,112,104,56,48,-56
21,120,96,88,64,-32
21,96,112,96,112,0
21,104,96,104,96,0
21,120,96,120,96,0
21,120,128,120,128,0
21,104,88,80,64,-24
21,103,72,127,96,24
21,104,88,80,64,-24
21,88,96,72,80,-16
21,72,104,88,120,16
21,112,97,112,97,0
21,96,104,96,104,0
21,104,96,104,96,0
21,96,72,72,48,-24
21,128,89,40,1,-88
21,72,96,72,96,0
21,104,88,104,88,0
21,104,104,64,64,-40
21,88,80,88,80,0
21,88,112,128,152,40
21,96,96,128,128,32
21,104,104,104,104,0
21,80,104,48,72,-32
21,56,80,176,200,120
21,112,104,112,104,0
21,104,112,104,112,0
21,104,80,72,48,-32
21,104,96,48,40,-56
21,104,128,72,96,-32
21,111,96,71,56,-40
22,88,88,88,88,0
22,95,64,72,41,-23
22,87,56,87,56,0
22,87,88,111,112,24
22,72,80,48,56,-24
22,80,72,80,72,0
22,80,80,80,80,0
22,96,112,96,112,0
22,88,96,88,96,0
22,80,72,64,56,-16
22,80,64,96,80,16
22,96,72,96,72,0
22,96,64,96,64,0
22,112,112,112,112,0
22,96,96,72,72,-24
22,128,96,128,96,0
22,87,64,88,65,1
22,112,128,72,88,-40
22,88,104,88,104,0
22,96,95,97,96,1
22,80,24,112,56,32
22,63,71,31,39,-32
22,65,64,87,86,22
22,56,72,56,72,0
22,87,120,63,96,-24
22,88,88,88,88,0
22,80,120,48,88,-32
22,88,80,88,80,0
22,87,96,47,56,-40
22,72,80,104,112,32
22,80,80,48,48,-32
22,72,80,72,80,0
22,104,72,64,32,-40
22,104,128,80,104,-24
22,96,56,72,32,-24
22,111,64,87,40,-24
22,79,56,55,32,-24
22,87,79,72,64,-15
22,64,40,64,40,0
22,73,47,73,47,0
22,72,103,72,103,0
22,104,96,64,56,-40
22,88,96,72,80,-16
22,120,96,72,48,-48
23,80,88,128,136,48
23,79,87,104,112,25
23,112,64,192,144,80
23,112,80,176,144,64
23,103,80,199,176,96
23,63,112,215,264,152
23,88,104,152,168,64
23,80,89,160,169,80
23,64,96,104,136,40
23,64,96,120,152,56
23,63,136,119,192,56
23,72,72,128,128,56
23,64,87,136,159,72
23,88,144,135,191,47
23,88,96,104,112,16
23,56,88,56,88,0
23,88,112,112,136,24
23,80,88,112,120,32
23,64,80,112,128,48
23,96,80,96,80,0
23,88,128,88,128,0
23,80,88,112,120,32
23,96,72,96,72,0
23,96,88,88,80,-8
23,72,144,40,112,-32
23,64,80,112,128,48
23,64,112,128,176,64
23,48,56,120,128,72
23,55,88,135,168,80
24,96,80,40,24,-56
24,112,72,112,72,0
24,112,73,207,168,95
24,89,80,153,144,64
24,104,104,104,104,0
24,128,96,96,64,-32
24,120,80,160,120,40
24,120,96,96,72,-24
24,112,72,112,72,0
24,152,72,176,96,24
24,120,56,120,56,0
24,137,93,234,190,97
24,104,72,463,431,359
24,120,48,120,48,0
24,128,71,129,72,1
24,128,104,200,176,72
24,136,88,200,152,64
24,127,89,95,57,-32
24,120,80,96,56,-24
24,128,72,96,40,-32
24,129,103,185,159,56
24,120,24,120,24,0
24,136,48,208,120,72
24,136,56,272,192,136
24,104,64,104,64,0
24,104,72,80,48,-24
24,96,64,184,152,88
24,120,56,104,40,-16
24,127,80,184,137,57
24,121,55,121,55,0
24,120,56,120,56,0
25,88,72,112,96,24
25,104,88,232,216,128
25,104,72,168,136,64
25,112,80,112,80,0
25,104,72,104,72,0
25,72,72,56,56,-16
25,128,104,48,24,-80
26,96,56,96,56,0
26,127,96,103,72,-24
26,136,56,80,0,-56
26,160,80,80,0,-80
26,112,88,72,48,-40
26,96,95,97,96,1
26,144,125,112,93,-32
26,104,96,136,128,32
26,120,88,88,56,-32
26,136,96,160,120,24
26,134,104,112,82,-22
26,121,89,72,40,-49
26,119,119,120,120,1
26,112,80,64,32,-48
26,96,88,80,72,-16
26,136,96,80,40,-56
26,160,96,104,40,-56
26,104,72,104,72,0
26,80,112,48,80,-32
26,103,104,127,128,24
26,97,111,97,111,0
26,95,120,80,105,-15
26,112,104,136,128,24
26,136,88,80,32,-56
26,128,80,104,56,-24
26,120,96,88,64,-32
26,112,72,88,48,-24
26,144,72,72,0,-72
26,144,88,112,56,-32
26,120,112,72,64,-48
26,112,80,96,64,-16
26,104,121,71,88,-33
26,96,87,96,87,0
26,127,71,128,72,1
26,112,88,96,72,-16
26,144,96,640,592,496
26,129,96,129,96,0
26,152,72,80,0,-72
26,104,96,152,144,48
26,112,72,112,72,0
26,128,104,64,40,-64
27,112,128,128,144,16
27,120,112,120,112,0
27,56,88,96,128,40
27,112,112,144,144,32
27,136,120,192,176,56
27,121,128,160,167,39
27,104,112,136,144,32
27,120,128,120,128,0
27,89,104,112,127,23
27,128,128,184,184,56
27,120,96,168,144,48
27,96,88,96,88,0
27,104,88,104,88,0
27,129,96,160,127,31
27,128,96,128,96,0
27,88,96,160,168,72
27,120,136,168,184,48
27,128,120,152,144,24
27,96,119,121,144,25
27,96,120,160,184,64
27,120,168,304,352,184
27,159,120,192,153,33
27,160,128,296,264,136
27,128,119,129,120,1
27,112,139,152,179,40
27,104,120,152,168,48
27,88,112,256,280,168
27,80,112,80,112,0
27,96,72,120,96,24
27,72,136,656,720,584
27,104,96,104,96,0
27,80,96,112,128,32
27,104,112,144,152,40
27,97,104,152,159,55
27,96,112,120,136,24
27,127,112,127,112,0
27,88,96,88,96,0
27,89,96,112,119,23
27,72,104,96,128,24
27,96,176,168,248,72
27,96,96,112,112,16
27,88,64,104,80,16
27,112,104,152,144,40
27,112,87,113,88,1
27,88,104,112,128,24
27,105,112,160,167,55
27,128,88,208,168,80
27,104,104,160,160,56
27,118,112,158,152,40
27,112,152,136,176,24
27,112,104,144,136,32
27,111,103,136,128,25
28,88,87,152,151,64
28,72,82,120,130,48
28,96,77,144,125,48
28,76,80,120,124,44
28,80,80,112,112,32
28,88,96,120,128,32
28,64,72,104,112,40
28,72,79,105,112,33
28,72,80,104,112,32
28,72,75,109,112,37
28,72,64,96,88,24
28,112,96,144,128,32
28,72,64,96,88,24
28,76,80,132,136,56
28,96,72,720,696,624
28,80,104,136,160,56
28,80,80,104,104,24
28,88,80,128,120,40
28,104,85,200,181,96
28,73,63,74,64,1
28,72,88,112,128,40
28,80,104,112,136,32
28,72,56,112,96,40
28,120,96,192,168,72
28,80,80,128,128,48
28,96,64,120,88,24
28,72,72,120,120,48
28,80,96,80,96,0
28,127,64,239,176,112
28,64,104,160,200,96
28,104,80,184,160,80
28,72,81,48,57,-24
28,80,72,192,184,112
28,72,79,105,112,33
28,80,88,104,112,24
29,152,112,112,72,-40
29,152,112,121,81,-31
29,141,112,101,72,-40
29,144,112,112,80,-32
29,138,115,96,73,-42
29,128,112,104,88,-24
29,146,120,104,78,-42
29,159,112,112,65,-47
29,152,110,112,70,-40
29,160,120,128,88,-32
29,136,96,136,96,0
29,144,104,96,56,-48
29,158,104,128,74,-30
29,160,112,744,696,584
29,136,104,240,208,104
29,145,64,96,15,-49
29,152,96,104,48,-48
29,152,104,104,56,-48
29,160,96,144,80,-16
29,167,87,104,24,-63
29,136,82,72,18,-64
29,176,136,128,88,-48
30,64,80,168,184,104
30,80,64,200,184,120
30,69,96,152,179,83
30,64,72,176,184,112
30,64,72,176,184,112
30,56,64,176,184,120
30,72,88,176,192,104
30,63,89,159,185,96
30,72,88,192,208,120
30,64,80,184,200,120
30,64,72,184,192,120
30,72,72,208,208,136
30,63,64,183,184,120
30,72,72,192,192,120
30,56,56,168,168,112
30,65,72,176,183,111
30,64,73,177,186,113
30,72,64,176,168,104
30,72,80,184,192,112
1,112,113,64,65,-48
1,64,88,168,192,104
1,104,96,64,56,-40
1,96,128,96,128,0
1,119,119,24,24,-95
1,64,104,96,136,32
1,88,112,112,136,24
1,104,168,32,96,-72
1,112,128,48,64,-64
1,112,96,168,152,56
1,112,104,112,104,0
1,112,135,1,24,-111
1,112,96,56,40,-56
1,144,88,96,40,-48
1,96,64,128,96,32
1,112,72,72,32,-40
1,112,95,96,79,-16
1,88,112,88,112,0
1,128,112,48,32,-80
1,128,128,128,128,0
1,80,80,24,24,-56
1,104,72,56,24,-48
1,120,120,40,40,-80
1,73,112,80,119,7
1,96,127,57,88,-39
1,128,144,80,96,-48
1,120,128,72,80,-48
1,120,64,56,0,-64
1,88,104,145,161,57
1,102,120,182,200,80
1,144,72,72,0,-72
1,112,128,80,96,-32
1,120,112,88,80,-32
1,120,120,80,80,-40
1,80,56,136,112,56
1,96,120,32,56,-64
1,104,72,144,112,40
1,79,96,79,96,0
1,96,96,24,24,-72
1,128,72,56,0,-72
1,136,120,96,80,-40
1,136,96,40,0,-96
2,48,71,49,72,1
2,80,80,80,80,0
2,56,66,56,66,0
2,64,80,64,80,0
2,56,79,56,79,0
2,49,103,49,103,0
2,56,96,56,96,0
2,64,80,64,80,0
2,73,65,73,65,0
2,64,80,64,80,0
2,64,78,176,190,112
2,64,80,88,104,24
2,64,80,88,104,24
2,56,97,79,120,23
2,72,97,72,97,0
2,64,88,64,88,0
2,55,128,103,176,48
2,55,80,104,129,49
2,56,112,216,272,160
2,64,103,128,167,64
2,56,104,80,128,24
2,63,112,111,160,48
2,56,136,56,136,0
2,56,112,80,136,24
2,56,81,112,137,56
2,56,112,88,144,32
2,56,112,88,144,32
2,64,104,64,104,0
2,48,112,96,160,48
2,56,112,80,136,24
2,48,96,80,128,32
2,56,112,80,136,24
2,56,96,104,144,48
2,56,120,104,168,48
2,63,97,63,97,0
2,56,88,80,112,24
2,56,96,80,120,24
2,56,96,96,136,40
2,56,89,88,121,32
2,56,97,72,113,16
2,48,96,88,136,40
2,56,96,72,112,16
2,56,80,88,112,32
2,56,80,104,128,48
2,56,88,127,159,71
2,64,96,96,128,32
2,56,80,112,136,56
2,72,64,112,104,40
2,72,88,152,168,80
2,71,56,96,81,25
2,56,80,112,136,56
3,112,88,64,40,-48
3,72,176,104,208,32
3,104,72,88,56,-16
3,88,80,72,64,-16
3,72,63,73,64,1
3,56,56,56,56,0
3,104,104,152,152,48
3,104,103,41,40,-63
3,64,79,65,80,1
3,64,112,64,112,0
3,72,88,40,56,-32
3,128,112,56,40,-72
3,120,72,80,32,-40
3,144,63,121,40,-23
3,112,72,56,16,-56
3,80,111,81,112,1
3,88,96,88,96,0
3,64,88,88,112,24
3,47,87,88,128,41
3,80,72,104,96,24
3,96,64,536,504,440
3,96,88,72,64,-24
3,96,112,48,64,-48
3,63,48,96,81,33
3,79,88,79,88,0
3,128,65,64,1,-64
3,56,64,192,200,136
3,72,104,96,128,24
3,104,40,144,80,40
4,72,71,73,72,1
4,64,72,80,88,16
4,56,71,57,72,1
4,24,72,64,112,40
4,64,64,112,112,48
4,72,72,72,72,0
4,64,78,65,79,1
4,72,72,40,40,-32
4,64,72,32,40,-32
4,56,78,2,24,-54
4,64,48,64,48,0
4,72,88,72,88,0
4,88,64,88,64,0
4,80,72,96,88,16
4,72,72,72,72,0
4,64,43,100,79,36
4,64,72,88,96,24
4,88,80,88,80,0
4,64,64,64,64,0
4,64,55,65,56,1
4,56,56,88,88,32
5,112,160,72,120,-40
5,112,112,72,72,-40
5,119,136,63,80,-56
5,120,160,40,80,-80
5,120,120,57,57,-63
5,119,136,39,56,-80
5,130,160,113,143,-17
5,120,112,32,24,-88
5,120,151,88,119,-32
5,120,111,120,111,0
5,135,208,159,232,24
5,120,136,352,368,232
5,113,128,160,175,47
5,120,112,152,144,32
5,128,184,128,184,0
5,104,135,105,136,1
5,128,152,40,64,-88
5,112,136,264,288,152
5,144,136,72,64,-72
5,104,137,88,121,-16
5,135,136,375,376,240
5,112,112,408,408,296
5,104,112,64,72,-40
5,112,96,96,80,-16
6,80,67,301,288,221
6,64,88,200,224,136
6,64,104,104,144,40
6,80,72,80,72,0
6,64,88,176,200,112
6,56,63,97,104,41
6,64,128,1896,1960,1832
6,72,136,56,120,-16
6,72,78,74,80,2
6,72,88,72,88,0
6,72,64,200,192,128
6,72,88,72,88,0
6,72,64,72,64,0
7,88,152,64,128,-24
7,65,160,81,176,16
7,66,132,94,160,28
7,93,187,94,188,1
7,104,176,104,176,0
7,88,160,88,160,0
7,80,160,80,160,0
7,64,175,64,175,0
7,105,184,24,103,-81
7,64,112,96,144,32
7,79,136,95,152,16
7,88,184,120,216,32
7,85,153,100,168,15
7,81,121,120,160,39
7,87,152,143,208,56
7,72,215,41,184,-31
7,80,143,80,143,0
7,72,176,104,208,32
8,79,96,103,120,24
8,72,168,176,272,104
8,80,96,112,128,32
8,80,88,104,112,24
7,87,135,88,136,1
7,72,160,128,216,56
7,88,187,132,231,44
7,80,160,24,104,-56
8,104,80,232,208,128
8,72,128,112,168,40
8,80,112,136,168,56
8,72,66,160,154,88
8,72,72,344,344,272
8,72,120,72,120,0
8,72,72,72,72,0
8,80,112,80,112,0
8,88,88,208,208,120
8,48,128,136,216,88
9,56,79,89,112,33
9,56,128,136,208,80
9,56,104,88,136,32
9,48,96,72,120,24
9,40,88,88,136,48
9,55,88,72,105,17
9,48,80,48,80,0
9,72,96,72,96,0
9,48,112,80,144,32
9,56,88,104,136,48
9,56,88,80,112,24
9,56,96,88,128,32
9,40,72,80,112,40
9,48,104,112,168,64
9,56,95,113,152,57
9,48,112,88,152,40
9,48,104,104,160,56
9,48,96,72,120,24
9,56,120,104,168,48
9,56,88,192,224,136
9,48,72,136,160,88
10,96,120,96,120,0
10,88,95,49,56,-39
10,128,112,16,0,-112
10,96,120,168,192,72
10,88,96,144,152,56
10,120,104,120,104,0
10,128,128,24,24,-104
10,144,136,88,80,-56
10,136,97,80,41,-56
10,136,112,48,24,-88
10,128,104,48,24,-80
10,128,151,97,120,-31
10,136,105,96,65,-40
10,120,136,48,64,-72
10,120,104,72,56,-48
10,96,144,32,80,-64
10,144,128,240,224,96
10,144,120,144,120,0
10,152,136,104,88,-48
10,144,119,48,23,-96
11,80,88,200,208,120
11,104,72,176,144,72
11,80,80,136,136,56
11,72,72,96,96,24
11,96,152,312,368,216
11,104,72,200,168,96
11,71,56,111,96,40
11,96,88,152,144,56
11,88,80,88,80,0
11,71,72,136,137,65
11,120,104,88,72,-32
12,80,55,80,55,0
12,77,51,77,51,0
12,69,66,87,84,18
12,64,72,64,72,0
12,72,80,72,80,0
12,72,72,72,72,0
12,78,72,78,72,0
12,71,71,48,48,-23
12,88,80,88,80,0
12,80,80,80,80,0
12,89,76,89,76,0
12,72,64,72,64,0
12,64,88,24,48,-40
12,88,39,112,63,24
12,89,80,89,80,0
12,72,96,72,96,0
12,70,63,71,64,1
12,80,72,80,72,0
12,88,112,48,72,-40
12,56,72,40,56,-16
12,56,88,104,136,48
12,72,112,208,248,136
12,81,89,40,48,-41
12,96,112,72,88,-24
12,80,80,64,64,-16
12,72,88,24,40,-48
12,64,71,121,128,57
12,96,96,48,48,-48
12,88,80,64,56,-24
12,96,104,96,104,0
13,72,104,136,168,64
13,80,64,56,40,-24
13,87,175,272,360,185
13,88,104,128,144,40
13,64,112,80,128,16
13,96,64,96,64,0
13,72,80,144,152,72
13,80,104,80,104,0
13,80,104,88,112,8
13,88,72,161,145,73
13,80,96,80,96,0
13,80,88,80,88,0
13,64,92,88,116,24
13,64,88,112,136,48
13,80,88,136,144,56
13,56,80,24,48,-32
13,104,80,144,120,40
13,104,104,104,104,0
13,56,64,112,120,56
13,79,176,79,176,0
13,104,104,104,104,0
13,105,200,192,287,87
14,63,74,87,98,24
14,66,96,104,134,38
14,64,80,64,80,0
14,80,80,80,80,0
14,72,81,72,81,0
14,97,120,97,120,0
14,80,112,40,72,-40
14,80,80,104,104,24
14,56,80,56,80,0
14,72,72,72,72,0
14,64,80,97,113,33
14,56,88,72,104,16
14,48,96,80,128,32
14,72,96,56,80,-16
14,64,136,80,152,16
14,64,72,96,104,32
14,80,72,64,56,-16
14,64,64,64,64,0
14,64,104,96,136,32
14,73,96,73,96,0
14,65,72,97,104,32
14,64,112,40,88,-24
15,63,113,143,193,80
15,87,96,87,96,0
15,72,48,104,80,32
15,88,64,104,80,16
15,72,96,104,128,32
15,48,56,88,96,40
15,104,120,184,200,80
15,88,64,88,64,0
15,88,104,120,136,32
15,96,56,904,864,808
15,80,72,128,120,48
15,63,80,128,145,65
16,104,80,72,48,-32
16,88,72,136,120,48
16,80,72,104,96,24
16,88,72,144,128,56
16,63,88,87,112,24
16,95,96,95,96,0
16,88,96,128,136,40
16,96,88,112,104,16
16,88,72,168,152,80
16,88,88,104,104,16
16,72,104,72,104,0
16,88,88,88,88,0
16,104,64,104,64,0
16,80,72,80,72,0
16,72,87,72,87,0
16,88,72,56,40,-32
16,87,104,87,104,0
16,88,88,88,88,0
16,88,120,440,472,352
16,88,64,88,64,0
16,88,96,112,120,24
16,80,88,80,88,0
16,88,72,136,120,48
16,72,104,88,120,16
16,65,95,105,135,40
16,80,120,80,120,0
16,95,72,79,56,-16
16,64,96,104,136,40
16,80,104,104,128,24
16,96,104,112,120,16
16,88,80,136,128,48
16,56,120,88,152,32
16,56,80,96,120,40
16,71,72,87,88,16
16,80,136,112,168,32
16,96,128,120,152,24
16,96,87,440,431,344
17,104,40,128,64,24
17,103,112,128,137,25
17,144,119,305,280,161
17,120,96,400,376,280
17,96,136,120,160,24
17,105,119,105,119,0
17,32,120,88,176,56
17,80,136,120,176,40
17,72,127,104,159,32
17,105,135,105,135,0
17,168,136,208,176,40
17,120,144,120,144,0
17,136,104,160,128,24
17,112,160,112,160,0
17,72,144,96,168,24
17,96,152,296,352,200
17,96,128,120,152,24
17,88,144,128,184,40
17,144,207,241,304,97
17,128,232,192,296,64
17,87,152,119,184,32
17,112,200,168,256,56
17,88,112,120,144,32
17,80,136,120,176,40
17,104,136,104,136,0
17,88,158,111,181,23
17,96,96,96,96,0
17,128,48,128,48,0
18,81,48,104,71,23
18,96,61,67,32,-29
18,128,72,56,0,-72
18,101,87,70,56,-31
18,102,83,102,83,0
18,80,72,104,96,24
18,72,72,72,72,0
18,80,80,56,56,-24
18,128,72,56,0,-72
18,128,72,56,0,-72
18,95,80,63,48,-32
18,104,64,56,16,-48
18,152,79,73,0,-79
18,64,64,144,144,80
18,113,64,49,0,-64
18,72,72,313,313,241
18,128,73,55,0,-73
18,128,72,56,0,-72
18,72,72,72,72,0
18,120,56,64,0,-56
18,136,72,64,0,-72
18,112,80,64,32,-48
18,112,72,41,1,-71
18,112,88,24,0,-88
18,152,80,72,0,-80
18,160,88,73,1,-87
18,120,72,48,0,-72
18,80,80,104,104,24
19,80,88,192,200,112
19,88,88,88,88,0
19,88,72,192,176,104
19,100,64,68,32,-32
19,104,80,144,120,40
19,72,103,89,120,17
19,87,80,63,56,-24
19,104,72,72,40,-32
19,88,88,128,128,40
19,104,112,128,136,24
19,80,72,64,56,-16
19,88,104,32,48,-56
19,80,136,64,120,-16
19,88,64,88,64,0
19,87,63,88,64,1
19,96,120,96,120,0
19,96,40,152,96,56
19,112,88,80,56,-32
19,80,80,120,120,40
19,72,48,168,144,96
19,96,88,96,88,0
19,104,65,104,65,0
20,80,112,104,136,24
20,88,120,216,248,128
20,63,79,128,144,65
20,88,80,136,128,48
20,119,97,319,297,200
20,80,72,216,208,136
20,120,96,168,144,48
20,80,104,104,128,24
20,96,112,288,304,192
20,88,88,136,136,48
20,88,80,120,112,32
20,88,85,123,120,35
20,72,105,120,153,48
20,80,96,128,144,48
20,71,175,120,224,49
20,72,80,209,217,137
20,72,88,185,201,113
20,88,96,168,176,80
20,56,72,113,129,57
21,64,136,112,184,48
21,63,72,103,112,40
21,96,120,72,96,-24
21,104,72,200,168,96
21,88,80,103,95,15
21,105,95,137,127,32
21,96,64,128,96,32
21,56,96,112,152,56
21,96,127,144,175,48
21,96,80,168,152,72
21,88,88,128,128,40
21,72,120,72,120,0
21,104,88,104,88,0
21,104,112,104,112,0
21,97,95,97,95,0
21,88,96,112,120,24
21,89,112,120,143,31
21,96,152,64,120,-32
21,88,80,224,216,136
21,128,144,96,112,-32
21,96,95,97,96,1
21,96,112,152,168,56
21,96,136,120,160,24
21,96,120,128,152,32
21,80,96,120,136,40
21,71,121,127,177,56
21,112,104,96,88,-16
21,88,119,88,119,0
21,96,96,48,48,-48
21,104,95,105,96,1
21,80,80,112,112,32
21,88,80,88,80,0
21,80,72,176,168,96
21,96,88,144,136,48
21,72,72,144,144,72
21,88,96,112,120,24
22,64,79,137,152,73
22,88,48,280,240,192
22,80,72,128,120,48
22,79,64,143,128,64
22,79,56,127,104,48
22,64,48,119,103,55
22,88,64,112,88,24
22,80,64,80,64,0
22,72,64,72,64,0
22,80,64,104,88,24
22,80,64,56,40,-24
22,64,87,65,88,1
22,88,72,104,88,16
22,96,132,84,120,-12
22,64,88,64,88,0
22,95,80,63,48,-32
22,64,72,64,72,0
22,120,104,136,120,16
22,96,56,96,56,0
22,80,72,144,136,64
22,64,96,120,152,56
22,64,72,96,104,32
22,88,71,65,48,-23
22,72,80,40,48,-32
22,64,79,25,40,-39
22,56,95,57,96,1
22,96,80,120,104,24
22,79,80,79,80,0
22,40,72,152,120,48
22,40,86,2,48,-38
22,104,152,104,152,0
22,89,87,89,87,0
22,96,72,71,47,-25
22,96,64,96,64,0
23,88,96,104,112,16
23,87,79,88,80,1
23,64,80,64,80,0
23,80,128,40,88,-40
23,80,103,41,64,-39
23,104,104,120,120,16
23,112,73,112,73,0
23,104,104,104,104,0
23,89,95,89,95,0
23,96,112,80,96,-16
23,104,141,136,173,32
23,72,144,40,112,-32
23,87,120,71,104,-16
23,96,96,160,160,64
23,88,120,56,88,-32
23,80,136,104,160,24
23,88,120,48,80,-40
23,72,128,48,104,-24
23,88,112,64,88,-24
23,80,63,81,64,1
23,112,121,89,98,-23
23,88,105,64,81,-24
24,80,120,136,176,56
24,72,128,104,160,32
24,63,104,87,128,24
24,72,128,208,264,136
24,104,136,184,216,80
24,80,128,144,192,64
24,96,144,200,248,104
24,80,184,192,296,112
24,96,184,160,248,64
24,72,136,112,176,40
24,56,144,176,264,120
24,72,184,168,280,96
24,96,144,176,224,80
24,71,120,191,240,120
24,88,112,136,160,48
24,88,128,176,216,88
24,89,120,160,191,71
24,79,112,295,328,216
24,103,120,127,144,24
24,88,120,264,296,176
24,64,112,152,200,88
24,73,110,171,208,98
24,48,112,128,192,80
24,56,134,210,288,154
24,64,112,136,184,72
24,72,120,160,208,88
24,64,144,144,224,80
24,64,152,152,240,88
24,56,120,152,216,96
24,80,111,80,111,0
24,56,96,112,152,56
25,72,64,240,232,168
25,80,88,192,200,112
25,72,135,145,208,73
25,88,104,264,280,176
25,72,64,152,144,80
25,104,135,1,32,-103
26,56,88,72,104,16
26,96,72,72,48,-24
26,56,112,88,144,32
26,81,96,160,175,79
26,80,112,80,112,0
26,88,88,120,120,32
26,95,96,95,96,0
26,88,120,112,144,24
26,89,87,89,87,0
26,80,88,120,128,40
26,96,96,96,96,0
26,63,112,127,176,64
26,63,88,103,128,40
26,112,112,112,112,0
26,104,96,104,96,0
26,111,88,111,88,0
26,88,88,88,88,0
26,96,96,128,128,32
26,72,113,23,64,-49
26,88,112,88,112,0
26,80,96,120,136,40
26,71,88,95,112,24
26,88,88,88,88,0
26,96,88,104,96,8
26,72,104,112,144,40
26,80,120,120,160,40
26,72,96,96,120,24
27,128,96,176,144,48
27,112,128,160,176,48
27,88,144,112,168,24
27,112,120,112,120,0
27,120,113,120,113,0
27,128,104,96,72,-32
27,112,112,112,112,0
27,128,136,184,192,56
27,104,120,128,144,24
27,128,120,160,152,32
27,96,144,152,200,56
27,120,64,192,136,72
27,112,184,304,376,192
27,96,136,120,160,24
27,96,136,160,200,64
27,96,104,112,120,16
27,136,144,168,176,32
27,120,104,128,112,8
27,119,112,119,112,0
27,120,104,120,104,0
27,120,152,257,289,137
27,128,112,280,264,152
27,119,136,151,168,32
27,139,160,168,189,29
27,120,104,136,120,16
27,96,160,280,344,184
27,96,160,160,224,64
27,96,128,112,144,16
27,112,128,136,152,24
27,104,96,72,64,-32
27,112,136,112,136,0
27,112,96,128,112,16
27,96,112,136,152,40
27,96,80,120,104,24
27,104,160,104,160,0
27,176,152,576,552,400
27,96,88,160,152,64
27,87,153,215,281,128
27,87,104,111,128,24
27,104,168,136,200,32
27,104,96,160,152,56
27,112,104,112,104,0
27,120,112,216,208,96
27,88,168,104,184,16
27,96,160,144,208,48
27,104,136,144,176,40
27,112,111,113,112,1
27,104,88,144,128,40
27,112,160,168,216,56
28,87,105,87,105,0
28,82,102,82,102,0
28,77,112,104,139,27
28,80,104,80,104,0
28,80,105,104,129,24
28,96,130,96,130,0
28,72,111,96,135,24
28,79,119,80,120,1
28,80,112,80,112,0
28,75,103,100,128,25
28,104,80,208,184,104
28,64,128,64,128,0
28,80,112,80,112,0
28,72,136,120,184,48
28,104,111,104,111,0
28,120,48,96,24,-24
28,80,112,80,112,0
28,85,147,85,147,0
28,63,128,78,143,15
28,56,127,57,128,1
28,71,128,71,128,0
28,96,168,96,168,0
28,80,119,81,120,1
28,64,104,64,104,0
28,72,120,40,88,-32
28,96,96,96,96,0
28,64,96,24,56,-40
28,72,104,72,104,0
28,79,112,79,112,0
29,112,160,96,144,-16
29,112,158,112,158,0
29,112,160,112,160,0
29,112,136,112,136,0
29,115,176,99,160,-16
29,112,136,112,136,0
29,120,144,120,144,0
29,112,160,200,248,88
29,110,136,88,114,-22
29,120,144,120,144,0
29,120,112,272,264,152
29,104,151,105,152,1
29,104,249,56,201,-48
29,112,128,240,256,128
29,104,144,168,208,64
29,104,136,168,200,64
29,96,160,96,160,0
29,87,168,159,240,72
29,82,128,136,182,54
30,72,56,136,120,64
30,64,88,168,192,104
30,72,80,224,232,152
30,56,112,1152,1208,1096
30,64,104,128,168,64
30,80,112,144,176,64
30,56,72,56,72,0
30,80,72,136,128,56
1,67,120,128,181,61
1,104,135,193,224,89
1,96,32,128,64,32
1,88,104,88,104,0
1,96,128,136,168,40
1,96,72,128,104,32
1,88,120,120,152,32
1,72,96,144,168,72
1,72,120,160,208,88
1,96,96,96,96,0
1,97,120,127,150,30
1,128,120,128,120,0
1,144,136,104,96,-40
1,96,152,72,128,-24
1,103,190,1,88,-102
1,112,160,72,120,-40
1,113,154,224,265,111
1,111,112,79,80,-32
1,135,144,111,120,-24
1,80,136,128,184,48
1,96,120,96,120,0
1,128,136,112,120,-16
1,105,103,105,103,0
1,96,96,160,160,64
1,88,96,152,160,64
1,112,136,88,112,-24
1,88,145,56,113,-32
1,48,136,24,112,-24
1,88,72,168,152,80
1,120,144,88,112,-32
1,80,32,224,176,144
1,96,80,184,168,88
1,80,88,169,177,89
1,87,105,191,209,104
1,120,103,129,112,9
1,121,127,121,127,0
1,71,63,160,152,89
1,72,104,168,200,96
1,112,128,144,160,32
1,88,96,144,152,56
1,96,128,96,128,0
1,104,128,232,256,128
1,88,88,128,128,40
1,96,168,80,152,-16
2,48,72,136,160,88
2,56,56,176,176,120
2,40,72,144,176,104
2,48,64,144,160,96
2,60,66,142,148,82
2,48,80,128,160,80
2,40,62,130,152,90
2,39,72,127,160,88
2,56,72,160,176,104
2,48,63,160,175,112
2,40,56,144,160,104
2,47,64,159,176,112
2,48,72,144,168,96
2,48,96,120,168,72
2,56,64,160,168,104
2,48,72,144,168,96
2,56,72,192,208,136
2,48,64,144,160,96
2,56,71,153,168,97
2,37,80,117,160,80
2,56,80,136,160,80
2,48,55,137,144,89
2,48,80,120,152,72
2,49,88,152,191,103
2,56,80,152,176,96
2,56,64,152,160,96
2,48,64,136,152,88
3,168,152,72,56,-96
3,72,72,32,32,-40
3,72,40,56,24,-16
3,111,136,55,80,-56
3,64,87,424,447,360
3,104,160,48,104,-56
3,239,200,120,81,-119
3,168,112,112,56,-56
3,128,104,264,240,136
3,136,112,96,72,-40
3,120,104,96,80,-24
3,168,136,120,88,-48
3,136,112,96,72,-40
3,88,120,56,88,-32
3,176,152,112,88,-64
3,120,112,64,56,-56
3,128,168,96,136,-32
3,120,160,88,128,-32
3,184,176,56,48,-128
3,152,140,100,88,-52
3,95,184,39,128,-56
3,128,167,81,120,-47
3,176,192,80,96,-96
3,192,128,64,0,-128
3,144,112,72,40,-72
3,184,151,96,63,-88
3,120,128,64,72,-56
3,88,168,112,192,24
3,129,121,64,56,-65
4,56,80,208,232,152
4,63,64,223,224,160
4,64,64,224,224,160
4,72,64,216,208,144
4,56,72,192,208,136
4,72,72,216,216,144
4,64,65,216,217,152
4,72,72,216,216,144
4,63,64,199,200,136
4,71,72,215,216,144
4,64,71,241,248,177
4,64,64,216,216,152
4,64,64,232,232,168
4,80,64,208,192,128
4,72,72,232,232,160
4,72,64,384,376,312
4,71,113,455,497,384
5,152,80,152,80,0
5,168,144,144,120,-24
5,145,103,145,103,0
5,128,136,144,152,16
5,144,143,144,143,0
5,160,136,144,120,-16
5,136,87,136,87,0
5,121,129,121,129,0
5,104,120,88,104,-16
5,128,112,128,112,0
5,128,112,224,208,96
5,144,104,144,104,0
5,88,120,152,184,64
5,120,96,104,80,-16
5,96,120,120,144,24
5,136,88,112,64,-24
5,152,128,128,104,-24
5,136,112,136,112,0
5,144,119,145,120,1
6,73,80,176,183,103
6,56,72,168,184,112
6,64,64,192,192,128
6,72,64,448,440,376
6,72,64,184,176,112
6,39,80,159,200,120
6,72,48,176,152,104
6,80,80,184,184,104
7,48,88,152,192,104
7,76,64,168,156,92
7,88,96,488,496,400
7,104,64,320,280,216
7,64,88,136,160,72
7,72,80,176,184,104
7,56,103,145,192,89
7,112,96,192,176,80
7,57,80,168,191,111
7,56,152,136,232,80
7,80,112,184,216,104
7,112,96,303,287,191
7,65,88,144,167,79
7,64,88,160,184,96
7,65,72,168,175,103
8,87,88,63,64,-24
8,104,80,88,64,-16
8,128,120,88,80,-40
8,104,88,88,72,-16
7,73,96,152,175,79
7,64,120,136,192,72
8,104,96,72,64,-32
8,136,104,112,80,-24
8,103,96,119,112,16
8,112,104,80,72,-32
8,144,88,104,48,-40
8,144,88,104,48,-40
8,120,136,96,112,-24
8,104,88,280,264,176
8,136,80,104,48,-32
8,152,136,120,104,-32
8,128,112,80,64,-48
8,153,72,136,55,-17
8,120,88,88,56,-32
8,128,80,88,40,-40
8,136,48,136,48,0
8,152,144,104,96,-48
8,128,96,88,56,-40
8,144,88,120,64,-24
8,88,96,72,80,-16
8,128,97,96,65,-32
8,129,88,104,63,-25
8,88,80,72,64,-16
8,112,80,88,56,-24
9,48,71,185,208,137
9,64,88,160,184,96
9,56,64,152,160,96
9,64,80,104,120,40
9,57,64,208,215,151
9,56,88,151,183,95
9,64,80,112,128,48
9,56,80,104,128,48
9,56,72,144,160,88
9,64,88,104,128,40
9,48,88,112,152,64
9,48,80,112,144,64
9,64,80,120,136,56
9,104,88,104,88,0
10,120,112,80,72,-40
10,128,152,96,120,-32
10,112,112,96,96,-16
10,121,128,80,87,-41
10,111,152,55,96,-56
10,144,151,121,128,-23
10,176,177,72,73,-104
10,144,184,64,104,-80
10,191,176,160,145,-31
10,128,112,128,112,0
10,248,128,120,0,-128
10,120,120,40,40,-80
10,120,96,96,72,-24
10,144,160,40,56,-104
10,136,120,56,40,-80
10,144,176,104,136,-40
10,119,128,335,344,216
11,104,80,216,192,112
11,63,97,135,169,72
11,144,55,145,56,1
11,112,104,80,72,-32
11,112,104,168,160,56
11,88,104,112,128,24
11,39,72,143,176,104
11,128,96,112,80,-16
11,152,96,120,64,-32
11,136,136,96,96,-40
11,144,103,121,80,-23
11,128,113,104,89,-24
11,136,144,112,120,-24
11,63,160,111,208,48
11,64,80,160,176,96
12,64,88,64,88,0
12,112,120,80,88,-32
12,63,104,63,104,0
12,93,96,93,96,0
12,88,104,72,88,-16
12,102,136,62,96,-40
12,128,112,104,88,-24
12,71,64,103,96,32
12,96,104,80,88,-16
12,112,112,80,80,-32
12,71,96,55,80,-16
12,96,128,72,104,-24
12,96,120,64,88,-32
12,95,113,55,73,-40
12,96,88,72,64,-24
12,104,96,80,72,-24
12,112,120,72,80,-40
12,96,113,72,89,-24
12,104,96,104,96,0
12,120,88,120,88,0
12,72,88,72,88,0
12,72,80,72,80,0
12,80,88,64,72,-16
12,120,97,80,57,-40
12,103,112,71,80,-32
12,128,112,104,88,-24
12,112,96,80,64,-32
12,72,88,49,65,-23
12,112,112,64,64,-48
12,128,120,104,96,-24
12,88,104,56,72,-32
12,80,88,56,64,-24
12,88,88,56,56,-32
13,104,128,32,56,-72
13,128,112,72,56,-56
13,88,136,208,256,120
13,136,80,72,16,-64
13,104,80,56,32,-48
13,120,80,64,24,-56
13,96,88,64,56,-32
13,120,104,80,64,-40
13,48,160,184,296,136
13,128,72,88,32,-40
13,120,112,56,48,-64
13,88,96,32,40,-56
13,97,97,32,32,-65
13,80,96,48,64,-32
13,104,80,56,32,-48
13,128,80,80,32,-48
13,152,128,80,56,-72
13,168,112,88,32,-80
13,152,104,88,40,-64
13,126,112,38,24,-88
13,120,72,80,32,-40
13,128,112,80,64,-48
13,112,104,56,48,-56
13,72,72,144,144,72
14,64,64,64,64,0
14,112,56,96,40,-16
14,64,80,40,56,-24
14,128,88,88,48,-40
14,103,128,55,80,-48
14,96,104,136,144,40
14,24,118,2,96,-22
14,72,104,96,128,24
14,88,120,65,97,-23
14,103,112,71,80,-32
14,55,128,79,152,24
14,96,104,56,64,-40
14,88,120,112,144,24
14,112,97,79,64,-33
14,88,79,112,103,24
14,103,89,79,65,-24
14,72,104,72,104,0
14,120,104,96,80,-24
14,119,89,87,57,-32
14,128,112,80,64,-48
14,96,104,56,64,-40
14,104,112,72,80,-32
14,80,48,56,24,-24
14,88,104,64,80,-24
14,103,80,71,48,-32
14,105,104,72,71,-33
14,80,104,128,152,48
14,65,88,40,63,-25
14,88,88,56,56,-32
14,64,88,48,72,-16
14,96,80,56,40,-40
14,79,88,63,72,-16
14,96,96,72,72,-24
15,144,89,56,1,-88
15,160,104,72,16,-88
15,136,88,96,48,-40
15,112,80,80,48,-32
15,159,72,127,40,-32
15,128,88,88,48,-40
15,136,72,96,32,-40
15,128,80,88,40,-40
15,96,33,64,1,-32
15,96,80,56,40,-40
15,95,72,71,48,-24
15,113,63,89,39,-24
15,104,88,56,40,-48
15,96,72,72,48,-24
15,120,128,72,80,-48
15,111,72,71,32,-40
15,200,96,520,416,320
15,128,88,72,32,-56
15,128,88,64,24,-64
15,104,120,56,72,-48
15,80,72,48,40,-32
15,96,80,224,208,128
15,112,88,80,56,-32
15,96,96,48,48,-48
15,128,80,80,32,-48
15,119,95,80,56,-39
15,112,72,72,32,-40
16,160,128,120,88,-40
16,128,120,80,72,-48
16,136,120,80,64,-56
16,96,80,192,176,96
16,200,129,112,41,-88
16,192,24,192,24,0
16,192,128,96,32,-96
16,192,168,96,72,-96
16,96,64,193,161,97
16,104,72,168,136,64
16,176,103,89,16,-87
16,136,121,104,89,-32
16,167,120,111,64,-56
16,248,136,112,0,-136
16,177,112,88,23,-89
16,160,128,88,56,-72
16,128,152,112,136,-16
16,152,120,96,64,-56
16,168,120,80,32,-88
17,223,158,127,62,-96
17,200,144,144,88,-56
17,240,144,144,48,-96
17,192,160,128,96,-64
17,183,192,119,128,-64
17,200,176,136,112,-64
17,176,128,104,56,-72
17,167,129,143,105,-24
17,232,200,104,72,-128
17,240,224,216,200,-24
17,216,128,192,104,-24
17,224,152,184,112,-40
17,216,130,152,66,-64
17,168,112,120,64,-48
17,224,184,136,96,-88
17,184,112,120,48,-64
17,216,144,152,80,-64
17,192,135,129,72,-63
17,152,136,112,96,-40
17,184,136,120,72,-64
17,224,136,152,64,-72
18,65,80,233,248,168
18,97,80,48,31,-49
18,104,136,56,88,-48
18,96,88,160,152,64
18,104,91,57,44,-47
18,80,87,177,184,97
18,104,64,72,32,-32
18,88,72,40,24,-48
18,87,72,39,24,-48
18,96,144,73,121,-23
18,88,72,40,24,-48
18,96,80,64,48,-32
18,104,64,64,24,-40
18,104,96,48,40,-56
18,104,104,56,56,-48
18,80,72,40,32,-40
18,72,96,168,192,96
18,152,120,88,56,-64
18,80,64,48,32,-32
18,96,112,40,56,-56
18,88,80,48,40,-40
18,88,128,56,96,-32
18,104,80,56,32,-48
18,88,112,48,72,-40
18,120,112,192,184,72
18,80,104,32,56,-48
18,104,64,56,16,-48
18,160,120,119,79,-41
18,96,64,56,24,-40
18,152,160,104,112,-48
19,168,88,96,16,-72
19,144,96,72,24,-72
19,131,104,104,77,-27
19,72,88,48,64,-24
19,104,88,64,48,-40
19,104,112,72,80,-32
19,111,80,71,40,-40
19,96,88,48,40,-48
19,104,80,64,40,-40
19,160,104,72,16,-88
19,168,128,40,0,-128
19,112,96,72,56,-40
19,128,88,64,24,-64
19,104,80,72,48,-32
19,87,88,119,120,32
19,128,72,104,48,-24
19,112,112,88,88,-24
19,128,112,104,88,-24
19,64,96,48,80,-16
19,135,56,95,16,-40
19,96,71,81,56,-15
19,96,88,72,64,-24
19,104,128,64,88,-40
19,88,96,48,56,-40
19,88,120,48,80,-40
19,96,88,96,88,0
19,136,128,64,56,-72
20,96,104,208,216,112
20,88,96,192,200,104
20,128,99,88,59,-40
20,168,120,144,96,-24
20,136,77,168,109,32
20,136,120,72,56,-64
20,77,136,36,95,-41
20,128,120,64,56,-64
20,128,112,152,136,24
20,128,112,192,176,64
20,104,112,184,192,80
20,152,143,97,88,-55
20,136,136,80,80,-56
20,144,112,128,96,-16
20,104,136,160,192,56
20,159,113,119,73,-40
20,152,144,88,80,-64
20,104,111,760,767,656
20,120,25,208,113,88
21,163,135,139,111,-24
21,120,112,104,96,-16
21,178,121,136,79,-42
21,129,104,96,71,-33
21,183,96,88,1,-95
21,168,140,112,84,-56
21,112,144,184,216,72
21,112,96,192,176,80
21,137,142,98,103,-39
21,112,87,209,184,97
21,88,152,40,104,-48
21,104,81,72,49,-32
21,160,112,136,88,-24
21,143,120,79,56,-64
21,128,88,88,48,-40
21,121,135,89,103,-32
21,111,80,71,40,-40
21,169,160,80,71,-89
21,104,136,64,96,-40
21,120,120,80,80,-40
21,120,152,72,104,-48
21,112,96,80,64,-32
21,128,80,80,32,-48
21,168,144,112,88,-56
21,145,104,120,79,-25
21,120,152,56,88,-64
22,112,96,72,56,-40
22,97,80,97,80,0
22,112,56,112,56,0
22,112,104,56,48,-56
22,96,120,72,96,-24
22,64,104,40,80,-24
22,128,104,96,72,-32
22,104,71,57,24,-47
22,88,104,48,64,-40
22,88,120,24,56,-64
22,151,96,87,32,-64
22,136,95,88,47,-48
22,96,128,24,56,-72
22,104,88,64,48,-40
22,96,96,64,64,-32
22,104,96,80,72,-24
22,80,128,56,104,-24
22,120,104,56,40,-64
22,137,104,64,31,-73
22,112,56,112,56,0
22,112,72,72,32,-40
22,96,104,64,72,-32
22,80,95,33,48,-47
22,119,96,71,48,-48
22,88,88,48,48,-40
22,128,104,80,56,-48
22,104,144,64,104,-40
22,128,144,40,56,-88
22,121,129,88,96,-33
22,104,112,48,56,-56
22,128,112,88,72,-40
23,183,112,119,48,-64
23,192,120,104,32,-88
23,168,88,80,0,-88
23,152,152,120,120,-32
23,240,120,120,0,-120
23,216,152,120,56,-96
23,216,160,87,31,-129
23,136,104,56,24,-80
23,184,128,96,40,-88
23,128,128,841,841,713
23,104,104,64,64,-40
23,176,96,152,72,-24
23,168,96,120,48,-48
23,208,112,120,24,-88
23,184,136,80,32,-104
23,184,136,64,16,-120
23,111,120,135,144,24
23,152,112,104,64,-48
24,72,88,120,136,48
24,72,72,136,136,64
24,64,97,144,177,80
24,56,70,122,136,66
24,64,56,128,120,64
24,72,64,144,136,72
24,64,79,137,152,73
24,80,88,128,136,48
24,88,80,176,168,88
24,64,72,136,144,72
24,72,72,104,104,32
24,71,64,183,176,112
24,72,72,144,144,72
24,72,56,160,144,88
25,104,88,88,72,-16
25,111,96,80,65,-31
25,136,104,104,72,-32
25,104,144,88,128,-16
25,136,112,96,72,-40
26,119,88,143,112,24
26,80,96,144,160,64
26,72,80,72,80,0
26,104,96,80,72,-24
26,94,112,54,72,-40
26,72,64,648,640,576
26,112,88,88,64,-24
26,88,112,176,200,88
26,96,88,72,64,-24
26,80,96,80,96,0
26,120,88,96,64,-24
26,136,88,136,88,0
26,104,112,64,72,-40
26,111,63,112,64,1
26,112,112,112,112,0
26,112,88,80,56,-32
26,128,128,64,64,-64
26,136,96,120,80,-16
26,128,80,104,56,-24
26,47,80,143,176,96
26,128,112,80,64,-48
26,136,128,121,113,-15
26,120,136,96,112,-24
26,136,112,112,88,-24
26,144,128,120,104,-24
26,136,104,144,112,8
26,136,96,80,40,-56
27,120,104,264,248,144
27,160,127,208,175,48
27,88,112,160,184,72
27,128,96,128,96,0
27,161,112,145,96,-16
27,120,80,168,128,48
27,152,96,216,160,64
27,168,232,336,400,168
27,134,96,222,184,88
27,136,96,168,128,32
27,127,112,151,136,24
27,152,112,152,112,0
27,81,112,808,839,727
27,152,120,152,120,0
27,168,136,168,136,0
27,152,104,200,152,48
27,97,103,225,231,128
27,144,96,144,96,0
27,104,104,200,200,96
27,144,103,145,104,1
27,136,120,160,144,24
27,112,104,160,152,48
27,80,112,176,208,96
27,192,112,304,224,112
27,145,112,208,175,63
27,112,96,976,960,864
27,80,79,184,183,104
27,87,104,127,144,40
28,80,71,617,608,537
28,80,79,169,168,89
28,55,89,135,169,80
28,88,144,136,192,48
28,88,139,112,163,24
28,103,130,159,186,56
28,55,96,135,176,80
28,64,64,160,160,96
28,80,64,760,744,680
28,64,71,161,168,97
28,88,80,184,176,96
28,72,112,136,176,64
28,64,88,240,264,176
28,72,128,128,184,56
28,64,104,152,192,88
28,48,72,168,192,120
28,48,120,120,192,72
28,64,88,128,152,64
28,64,80,128,144,64
29,78,65,197,184,119
29,88,121,184,217,96
29,112,121,216,225,104
29,122,120,208,206,86
29,96,111,169,184,73
29,93,129,157,193,64
29,94,100,178,184,84
29,96,107,184,195,88
29,104,128,216,240,112
29,87,120,208,241,121
29,96,120,208,232,112
29,96,144,184,232,88
29,88,129,191,232,103
29,80,80,208,208,128
29,119,72,287,240,168
29,88,128,136,176,48
29,64,96,208,240,144
29,80,80,168,168,88
29,96,96,176,176,80
29,88,96,184,192,96
30,72,81,231,240,159
30,72,73,223,224,151
30,64,80,208,224,144
30,71,80,199,208,128
30,80,80,200,200,120
30,55,64,215,224,160
30,72,72,208,208,136
30,72,95,233,256,161
30,72,40,208,176,136
30,56,64,216,224,160
30,60,88,204,232,144
30,56,63,185,192,129
30,71,64,192,185,121
30,64,79,225,240,161
30,56,87,217,248,161
30,64,64,176,176,112
30,56,88,192,224,136
30,72,80,216,224,144
30,55,81,231,257,176
1,112,154,86,128,-26
1,144,136,104,96,-40
1,128,120,128,120,0
1,176,114,192,130,16
1,97,96,41,40,-56
1,129,104,80,55,-49
1,88,136,88,136,0
1,95,113,63,81,-32
1,104,120,64,80,-40
1,96,96,56,56,-40
1,104,96,64,56,-40
1,112,88,64,40,-48
1,127,120,103,96,-24
1,144,120,72,48,-72
1,72,136,80,144,8
1,104,116,72,84,-32
1,96,112,56,72,-40
1,120,120,72,72,-48
1,168,136,200,168,32
1,96,96,56,56,-40
2,64,88,144,168,80
2,64,104,120,160,56
2,65,79,369,383,304
2,88,88,416,416,328
2,80,96,160,176,80
2,97,57,97,57,0
2,120,80,200,160,80
2,104,112,144,152,40
2,120,152,216,248,96
2,64,120,144,200,80
2,128,111,296,279,168
2,120,88,344,312,224
2,103,105,191,193,88
2,104,88,120,104,16
2,64,112,144,192,80
2,64,120,120,176,56
2,120,96,296,272,176
2,72,88,264,280,192
2,120,144,184,208,64
2,80,104,168,192,88
2,72,136,152,216,80
2,137,96,224,183,87
2,112,88,328,304,216
2,80,88,152,160,72
2,88,120,168,200,80
2,129,89,232,192,103
2,80,64,120,104,40
3,112,97,64,49,-48
3,112,96,72,56,-40
3,112,88,88,64,-24
3,152,88,96,32,-56
3,152,144,80,72,-72
3,127,96,79,48,-48
3,144,95,145,96,1
3,96,72,64,40,-32
3,104,130,88,114,-16
3,144,104,88,48,-56
3,144,104,88,48,-56
3,104,160,80,136,-24
3,96,88,48,40,-48
3,136,96,96,56,-40
3,136,64,96,24,-40
3,120,56,80,16,-40
3,112,104,80,72,-32
3,168,112,120,64,-48
3,120,104,80,64,-40
3,121,128,72,79,-49
3,112,104,64,56,-48
4,80,72,192,184,112
4,71,71,192,192,121
4,56,64,104,112,48
4,72,64,120,112,48
4,88,80,192,184,104
4,72,80,192,200,120
4,80,79,185,184,105
4,64,72,168,176,104
4,79,74,199,194,120
4,80,80,208,208,128
4,55,56,167,168,112
4,80,80,184,184,104
5,168,160,120,112,-48
5,144,192,104,152,-40
5,136,152,96,112,-40
5,144,144,296,296,152
5,232,136,168,72,-64
5,168,168,256,256,88
5,136,144,96,104,-40
5,143,144,143,144,0
5,136,104,200,168,64
5,128,152,104,128,-24
5,128,152,72,96,-56
5,136,119,137,120,1
5,136,136,192,192,56
5,112,144,184,216,72
6,152,104,96,48,-56
6,120,104,120,104,0
6,152,136,88,72,-64
6,104,176,72,144,-32
6,166,136,96,66,-70
6,144,120,112,88,-32
6,96,104,375,383,279
6,168,127,169,128,1
6,136,136,88,88,-48
6,144,120,96,72,-48
6,136,95,137,96,1
6,168,120,168,120,0
6,160,136,112,88,-48
6,128,120,96,88,-32
7,200,112,136,48,-64
7,160,104,56,0,-104
7,200,121,80,1,-120
7,184,129,56,1,-128
7,208,144,64,0,-144
7,176,96,104,24,-72
7,160,80,96,16,-64
7,208,128,80,0,-128
7,216,169,48,1,-168
7,192,152,80,40,-112
7,144,104,72,32,-72
8,168,88,144,64,-24
8,106,134,106,134,0
8,144,88,120,64,-24
7,208,136,72,0,-136
8,120,80,80,40,-40
8,128,96,104,72,-24
8,112,120,56,64,-56
8,168,128,128,88,-40
8,120,144,96,120,-24
8,128,96,96,64,-32
8,112,159,113,160,1
8,144,88,112,56,-32
8,128,96,392,360,264
8,128,72,112,56,-16
8,104,48,104,48,0
9,88,112,56,80,-32
9,88,95,89,96,1
9,96,96,96,96,0
9,120,112,104,96,-16
9,72,136,72,136,0
10,95,167,96,168,1
10,128,128,80,80,-48
10,152,145,80,73,-72
10,105,152,144,191,39
10,128,112,88,72,-40
10,208,152,168,112,-40
10,144,112,103,71,-41
10,136,192,768,824,632
10,201,119,153,71,-48
10,136,87,73,24,-63
10,160,104,96,40,-64
11,80,96,120,136,40
11,77,56,104,83,27
11,96,95,201,200,105
11,104,73,248,217,144
11,72,72,120,120,48
11,104,96,224,216,120
11,88,64,144,120,56
11,104,64,120,80,16
11,81,56,144,119,63
11,72,56,104,88,32
11,96,88,192,184,96
12,64,80,112,128,48
12,88,80,136,128,48
12,88,96,648,656,560
12,87,111,184,208,97
12,88,88,136,136,48
12,39,71,104,136,65
12,80,80,144,144,64
12,80,72,152,144,72
12,88,71,209,192,121
12,80,72,136,128,56
12,80,104,112,136,32
12,72,96,152,176,80
12,72,64,120,112,48
12,64,128,128,192,64
12,80,112,104,136,24
12,89,96,137,144,48
12,96,56,256,216,160
12,72,72,120,120,48
12,96,112,144,160,48
12,112,48,160,96,48
12,64,80,128,144,64
12,72,64,120,112,48
12,96,72,152,128,56
12,72,63,137,128,65
12,88,72,144,128,56
12,80,64,152,136,72
12,96,72,128,104,32
13,175,65,111,1,-64
13,88,128,200,240,112
13,120,120,72,72,-48
13,176,80,128,32,-48
13,88,88,168,168,80
13,176,112,96,32,-80
13,152,32,120,0,-32
13,144,112,120,88,-24
13,200,120,112,32,-88
13,152,120,80,48,-72
13,128,119,64,55,-64
14,119,96,47,24,-72
14,128,120,72,64,-56
14,151,96,103,48,-48
14,120,152,80,112,-40
14,112,88,72,48,-40
14,127,103,64,40,-63
14,168,64,104,0,-64
14,128,113,88,73,-40
14,152,120,96,64,-56
14,80,136,56,112,-24
14,88,136,88,136,0
14,121,113,56,48,-65
14,128,64,88,24,-40
14,88,129,88,129,0
14,136,120,152,136,16
15,112,128,176,192,64
15,80,96,144,160,64
15,96,80,176,160,80
15,80,80,168,168,88
15,72,112,136,176,64
15,72,89,144,161,72
15,80,64,144,128,64
15,80,104,144,168,64
15,48,90,136,178,88
15,24,64,120,160,96
15,72,72,184,184,112
16,48,112,88,152,40
16,136,64,105,33,-31
16,104,104,776,776,672
16,72,104,200,232,128
16,152,120,104,72,-48
16,144,112,96,64,-48
16,144,184,144,184,0
16,120,120,136,136,16
16,120,72,88,40,-32
16,104,152,104,152,0
16,120,136,120,136,0
16,120,184,80,144,-40
16,136,112,56,32,-80
16,128,112,88,72,-40
16,87,55,408,376,321
16,144,103,89,48,-55
16,160,104,120,64,-40
16,168,112,112,56,-56
17,208,119,137,48,-71
17,200,88,144,32,-56
17,96,168,448,520,352
17,176,109,331,264,155
17,136,144,232,240,96
17,200,137,144,81,-56
17,200,176,104,80,-96
17,207,160,135,88,-72
17,232,152,152,72,-80
17,207,152,128,73,-79
17,196,136,100,40,-96
17,200,160,120,80,-80
17,136,135,280,279,144
17,200,96,160,56,-40
18,48,72,88,112,40
18,61,88,88,115,27
18,56,66,144,154,88
18,96,80,168,152,72
18,56,88,144,176,88
18,64,64,160,160,96
18,64,80,88,104,24
18,72,96,112,136,40
18,72,80,168,176,96
18,72,48,176,152,104
18,72,80,168,176,96
18,64,56,168,160,104
18,72,65,175,168,103
18,80,80,168,168,88
18,56,48,160,152,104
18,80,72,184,176,104
18,112,80,208,176,96
18,48,63,136,151,88
18,56,63,168,175,112
18,64,58,158,152,94
18,88,80,88,80,0
19,96,80,48,32,-48
19,104,95,81,72,-23
19,72,120,112,160,40
19,96,47,176,127,80
19,88,112,168,192,80
19,112,96,80,64,-32
19,112,96,48,32,-64
19,97,88,73,64,-24
19,72,144,56,128,-16
19,104,96,56,48,-48
19,136,80,56,0,-80
19,120,80,72,32,-48
19,112,95,48,31,-64
19,104,48,104,48,0
20,120,135,120,135,0
20,121,96,81,56,-40
20,136,72,96,32,-40
20,144,99,88,43,-56
20,97,119,241,263,144
20,72,143,73,144,1
20,136,112,72,48,-64
20,96,153,96,153,0
20,120,121,64,65,-56
20,152,120,88,56,-64
20,112,144,144,176,32
20,32,143,1,112,-31
20,112,120,232,240,120
20,128,104,80,56,-48
21,104,112,104,112,0
21,136,80,112,56,-24
21,120,80,88,48,-32
21,136,88,112,64,-24
21,168,88,184,104,16
21,95,104,63,72,-32
21,136,160,88,112,-48
21,120,112,72,64,-48
21,127,96,96,65,-31
21,135,103,80,48,-55
21,145,63,145,63,0
21,144,128,120,104,-24
21,128,88,104,64,-24
21,95,97,95,97,0
21,136,128,104,96,-32
21,120,120,96,96,-24
21,128,160,48,80,-80
21,119,152,71,104,-48
21,120,128,80,88,-40
21,120,128,88,96,-32
21,80,152,96,168,16
21,168,96,120,48,-48
22,64,80,40,56,-24
22,64,104,64,104,0
22,64,104,40,80,-24
22,103,87,80,64,-23
22,87,72,55,40,-32
22,88,63,88,63,0
22,96,80,72,56,-24
22,72,96,32,56,-40
22,88,79,89,80,1
22,80,80,40,40,-40
22,48,47,1,0,-47
22,88,88,176,176,88
22,87,127,64,104,-23
22,96,138,72,114,-24
22,112,88,64,40,-48
22,64,31,65,32,1
22,88,88,56,56,-32
22,71,120,47,96,-24
22,80,120,56,96,-24
22,72,112,160,200,88
22,86,112,54,80,-32
22,88,136,48,96,-40
22,87,136,47,96,-40
22,87,88,55,56,-32
22,72,96,49,73,-23
23,264,168,96,0,-168
23,120,80,88,48,-32
23,64,128,160,224,96
23,88,120,168,200,80
23,120,120,56,56,-64
23,136,120,88,72,-48
23,96,72,192,168,96
23,80,71,81,72,1
24,128,128,96,96,-32
24,168,88,104,24,-64
24,184,160,112,88,-72
24,184,128,104,48,-80
24,136,144,168,176,32
24,184,144,72,32,-112
24,135,97,119,81,-16
24,144,105,96,57,-48
24,168,112,80,24,-88
24,192,128,136,72,-56
24,160,136,96,72,-64
24,176,128,72,24,-104
24,144,112,104,72,-40
24,152,104,80,32,-72
25,135,144,87,96,-48
25,96,90,240,234,144
25,128,80,104,56,-24
25,120,120,72,72,-48
26,104,200,80,176,-24
26,96,169,120,193,24
26,96,168,72,144,-24
26,136,120,104,88,-32
26,136,136,72,72,-64
26,120,192,104,176,-16
26,128,144,80,96,-48
26,88,159,89,160,1
26,136,184,104,152,-32
26,136,152,88,104,-48
26,104,96,184,176,80
26,168,169,72,73,-96
26,160,136,72,48,-88
26,128,128,256,256,128
26,96,160,120,184,24
26,120,160,72,112,-48
26,136,176,48,88,-88
26,96,88,200,192,104
26,152,136,96,80,-56
26,112,184,88,160,-24
27,120,96,120,96,0
27,120,80,232,192,112
27,96,88,200,192,104
27,97,176,248,327,151
27,120,144,312,336,192
27,136,127,105,96,-31
27,104,120,72,88,-32
27,88,120,224,256,136
27,112,120,264,272,152
27,88,128,224,264,136
27,160,136,104,80,-56
27,80,88,56,64,-24
27,104,112,224,232,120
27,96,96,224,224,128
27,120,96,264,240,144
27,168,136,104,72,-64
27,80,136,80,136,0
27,128,152,592,616,464
27,136,160,136,160,0
27,152,161,96,105,-56
27,88,104,208,224,120
27,160,136,976,952,816
27,128,152,168,192,40
28,100,112,59,71,-41
28,72,88,176,192,104
28,64,128,128,192,64
28,80,168,112,200,32
28,112,136,72,96,-40
28,112,136,80,104,-32
28,112,120,72,80,-40
28,112,136,72,96,-40
28,144,104,80,40,-64
28,80,128,360,408,280
28,128,184,64,120,-64
28,96,120,48,72,-48
28,104,208,80,184,-24
28,96,207,97,208,1
29,192,144,144,96,-48
29,146,136,112,102,-34
29,149,208,125,184,-24
29,136,245,104,213,-32
29,249,143,161,55,-88
29,192,136,144,88,-48
29,200,144,144,88,-56
29,191,177,150,136,-41
29,231,160,167,96,-64
29,240,152,144,56,-96
29,208,160,136,88,-72
29,144,152,120,128,-24
29,224,152,144,72,-80
29,223,168,159,104,-64
29,176,128,152,104,-24
29,192,144,128,80,-64
29,168,152,112,96,-56
30,16,45,2,31,-14
30,56,64,240,248,184
30,88,56,200,168,112
30,56,64,104,112,48
30,112,72,144,104,32
30,64,56,88,80,24
30,72,48,152,128,80
1,129,87,73,31,-56
1,128,61,131,64,3
1,200,128,72,0,-128
1,151,120,119,88,-32
1,135,88,127,80,-8
1,168,96,72,0,-96
1,184,120,80,16,-104
1,159,96,63,0,-96
1,136,71,81,16,-55
1,160,112,96,48,-64
1,112,111,169,168,57
1,136,136,40,40,-96
1,151,80,95,24,-56
1,128,112,200,184,72
1,176,72,104,0,-72
1,144,120,56,32,-88
1,120,71,120,71,0
1,152,120,80,48,-72
1,152,96,112,56,-40
1,135,79,136,80,1
1,128,112,88,72,-40
2,96,64,120,88,24
2,112,64,128,80,16
2,96,63,97,64,1
2,128,56,168,96,40
2,96,72,120,96,24
2,80,63,81,64,1
2,96,72,136,112,40
2,96,64,136,104,40
2,104,56,232,184,128
2,104,80,104,80,0
2,96,56,96,56,0
2,80,56,160,136,80
2,88,49,112,73,24
2,96,56,112,72,16
2,96,56,96,56,0
2,96,64,112,80,16
3,95,104,87,96,-8
3,120,120,80,80,-40
3,104,128,80,104,-24
3,136,88,120,72,-16
3,120,118,74,72,-46
3,64,104,144,184,80
3,136,112,64,40,-72
3,127,79,128,80,1
3,87,63,120,96,33
3,72,136,88,152,16
3,48,120,88,160,40
3,136,136,120,120,-16
3,96,128,96,128,0
3,96,111,97,112,1
3,120,80,120,80,0
3,104,80,104,80,0
3,96,127,97,128,1
3,112,120,112,120,0
3,119,128,191,200,72
4,64,64,160,160,96
4,80,80,120,120,40
4,64,56,112,104,48
5,136,128,136,128,0
5,160,88,208,136,48
5,120,112,112,104,-8
5,144,121,208,185,64
5,136,128,80,72,-56
5,112,104,176,168,64
5,111,128,143,160,32
5,128,120,128,120,0
5,136,128,104,96,-32
5,128,128,112,112,-16
5,144,120,888,864,744
6,64,88,88,112,24
6,88,72,128,112,40
6,104,101,161,158,57
6,104,64,136,96,32
6,128,55,129,56,1
6,126,72,126,72,0
6,88,64,88,64,0
6,96,80,88,72,-8
6,144,63,145,64,1
6,104,72,127,95,23
6,80,72,160,152,80
6,72,64,112,104,40
6,152,64,88,0,-64
7,116,88,88,60,-28
7,200,160,488,448,288
7,136,136,208,208,72
7,120,88,120,88,0
7,176,111,177,112,1
7,136,88,160,112,24
8,128,144,256,272,128
8,144,112,136,104,-8
7,200,128,88,16,-112
7,112,91,112,91,0
8,144,104,192,152,48
8,104,72,264,232,160
8,120,104,192,176,72
9,112,64,112,64,0
9,63,71,104,112,41
9,96,72,72,48,-24
10,96,136,272,312,176
10,128,72,168,112,40
10,136,152,136,152,0
10,151,128,207,184,56
10,113,128,96,111,-17
10,144,168,176,200,32
10,97,151,97,151,0
10,88,56,120,88,32
10,128,104,176,152,48
10,80,137,80,137,0
10,184,96,120,32,-64
10,112,127,113,128,1
11,80,72,160,152,80
11,56,56,136,136,80
11,72,56,72,56,0
12,88,48,88,48,0
12,72,88,96,112,24
12,79,80,111,112,32
12,88,112,184,208,96
12,80,79,80,79,0
12,88,56,120,88,32
12,73,63,129,119,56
12,112,120,184,192,72
12,80,80,80,80,0
12,80,88,136,144,56
12,79,80,95,96,16
12,96,95,96,95,0
13,103,72,671,640,568
13,24,80,776,832,752
13,152,96,80,24,-72
13,80,128,80,128,0
13,24,119,936,1031,912
13,112,88,96,72,-16
13,103,95,104,96,1
13,48,64,688,704,640
13,88,112,248,272,160
13,96,136,136,176,40
13,72,112,88,128,16
14,80,80,32,32,-48
14,96,64,96,64,0
14,104,72,104,72,0
14,96,80,96,80,0
14,72,80,72,80,0
14,81,72,56,47,-25
14,120,56,80,16,-40
14,96,24,112,40,16
14,96,104,72,80,-24
14,81,87,81,87,0
14,80,88,96,104,16
14,64,64,64,64,0
14,112,72,176,136,64
15,96,80,136,120,40
15,136,103,153,120,17
15,128,87,233,192,105
15,112,72,160,120,48
15,88,128,88,128,0
15,72,72,431,431,359
15,112,80,160,128,48
15,73,56,144,127,71
15,88,80,88,80,0
15,96,96,448,448,352
15,63,56,136,129,73
15,80,72,80,72,0
15,88,104,128,144,40
15,80,72,80,72,0
15,80,72,104,96,24
15,96,80,96,80,0
16,80,104,232,256,152
16,128,136,88,96,-40
16,104,111,105,112,1
16,88,104,112,128,24
16,87,96,127,136,40
16,95,103,96,104,1
16,96,64,120,88,24
16,104,80,72,48,-32
16,80,71,128,119,48
17,128,72,128,72,0
17,160,224,136,200,-24
17,128,80,288,240,160
17,80,80,112,112,32
17,168,152,144,128,-24
17,120,96,152,128,32
17,103,72,311,280,208
17,127,112,480,465,353
17,104,88,97,81,-7
17,136,80,776,720,640
17,80,88,120,128,40
17,176,176,160,160,-16
17,160,168,456,464,296
17,136,168,200,232,64
18,96,72,72,48,-24
18,80,88,280,288,200
18,56,72,80,96,24
18,72,80,72,80,0
18,80,80,72,72,-8
18,128,80,64,16,-64
18,88,80,88,80,0
18,80,72,96,88,16
18,80,80,112,112,32
18,104,96,40,32,-64
18,88,72,136,120,48
18,64,72,96,104,32
18,88,104,80,96,-8
18,80,64,136,120,56
19,104,88,144,128,40
19,104,96,104,96,0
19,72,72,104,104,32
19,96,104,96,104,0
19,88,97,128,137,40
19,96,96,80,80,-16
19,88,80,176,168,88
19,64,48,136,120,72
19,88,88,88,88,0
19,81,88,96,103,15
19,49,72,184,207,135
19,104,88,104,88,0
19,96,88,112,104,16
20,168,56,144,32,-24
20,123,75,124,76,1
20,138,96,114,72,-24
20,121,80,104,63,-17
20,152,72,112,32,-40
20,144,112,200,168,56
20,136,88,136,88,0
20,128,128,128,128,0
20,87,88,103,104,16
20,136,120,296,280,160
20,168,96,128,56,-40
20,136,120,136,120,0
20,160,72,128,40,-32
20,121,143,97,119,-24
20,112,80,104,72,-8
20,136,88,96,48,-40
20,144,88,104,48,-40
20,113,87,113,87,0
20,128,104,96,72,-32
20,104,88,104,88,0
20,144,88,144,88,0
20,96,80,96,80,0
20,145,136,64,55,-81
20,129,88,129,88,0
21,133,120,69,56,-64
21,137,88,201,152,64
21,136,80,216,160,80
21,112,79,113,80,1
21,176,128,80,32,-96
21,161,88,73,0,-88
21,168,95,145,72,-23
21,136,73,159,96,23
21,120,24,144,48,24
21,129,120,248,239,119
21,112,80,128,96,16
21,112,63,112,63,0
21,152,56,128,32,-24
21,128,80,176,128,48
21,96,88,120,112,24
21,112,72,136,96,24
21,88,72,112,96,24
21,128,112,80,64,-48
22,72,72,104,104,32
22,80,79,81,80,1
22,87,87,80,80,-7
22,120,96,120,96,0
22,96,96,64,64,-32
22,88,96,104,112,16
22,96,79,97,80,1
22,80,64,80,64,0
22,80,72,80,72,0
22,96,72,96,72,0
22,56,80,40,64,-16
22,80,64,104,88,24
22,72,88,64,80,-8
22,64,88,88,112,24
22,72,48,104,80,32
23,112,104,112,104,0
23,135,96,104,65,-31
23,112,64,112,64,0
23,161,96,240,175,79
23,167,47,168,48,1
23,80,80,128,128,48
23,128,112,216,200,88
23,160,104,288,232,128
23,96,80,752,736,656
24,144,72,128,56,-16
24,136,64,136,64,0
24,160,40,224,104,64
24,169,88,81,0,-88
24,160,94,234,168,74
24,152,64,152,64,0
25,72,88,104,120,32
25,64,80,112,128,48
25,112,64,168,120,56
25,96,104,88,96,-8
26,96,81,88,73,-8
26,80,89,96,105,16
26,105,95,65,55,-40
26,152,72,96,16,-56
26,136,104,136,104,0
26,136,72,592,528,456
26,112,72,112,72,0
26,88,96,88,96,0
26,88,72,88,72,0
26,143,119,88,64,-55
26,95,96,151,152,56
27,160,72,256,168,96
28,56,88,231,263,175
28,63,71,128,136,65
28,72,64,112,104,40
28,112,72,144,104,32
28,56,80,136,160,80
28,56,80,128,152,72
28,136,112,496,472,360
28,56,72,120,136,64
28,79,72,183,176,104
28,80,80,152,152,72
28,88,56,400,368,312
28,72,72,120,120,48
28,80,88,184,192,104
28,80,72,128,120,48
29,152,88,440,376,288
29,208,128,120,40,-88
29,208,120,104,16,-104
29,208,111,129,32,-79
29,176,96,128,48,-48
29,208,88,168,48,-40
29,232,89,144,1,-88
29,240,121,120,1,-120
30,88,80,584,576,496
30,80,72,152,144,72
30,120,80,112,72,-8
30,95,64,151,120,56
30,103,64,127,88,24
30,96,56,144,104,48
30,56,56,152,152,96
30,72,72,168,168,96
1,154,96,114,56,-40
1,136,88,96,48,-40
1,103,111,56,64,-47
1,128,112,104,88,-24
1,136,88,104,56,-32
1,139,61,140,62,1
1,128,104,64,40,-64
1,104,87,73,56,-31
1,120,88,80,48,-40
1,104,80,64,40,-40
1,112,88,88,64,-24
1,112,72,72,32,-40
1,96,40,184,128,88
1,112,120,72,80,-40
1,136,104,136,104,0
1,168,112,96,40,-72
1,112,96,80,64,-32
2,80,84,162,166,82
2,56,96,128,168,72
2,56,88,128,160,72
2,79,89,151,161,72
2,80,81,136,137,56
2,88,80,160,152,72
2,78,80,158,160,80
2,63,105,135,177,72
2,57,120,144,207,87
2,96,96,232,232,136
2,135,105,519,489,384
2,152,88,256,192,104
2,88,104,176,192,88
2,80,104,160,184,80
2,88,80,200,192,112
2,80,96,168,184,88
2,64,104,128,168,64
2,96,96,192,192,96
2,80,96,152,168,72
2,88,104,176,192,88
2,88,96,152,160,64
2,112,80,208,176,96
2,88,112,152,176,64
2,64,96,128,160,64
2,96,88,185,177,89
2,56,80,120,144,64
2,88,96,160,168,72
2,72,80,152,160,80
2,81,80,145,144,64
3,120,65,87,32,-33
3,120,136,64,80,-56
3,104,152,72,120,-32
3,128,120,72,64,-56
3,104,112,40,48,-64
3,96,72,48,24,-48
3,96,136,48,88,-48
3,80,112,40,72,-40
3,176,128,120,72,-56
3,96,88,56,48,-40
3,112,104,80,72,-32
3,151,128,88,65,-63
3,144,120,96,72,-48
3,224,159,128,63,-96
3,144,136,72,64,-72
3,160,176,128,144,-32
3,120,103,57,40,-63
3,161,160,80,79,-81
3,159,112,95,48,-64
3,136,104,64,32,-72
3,88,120,128,160,40
3,144,112,96,64,-48
3,111,80,71,40,-40
3,85,96,53,64,-32
4,80,64,104,88,24
4,64,88,175,199,111
4,80,80,192,192,112
4,64,64,104,104,40
4,72,72,88,88,16
4,64,72,88,96,24
4,72,64,96,88,24
4,72,72,104,104,32
4,81,72,184,175,103
4,80,82,96,98,16
4,64,80,160,176,96
4,80,56,200,176,120
4,88,64,208,184,120
5,152,144,104,96,-48
5,199,192,127,120,-72
5,160,152,192,184,32
5,207,192,151,136,-56
5,137,128,216,207,79
5,168,128,112,72,-56
5,136,184,112,160,-24
5,216,144,128,56,-88
5,104,168,120,184,16
5,192,192,104,104,-88
5,136,136,136,136,0
5,128,192,96,160,-32
5,144,152,136,144,-8
5,144,216,104,176,-40
5,135,112,104,81,-31
6,119,65,95,41,-24
6,152,80,104,32,-48
6,120,88,120,88,0
6,112,64,528,480,416
7,142,152,62,72,-80
7,192,178,64,50,-128
7,168,152,96,80,-72
7,144,88,272,216,128
7,176,120,88,32,-88
7,184,168,72,56,-112
7,216,176,64,24,-152
7,128,135,65,72,-63
7,176,168,80,72,-96
7,201,129,72,0,-129
7,120,104,232,216,112
8,136,112,88,64,-48
8,184,152,184,152,0
8,134,104,102,72,-32
7,208,160,80,32,-128
7,192,168,72,48,-120
8,144,120,104,80,-40
8,128,160,88,120,-40
8,160,128,104,72,-56
8,136,73,112,49,-24
8,144,88,144,88,0
8,144,113,120,89,-24
8,159,96,119,56,-40
8,96,88,184,176,88
8,80,80,312,312,232
9,80,88,112,120,32
9,88,97,56,65,-32
9,80,95,57,72,-23
9,80,96,40,56,-40
9,104,88,72,56,-32
9,89,72,49,32,-40
9,103,71,104,72,1
9,88,80,56,48,-32
10,167,111,96,40,-71
10,184,104,112,32,-72
10,199,160,80,41,-119
10,224,168,96,40,-128
10,152,128,80,56,-72
10,88,96,176,184,88
10,160,152,96,88,-64
10,200,144,120,64,-80
10,192,128,120,56,-72
11,80,64,120,104,40
11,96,80,208,192,112
11,96,72,128,104,32
11,72,72,56,56,-16
11,72,64,144,136,72
11,80,64,136,120,56
11,64,79,97,112,33
11,56,88,96,128,40
11,56,80,104,128,48
11,63,72,143,152,80
11,144,88,328,272,184
12,56,72,104,120,48
12,51,81,92,122,41
12,64,72,104,112,40
12,96,80,152,136,56
12,72,72,136,136,64
12,111,55,160,104,49
12,46,88,78,120,32
12,71,104,223,256,152
12,104,88,80,64,-24
12,88,112,104,128,16
12,88,96,128,136,40
12,71,80,367,376,296
12,128,64,240,176,112
12,112,104,72,64,-40
12,56,120,24,88,-32
12,112,152,64,104,-48
12,73,72,160,159,87
12,72,88,120,136,48
12,64,96,104,136,40
12,72,72,160,160,88
12,56,119,113,176,57
12,64,72,120,128,56
13,112,103,81,72,-31
13,176,128,88,40,-88
13,96,63,72,39,-24
13,88,96,40,48,-48
13,144,152,64,72,-80
13,144,96,96,48,-48
13,120,104,72,56,-48
13,112,112,64,64,-48
13,112,72,80,40,-32
13,112,111,80,79,-32
13,128,112,104,88,-24
13,160,128,128,96,-32
13,97,96,49,48,-48
13,144,96,72,24,-72
14,104,87,64,47,-40
14,128,104,64,40,-64
14,136,96,72,32,-64
14,104,80,64,40,-40
14,112,176,64,128,-48
14,127,144,96,113,-31
14,104,89,80,65,-24
14,152,120,112,80,-40
14,96,104,56,64,-40
14,103,88,71,56,-32
14,120,104,72,56,-48
14,112,120,56,64,-56
14,112,112,48,48,-64
14,96,80,56,40,-40
14,88,40,136,88,48
14,111,119,56,64,-55
14,136,96,96,56,-40
14,136,104,88,56,-48
14,121,112,105,96,-16
14,129,88,88,47,-41
14,120,160,88,128,-32
14,127,104,71,48,-56
14,120,95,81,56,-39
14,79,96,39,56,-40
14,128,64,248,184,120
14,104,104,48,48,-56
14,128,97,111,80,-17
14,111,111,48,48,-63
15,56,72,144,160,88
15,72,64,160,152,88
15,72,112,160,200,88
15,64,96,160,192,96
15,104,96,456,448,352
15,64,72,160,168,96
15,64,95,145,176,81
15,80,145,264,329,184
15,80,113,144,177,64
15,56,64,152,160,96
15,56,72,144,160,88
15,64,88,136,160,72
15,88,72,184,168,96
15,64,104,136,176,72
15,64,72,152,160,88
15,72,56,168,152,96
15,79,104,152,177,73
16,96,80,64,48,-32
16,112,96,72,56,-40
16,160,112,104,56,-56
16,128,104,72,48,-56
16,104,96,216,208,112
16,72,72,248,248,176
16,96,105,56,65,-40
16,120,112,72,64,-48
16,184,120,120,56,-64
16,88,80,56,48,-32
16,111,96,71,56,-40
16,120,112,80,72,-40
16,152,120,80,48,-72
16,112,112,80,80,-32
16,208,144,104,40,-104
16,144,104,88,48,-56
16,88,64,56,32,-32
16,152,96,96,40,-56
16,136,120,80,64,-56
16,55,72,184,201,129
16,127,143,88,104,-39
17,144,136,88,80,-56
17,128,160,592,624,464
17,168,176,80,88,-88
17,168,112,112,56,-56
17,168,120,104,56,-64
17,183,160,79,56,-104
17,168,192,248,272,80
17,217,136,160,79,-57
17,104,136,72,104,-32
17,152,120,112,80,-40
17,176,120,120,64,-56
17,135,104,215,184,80
17,104,72,207,175,103
18,72,56,72,56,0
18,88,37,88,37,0
18,72,72,144,144,72
18,48,96,144,192,96
18,40,64,144,168,104
18,72,64,160,152,88
18,63,72,167,176,104
18,64,72,160,168,96
18,48,80,160,192,112
18,71,80,175,184,104
18,88,64,72,48,-16
18,56,64,168,176,112
18,80,72,168,160,88
18,56,56,175,175,119
18,63,72,335,344,272
18,80,64,104,88,24
18,64,72,168,176,104
18,64,56,176,168,112
19,200,104,96,0,-104
19,128,97,56,25,-72
19,128,96,80,48,-48
19,111,104,79,72,-32
19,96,120,40,64,-56
19,120,72,64,16,-56
19,144,111,88,55,-56
19,152,104,72,24,-80
19,95,96,47,48,-48
19,128,104,72,48,-56
19,112,105,64,57,-48
19,144,112,80,48,-64
19,120,96,64,40,-56
19,120,104,48,32,-72
19,144,73,96,25,-48
19,151,135,72,56,-79
19,160,80,120,40,-40
20,168,128,104,64,-64
20,135,96,112,73,-23
20,104,136,128,160,24
20,113,103,105,95,-8
20,119,112,79,72,-40
20,160,136,128,104,-32
20,143,88,207,152,64
20,176,136,136,96,-40
20,153,72,153,72,0
20,144,105,120,81,-24
20,144,104,120,80,-24
20,152,159,97,104,-55
20,120,104,120,104,0
20,128,96,96,64,-32
20,120,112,120,112,0
20,96,88,72,64,-24
20,128,136,72,80,-56
20,192,96,240,144,48
20,176,88,128,40,-48
20,176,144,128,96,-48
21,125,96,144,115,19
21,120,132,121,133,1
21,99,103,99,103,0
21,88,136,200,248,112
21,104,112,136,144,32
21,120,96,136,112,16
21,96,96,264,264,168
21,128,96,112,80,-16
21,160,144,128,112,-32
21,96,105,135,144,39
21,104,129,248,273,144
21,104,96,344,336,240
21,120,112,88,80,-32
21,120,143,121,144,1
21,120,112,96,88,-24
21,128,96,128,96,0
21,104,88,104,88,0
21,104,160,80,136,-24
21,128,136,104,112,-24
21,128,167,145,184,17
21,112,128,96,112,-16
21,152,153,104,105,-48
21,135,127,104,96,-31
21,104,112,104,112,0
21,104,88,80,64,-24
21,152,112,128,88,-24
21,134,96,118,80,-16
22,104,80,80,56,-24
22,128,56,96,24,-32
22,152,64,120,32,-32
22,128,112,72,56,-56
22,88,72,144,128,56
22,127,89,95,57,-32
22,144,97,48,1,-96
22,104,88,48,32,-56
22,96,128,64,96,-32
22,120,88,96,64,-24
22,96,80,48,32,-48
22,128,104,48,24,-80
22,111,79,64,32,-47
22,120,64,96,40,-24
22,112,112,80,80,-32
22,152,96,80,24,-72
22,112,81,113,82,1
22,112,96,64,48,-48
22,112,104,80,72,-32
22,136,104,96,64,-40
23,96,121,56,81,-40
23,160,152,80,72,-80
23,144,136,88,80,-56
23,128,136,96,104,-32
23,96,104,56,64,-40
23,120,176,64,120,-56
23,119,105,79,65,-40
23,111,111,64,64,-47
23,136,137,72,73,-64
23,120,120,48,48,-72
23,64,40,320,296,256
23,132,112,132,112,0
23,152,112,112,72,-40
23,72,88,536,552,464
23,159,104,95,40,-64
23,112,128,88,104,-24
24,128,80,128,80,0
24,144,120,112,88,-32
24,152,136,96,80,-56
24,128,88,159,176,88
24,144,176,144,176,0
24,97,96,136,135,39
24,136,96,496,456,360
24,176,120,104,48,-72
24,144,96,80,32,-64
24,160,88,112,40,-48
24,136,72,136,72,0
24,144,96,128,80,-16
24,128,112,104,88,-24
25,136,120,96,80,-40
25,144,40,168,64,24
25,144,128,88,72,-56
25,168,112,104,48,-64
25,144,112,80,48,-64
25,111,128,56,73,-55
26,160,136,80,56,-80
26,48,127,24,103,-24
26,200,88,144,32,-56
26,152,96,80,24,-72
26,120,88,56,24,-64
26,169,136,96,63,-73
26,128,112,72,56,-56
26,168,144,104,80,-64
26,128,144,55,71,-73
26,129,104,80,55,-49
26,128,96,72,40,-56
26,192,120,112,40,-80
26,128,81,71,24,-57
26,88,81,56,49,-32
26,159,112,95,48,-64
26,112,120,64,72,-48
26,184,136,88,40,-96
26,136,128,72,64,-64
26,168,120,96,48,-72
26,167,152,95,80,-72
26,176,136,88,48,-88
26,168,136,56,24,-112
26,160,128,88,56,-72
26,136,112,48,24,-88
26,127,119,80,72,-47
26,152,104,64,16,-88
26,151,168,64,81,-87
26,96,136,40,80,-56
26,184,105,104,25,-80
27,160,128,144,112,-16
27,112,128,64,80,-48
27,144,120,104,80,-40
27,167,96,455,384,288
27,176,129,152,105,-24
27,112,128,64,80,-48
27,144,160,112,128,-32
27,120,136,64,80,-56
27,151,113,127,89,-24
27,168,152,96,80,-72
27,88,119,49,80,-39
27,120,120,72,72,-48
27,136,120,80,64,-56
27,128,136,72,80,-56
27,169,136,112,79,-57
27,161,89,432,360,271
27,120,120,80,80,-40
27,135,159,64,88,-71
27,96,120,56,80,-40
27,120,112,72,64,-48
27,112,136,40,64,-72
27,96,128,64,96,-32
27,136,144,64,72,-72
27,200,176,104,80,-96
27,160,112,160,112,0
27,104,144,56,96,-48
27,144,160,96,112,-48
27,136,144,88,96,-48
28,128,40,104,16,-24
28,133,104,80,51,-53
28,216,160,120,64,-96
28,137,96,96,55,-41
28,128,96,96,64,-32
28,112,72,72,32,-40
28,168,104,128,64,-40
28,128,96,80,48,-48
28,101,49,84,32,-17
28,112,88,80,56,-32
28,88,88,48,48,-40
28,208,128,120,40,-88
28,207,121,87,1,-120
29,129,143,129,143,0
29,207,152,151,96,-56
29,176,120,176,120,0
29,208,152,136,80,-72
29,152,112,152,112,0
29,245,144,168,67,-77
29,162,108,162,108,0
29,168,168,168,168,0
29,176,168,200,192,24
29,168,112,169,113,1
30,45,65,85,105,40
30,72,72,88,88,16
30,73,55,153,135,80
30,72,88,152,168,80
30,79,64,183,168,104
30,64,48,184,168,120
30,64,64,185,185,121
30,72,96,209,233,137
1,128,120,128,120,0
1,128,96,104,72,-24
1,120,112,152,144,32
1,119,104,119,104,0
1,120,112,104,96,-16
1,144,88,72,16,-72
1,136,72,64,0,-72
1,120,112,184,176,64
1,136,120,168,152,32
1,80,112,200,232,120
1,120,144,88,112,-32
1,104,120,80,96,-24
1,120,120,72,72,-48
1,112,135,57,80,-55
1,79,90,79,90,0
2,56,72,152,168,96
2,56,80,136,160,80
2,63,105,111,153,48
2,56,96,184,224,128
2,72,80,352,360,280
2,63,104,119,160,56
2,48,88,184,224,136
2,56,128,160,232,104
2,49,112,88,151,39
2,48,112,88,152,40
2,56,88,120,152,64
2,56,72,104,120,48
3,104,104,80,80,-24
3,104,80,128,104,24
3,136,72,64,0,-72
3,104,56,104,56,0
3,120,80,56,16,-64
3,73,72,104,103,31
3,128,96,72,40,-56
3,111,72,87,48,-24
3,80,80,81,81,1
3,80,88,80,88,0
3,120,88,120,88,0
4,64,80,104,120,40
4,80,96,216,232,136
4,56,72,160,176,104
5,143,144,175,176,32
5,128,159,73,104,-55
5,112,168,336,392,224
5,104,184,304,384,200
5,88,120,216,248,128
5,128,159,217,248,89
5,120,152,96,128,-24
6,88,120,88,120,0
6,72,122,112,162,40
6,101,106,101,106,0
6,80,136,392,448,312
6,80,88,152,160,72
6,56,96,184,224,128
6,72,104,96,128,24
6,72,88,144,160,72
6,64,104,104,144,40
7,86,64,86,64,0
7,88,152,120,184,32
7,104,104,80,80,-24
7,72,64,160,152,88
7,96,152,96,152,0
7,136,176,112,152,-24
7,88,176,72,160,-16
7,111,152,111,152,0
7,88,152,88,152,0
7,91,149,91,149,0
8,104,119,105,120,1
8,104,88,104,88,0
9,64,88,120,144,56
9,71,112,48,89,-23
9,56,120,96,160,40
10,96,96,120,120,24
10,104,112,104,112,0
10,152,120,216,184,64
10,152,88,112,48,-40
10,128,80,192,144,64
10,96,80,104,88,8
10,111,152,111,152,0
10,112,80,80,48,-32
10,151,120,79,48,-72
10,127,80,63,16,-64
11,72,88,112,128,40
11,72,72,128,128,56
11,88,72,72,56,-16
12,104,48,80,24,-24
12,71,64,119,112,48
12,113,64,128,79,15
12,79,73,95,89,16
12,96,64,96,64,0
12,95,103,96,104,1
12,88,96,88,96,0
13,64,97,128,161,64
13,80,64,80,64,0
13,80,96,192,208,112
13,88,104,472,488,384
14,80,64,120,104,40
14,72,96,104,128,32
14,72,72,96,96,24
14,104,80,72,48,-32
14,80,96,56,72,-24
14,80,72,120,112,40
14,72,88,136,152,64
14,87,136,111,160,24
14,64,96,32,64,-32
14,64,80,88,104,24
14,56,65,104,113,48
15,103,119,112,128,9
15,87,95,88,96,1
15,72,96,120,144,48
15,88,80,88,80,0
15,104,112,104,112,0
15,96,128,280,312,184
15,72,81,112,121,40
15,104,96,104,96,0
15,72,104,112,144,40
16,112,72,136,96,24
16,111,79,112,80,1
16,104,96,80,72,-24
16,96,97,80,81,-16
17,97,79,97,79,0
17,152,168,176,192,24
17,80,104,88,112,8
17,159,160,144,145,-15
17,168,144,208,184,40
17,96,127,97,128,1
17,169,175,169,175,0
17,200,152,256,208,56
17,79,160,103,184,24
17,88,144,119,175,31
17,88,80,120,112,32
17,168,144,248,224,80
18,72,80,104,112,32
18,80,77,120,117,40
18,80,80,152,152,72
18,80,64,113,97,33
18,72,80,72,80,0
18,80,72,112,104,32
18,72,64,72,64,0
18,72,88,152,168,80
18,80,80,96,96,16
18,72,80,104,112,32
18,88,72,104,88,16
18,80,72,120,112,40
18,96,81,120,105,24
18,72,88,96,112,24
18,104,88,152,136,48
18,64,64,88,88,24
19,88,80,104,96,16
19,72,72,80,80,8
19,96,95,121,120,25
19,152,160,120,128,-32
19,71,88,55,72,-16
20,104,96,152,144,48
20,56,104,96,144,40
20,75,63,148,136,73
20,96,99,160,163,64
20,80,95,145,160,65
20,72,104,120,152,48
20,112,112,192,192,80
20,88,120,104,136,16
20,88,128,144,184,56
20,96,128,144,176,48
20,88,72,128,112,40
20,87,136,119,168,32
20,88,103,345,360,257
20,87,80,159,152,72
20,104,95,105,96,1
20,80,80,120,120,40
20,88,112,88,112,0
21,88,88,176,176,88
21,88,112,112,136,24
21,88,88,144,144,56
21,80,120,104,144,24
21,96,104,416,424,320
21,88,96,192,200,104
21,104,80,104,80,0
21,80,104,56,80,-24
21,88,47,72,31,-16
21,73,136,73,136,0
21,24,48,64,88,40
21,63,119,48,104,-15
21,80,88,128,136,48
21,96,112,96,112,0
21,88,72,88,72,0
21,72,96,72,96,0
21,112,104,112,104,0
22,80,96,81,97,1
22,72,56,72,56,0
22,79,71,80,72,1
22,87,81,63,57,-24
22,88,128,40,80,-48
22,80,80,81,81,1
22,96,104,96,104,0
22,112,88,112,88,0
22,88,104,88,104,0
22,95,152,112,169,17
22,112,104,72,64,-40
22,79,104,47,72,-32
22,64,96,48,80,-16
22,72,112,48,88,-24
22,80,64,80,64,0
22,64,56,48,40,-16
23,120,55,121,56,1
23,120,72,72,24,-48
23,80,128,40,88,-40
23,136,40,120,24,-16
23,104,56,136,88,32
24,72,128,136,192,64
24,88,128,136,176,48
24,64,96,136,168,72
24,72,121,152,201,80
24,48,136,120,208,72
25,104,80,24,0,-80
25,88,88,88,88,0
25,64,120,104,160,40
26,81,128,129,176,48
26,89,79,89,79,0
26,104,68,104,68,0
26,79,103,152,176,73
26,104,96,104,96,0
26,72,120,72,120,0
26,96,120,96,120,0
26,88,96,136,144,48
26,72,112,104,144,32
26,96,120,80,104,-16
27,79,119,304,344,225
28,71,128,55,112,-16
28,103,104,71,72,-32
28,64,111,64,111,0
28,72,144,32,104,-40
28,80,128,56,104,-24
28,112,152,152,192,40
28,80,119,81,120,1
28,72,96,72,96,0
28,88,95,89,96,1
29,120,168,160,208,40
29,88,144,104,160,16
29,89,184,168,263,79
30,80,64,264,248,184
30,72,64,168,160,96
30,72,72,224,224,152
30,64,72,128,136,64
30,80,64,296,280,216
30,56,64,168,176,112
30,56,72,136,152,80
30,72,120,160,208,88
1,97,79,97,79,0
1,119,88,167,136,48
1,96,112,96,112,0
1,81,87,81,87,0
1,104,127,81,104,-23
1,128,112,104,88,-24
1,104,120,88,104,-16
1,80,96,120,136,40
1,88,129,55,96,-33
1,104,120,72,88,-32
1,136,118,96,78,-40
1,104,96,128,120,24
1,119,87,120,88,1
1,88,120,88,120,0
1,104,96,136,128,32
1,96,160,81,145,-15
1,112,112,96,96,-16
1,104,104,104,104,0
1,96,64,152,120,56
1,104,136,72,104,-32
1,136,136,104,104,-32
1,88,112,56,80,-32
2,53,72,141,160,88
2,48,80,136,168,88
2,72,96,168,192,96
2,64,76,168,180,104
2,56,56,144,144,88
2,72,80,168,176,96
2,64,72,184,192,120
2,64,56,168,160,104
2,64,72,192,200,128
2,74,64,559,549,485
2,64,72,176,184,112
2,48,48,136,136,88
2,111,64,303,256,192
2,40,64,128,152,88
2,64,88,152,176,88
2,72,112,152,192,80
2,72,96,152,176,80
2,64,72,152,160,88
2,79,64,207,192,128
2,64,56,152,144,88
2,57,71,129,143,72
2,56,80,144,168,88
3,193,151,193,151,0
3,152,152,80,80,-72
3,128,112,72,56,-56
3,128,120,80,72,-48
3,120,160,48,88,-72
3,168,184,104,120,-64
3,112,144,48,80,-64
3,128,104,64,40,-64
3,112,160,80,128,-32
3,144,160,88,104,-56
3,104,104,64,64,-40
3,128,88,88,48,-40
3,126,104,86,64,-40
3,88,96,57,65,-31
3,103,168,63,128,-40
4,48,47,225,224,177
4,56,64,208,216,152
4,56,80,416,440,360
4,72,72,296,296,224
4,96,72,840,816,744
4,56,64,224,232,168
4,56,47,225,216,169
5,104,120,128,144,24
5,128,96,144,112,16
5,96,96,224,224,128
5,128,152,168,192,40
5,137,104,144,111,7
5,136,143,137,144,1
5,120,144,120,144,0
5,128,88,128,88,0
5,104,128,104,128,0
5,152,144,280,272,128
6,88,79,154,145,66
6,121,120,160,159,39
6,112,96,168,152,56
6,112,104,200,192,88
6,128,80,192,144,64
6,79,72,199,192,120
6,72,80,184,192,112
6,96,64,192,160,96
6,80,80,208,208,128
6,72,96,176,200,104
7,61,91,171,201,110
7,79,104,168,193,89
7,88,72,216,200,128
7,80,136,280,336,200
7,168,96,1008,936,840
7,96,112,176,192,80
7,96,87,225,216,129
7,88,96,144,152,56
7,71,87,152,168,81
7,64,104,160,200,96
8,88,96,176,184,88
7,72,85,139,152,67
7,96,80,208,192,112
7,63,96,175,208,112
7,80,112,160,192,80
7,128,88,208,168,80
7,56,88,144,176,88
8,128,112,128,112,0
8,128,128,128,128,0
8,160,112,144,96,-16
8,80,96,104,120,24
8,88,104,160,176,72
8,128,144,72,88,-56
9,63,96,63,96,0
9,55,80,95,120,40
9,72,80,72,80,0
9,64,64,104,104,40
9,64,63,416,415,352
9,105,111,72,78,-33
9,56,88,88,120,32
10,128,129,88,89,-40
10,135,160,47,72,-88
10,152,168,72,88,-80
10,152,137,56,41,-96
10,144,120,64,40,-80
10,184,160,96,72,-88
10,120,112,184,176,64
10,184,176,136,128,-48
10,224,136,144,56,-80
10,128,88,96,56,-32
10,152,184,56,88,-96
10,144,128,72,56,-72
10,112,111,96,95,-16
10,144,136,80,72,-64
11,65,96,160,191,95
11,64,73,168,177,104
11,64,64,184,184,120
11,56,48,216,208,160
11,56,24,248,216,192
11,112,128,152,168,40
11,72,112,160,200,88
12,56,96,104,144,48
12,80,98,126,144,46
12,56,104,144,192,88
12,152,104,232,184,80
12,80,96,128,144,48
12,48,104,96,152,48
13,88,89,184,185,96
13,112,120,56,64,-56
13,96,136,184,224,88
13,88,104,144,160,56
13,95,87,160,152,65
13,112,136,192,216,80
13,71,103,176,208,105
13,88,80,384,376,296
13,80,136,256,312,176
13,96,88,176,168,80
13,120,112,120,112,0
13,55,112,175,232,120
13,64,72,184,192,120
13,128,104,128,104,0
13,48,128,168,248,120
13,80,88,168,176,88
13,88,104,48,64,-40
13,72,80,200,208,128
14,112,96,64,48,-48
14,96,104,64,72,-32
14,55,135,152,232,97
14,112,96,72,56,-40
14,104,72,64,32,-40
14,112,96,72,56,-40
14,104,32,112,40,8
14,96,64,144,112,48
14,105,80,64,39,-41
14,104,112,56,64,-48
14,120,72,71,23,-49
14,128,104,72,48,-56
15,88,80,208,200,120
15,88,104,56,72,-32
15,88,72,64,48,-24
15,96,88,80,72,-16
15,112,103,73,64,-39
15,144,120,80,56,-64
15,119,96,87,64,-32
15,104,120,72,88,-32
15,112,112,64,64,-48
15,88,64,232,208,144
15,104,88,64,48,-40
16,200,128,128,56,-72
16,152,120,64,32,-88
16,152,96,104,48,-48
16,160,112,72,24,-88
16,136,112,72,48,-64
16,168,136,112,80,-56
16,168,112,112,56,-56
16,136,88,104,56,-32
16,160,112,96,48,-64
17,148,120,116,88,-32
17,264,176,192,104,-72
17,145,136,145,136,0
17,142,216,70,144,-72
17,128,184,328,384,200
17,200,144,128,72,-72
17,184,144,120,80,-64
17,200,216,112,128,-88
17,144,120,120,96,-24
17,168,208,96,136,-72
17,184,176,96,88,-88
17,216,159,128,71,-88
17,147,216,96,165,-51
17,160,136,112,88,-48
17,192,169,120,97,-72
17,152,160,88,96,-64
17,168,160,112,104,-56
17,128,82,256,210,128
17,207,148,139,80,-68
17,184,160,153,129,-31
17,232,136,360,264,128
17,152,168,120,136,-32
17,128,168,344,384,216
17,200,200,120,120,-80
18,88,136,56,104,-32
18,88,80,72,64,-16
18,88,72,56,40,-32
18,128,103,49,24,-79
18,96,112,24,40,-72
18,121,113,80,72,-41
18,104,72,64,32,-40
18,112,88,56,32,-56
18,112,72,72,32,-40
18,144,104,72,32,-72
18,112,80,64,32,-48
18,103,88,31,16,-72
18,80,72,40,32,-40
18,103,88,47,32,-56
18,112,96,48,32,-64
18,96,80,56,40,-40
18,136,88,104,56,-32
19,96,112,72,88,-24
19,120,112,56,48,-64
19,103,96,47,40,-56
19,96,104,96,104,0
19,105,128,49,72,-56
19,96,95,65,64,-31
19,88,112,48,72,-40
19,120,120,56,56,-64
19,103,120,79,96,-24
19,120,88,56,24,-64
19,104,96,72,64,-32
19,80,103,1,24,-79
19,127,112,96,81,-31
19,104,152,64,112,-40
19,96,112,56,72,-40
19,104,97,55,48,-49
19,104,88,72,56,-32
19,80,96,112,128,32
20,96,104,208,216,112
20,152,136,800,784,648
20,104,96,224,216,120
20,96,96,208,208,112
20,104,88,216,200,112
20,104,80,176,152,72
21,128,113,88,73,-40
21,144,113,80,49,-64
21,144,152,80,88,-64
21,139,112,88,61,-51
21,136,88,120,72,-16
21,112,160,80,128,-32
21,152,127,160,135,8
21,104,104,105,105,1
21,144,112,112,80,-32
21,72,72,176,176,104
21,88,88,160,160,72
21,128,120,128,120,0
21,151,176,95,120,-56
21,120,104,88,72,-32
22,103,112,63,72,-40
22,96,96,64,64,-32
22,96,96,64,64,-32
22,88,120,56,88,-32
22,104,88,64,48,-40
22,128,136,72,80,-56
22,127,128,80,81,-47
22,80,112,56,88,-24
22,72,104,48,80,-24
22,88,80,64,56,-24
22,104,120,72,88,-32
22,88,72,72,56,-16
22,136,128,103,95,-33
22,80,120,40,80,-40
22,103,96,55,48,-48
22,104,88,105,89,1
22,104,112,80,88,-24
22,104,96,72,64,-32
22,87,79,224,216,137
23,160,80,80,0,-80
23,160,112,72,24,-88
23,192,168,88,64,-104
23,192,136,56,0,-136
23,200,120,80,0,-120
23,152,136,56,40,-96
23,184,112,96,24,-88
23,168,136,80,48,-88
23,176,120,56,0,-120
23,144,120,56,32,-88
23,152,112,80,40,-72
23,160,136,57,33,-103
23,160,128,56,24,-104
24,72,104,127,159,55
24,104,64,104,64,0
24,80,56,120,96,40
24,128,72,88,32,-40
24,88,72,152,136,64
25,71,104,639,672,568
26,168,128,152,112,-16
26,114,113,64,63,-50
26,88,64,416,392,328
26,120,112,96,88,-24
26,71,96,175,200,104
26,128,72,96,40,-32
26,120,114,94,88,-26
26,128,104,88,64,-40
26,111,79,112,80,1
26,120,79,121,80,1
26,121,110,122,111,1
26,120,144,64,88,-56
26,96,88,80,72,-16
26,48,80,48,80,0
26,152,128,112,88,-40
26,135,79,104,48,-31
26,129,128,72,71,-57
27,120,112,288,280,168
27,104,80,200,176,96
27,112,88,1016,992,904
27,136,72,216,152,80
27,144,96,256,208,112
27,120,64,232,176,112
27,104,127,176,199,72
27,136,96,264,224,128
27,122,72,280,230,158
27,104,136,176,208,72
27,120,96,240,216,120
27,112,80,216,184,104
27,111,48,319,256,208
27,128,128,216,216,88
28,79,119,112,152,33
28,62,118,117,173,55
28,48,80,96,128,48
28,96,112,200,216,104
28,103,120,103,120,0
28,104,120,128,144,24
28,56,96,104,144,48
29,89,112,160,183,71
29,80,128,160,208,80
29,104,64,296,256,192
29,112,112,192,192,80
29,104,104,232,232,128
29,80,112,488,520,408
29,96,88,200,192,104
29,80,120,216,256,136
29,152,87,1616,1551,1464
29,96,88,224,216,128
29,64,80,208,224,144
29,112,80,216,184,104
30,80,72,264,256,184
30,80,64,240,224,160
30,64,48,200,184,136
30,80,40,232,192,152
30,64,64,192,192,128
30,56,64,216,224,160
1,88,88,16,16,-72
1,80,128,112,160,32
1,128,112,104,88,-24
1,111,97,175,161,64
1,112,120,112,120,0
1,128,105,104,81,-24
1,96,119,97,120,1
1,64,96,104,136,40
1,112,120,88,96,-24
1,104,48,168,112,64
1,104,96,64,56,-40
1,95,64,135,104,40
1,64,48,104,88,40
1,85,56,85,56,0
1,120,24,168,72,48
2,88,54,146,112,58
2,104,64,160,120,56
2,112,72,128,88,16
2,103,56,215,168,112
2,136,40,136,40,0
2,104,72,136,104,32
2,88,64,152,128,64
2,112,64,152,104,40
2,80,56,120,96,40
2,120,56,152,88,32
2,96,64,144,112,48
2,80,56,112,88,32
2,96,72,112,88,16
2,112,56,112,56,0
3,128,64,128,64,0
3,112,150,130,168,18
3,56,88,80,112,24
3,87,88,88,89,1
3,120,96,120,96,0
3,56,128,56,128,0
3,120,96,176,152,56
3,88,112,88,112,0
3,64,144,88,168,24
3,104,136,104,136,0
3,120,120,120,120,0
4,64,72,328,336,264
4,56,64,128,136,72
5,111,55,112,56,1
5,176,136,192,152,16
5,152,136,320,304,168
5,128,120,128,120,0
5,112,96,128,112,16
5,130,104,106,80,-24
5,128,79,128,79,0
5,112,119,113,120,1
5,152,120,168,136,16
5,72,112,144,184,72
5,128,160,912,944,784
5,128,112,96,80,-32
6,121,80,176,135,55
6,104,80,144,120,40
6,104,72,160,128,56
6,120,72,168,120,48
6,88,65,264,241,176
7,143,64,375,296,232
7,72,96,112,136,40
7,160,64,120,24,-40
7,168,103,217,152,49
7,88,80,248,240,160
7,193,144,128,79,-65
7,184,79,217,112,33
8,96,88,160,152,64
8,104,104,104,104,0
8,112,96,144,128,32
8,96,88,120,112,24
8,64,120,152,208,88
8,88,104,152,168,64
8,80,112,120,152,40
8,80,104,128,152,48
8,88,88,136,136,48
8,96,88,120,112,24
9,88,72,120,104,32
9,56,56,408,408,352
9,88,80,200,192,112
10,120,112,120,112,0
10,88,112,144,168,56
10,120,112,120,112,0
10,96,136,96,136,0
10,104,128,144,168,40
10,80,144,288,352,208
10,120,104,88,72,-32
10,128,176,200,248,72
11,79,72,80,73,1
11,80,79,113,112,33
11,88,88,88,88,0
11,64,72,96,104,32
11,96,72,160,136,64
12,68,72,104,108,36
12,128,64,192,128,64
12,80,80,120,120,40
12,55,71,56,72,1
12,65,95,65,95,0
12,104,95,89,80,-15
12,64,72,112,120,48
12,96,64,144,112,48
12,64,96,128,160,64
12,88,88,120,120,32
12,81,63,81,63,0
12,88,88,176,176,88
12,80,72,104,96,24
12,73,87,74,88,1
12,80,88,104,112,24
13,103,64,1063,1024,960
13,95,72,151,128,56
13,71,72,104,105,33
13,88,80,280,272,192
13,72,72,168,168,96
13,112,79,161,128,49
13,128,88,128,88,0
13,95,96,127,128,32
13,144,95,89,40,-55
13,144,104,144,104,0
13,105,87,105,87,0
13,121,96,121,96,0
14,96,72,96,72,0
14,88,80,72,64,-16
14,103,104,71,72,-32
14,81,95,57,71,-24
14,72,80,104,112,32
14,80,48,56,24,-24
14,80,88,120,128,40
14,63,64,88,89,25
14,104,64,120,80,16
14,80,70,114,104,34
14,104,56,104,56,0
14,104,72,448,416,344
14,79,72,95,88,16
15,80,64,96,80,16
15,96,72,136,112,40
15,128,80,184,136,56
15,104,72,120,88,16
15,151,120,31,0,-120
15,88,80,120,112,32
15,96,88,160,152,64
15,72,88,136,152,64
15,72,104,112,144,40
15,80,97,80,97,0
15,80,96,152,168,72
15,80,80,104,104,24
15,104,80,152,128,48
15,88,80,80,72,-8
15,88,96,104,112,16
15,72,96,40,64,-32
15,96,112,56,72,-40
15,72,80,120,128,48
15,120,120,376,376,256
16,88,80,88,80,0
16,87,56,111,80,24
16,79,88,111,120,32
16,88,80,88,80,0
16,56,56,152,152,96
16,72,128,128,184,56
16,88,88,104,104,16
16,120,79,161,120,41
16,104,64,136,96,32
16,128,88,216,176,88
17,136,168,440,472,304
17,104,184,432,512,328
17,119,88,119,88,0
17,144,80,144,80,0
17,64,177,176,289,112
17,96,87,145,136,49
17,71,208,367,504,296
17,127,96,183,152,56
17,104,79,153,128,49
17,136,136,112,112,-24
17,128,88,280,240,152
17,128,104,160,136,32
17,128,129,144,145,16
18,64,80,64,80,0
18,72,64,144,136,72
18,72,80,64,72,-8
18,72,80,40,48,-32
18,72,96,96,120,24
18,88,89,88,89,0
18,72,80,48,56,-24
18,80,88,152,160,72
18,80,88,104,112,24
18,88,72,88,72,0
18,72,88,72,88,0
18,80,88,80,88,0
19,96,120,96,120,0
19,104,120,104,120,0
19,136,120,296,280,160
19,72,72,72,72,0
19,103,97,135,129,32
19,71,88,103,120,32
19,72,112,320,360,248
19,56,73,96,113,40
19,80,88,104,112,24
20,128,56,128,56,0
20,79,103,113,137,34
20,103,103,168,168,65
20,120,104,136,120,16
20,96,112,144,160,48
20,136,64,168,96,32
20,96,96,136,136,40
20,104,103,169,168,65
20,96,120,112,136,16
20,104,87,104,87,0
20,96,88,96,88,0
20,72,72,120,120,48
21,104,64,96,56,-8
21,120,64,120,64,0
21,136,94,136,94,0
21,120,104,96,80,-24
21,104,144,144,184,40
21,96,88,112,104,16
21,96,64,128,96,32
21,88,96,368,376,280
21,96,72,96,72,0
21,128,64,128,64,0
21,96,88,112,104,16
21,80,104,128,152,48
21,112,104,96,88,-16
21,87,113,87,113,0
21,96,104,96,104,0
21,104,112,119,127,15
21,95,79,120,104,25
21,72,120,72,120,0
21,96,120,136,160,40
22,88,80,104,96,16
22,89,79,89,79,0
22,56,96,32,72,-24
22,111,112,127,128,16
22,80,88,80,88,0
22,120,95,120,95,0
22,96,80,64,48,-32
22,55,88,127,160,72
22,121,95,121,95,0
22,112,79,113,80,1
22,120,56,96,32,-24
22,96,64,96,64,0
22,96,79,72,55,-24
22,72,88,112,128,40
23,88,80,176,168,88
23,120,104,168,152,48
23,120,103,121,104,1
23,88,136,145,193,57
23,136,144,152,160,16
24,104,72,480,448,376
24,144,48,144,48,0
24,144,56,144,56,0
24,120,56,120,56,0
24,128,87,192,151,64
24,112,113,336,337,224
24,112,64,152,104,40
24,120,64,120,64,0
24,120,72,120,72,0
24,104,48,104,48,0
24,136,71,137,72,1
24,128,64,144,80,16
25,80,104,208,232,128
25,64,127,64,127,0
25,88,56,192,160,104
26,96,120,336,360,240
26,80,88,257,265,177
26,136,96,152,112,16
26,80,88,120,128,40
26,88,120,112,144,24
26,112,144,112,144,0
26,96,80,128,112,32
26,112,80,169,137,57
26,88,112,88,112,0
26,120,72,144,96,24
26,144,64,600,520,456
26,127,119,127,119,0
26,104,72,104,72,0
26,56,88,144,176,88
27,152,64,152,64,0
27,152,128,192,168,40
27,128,88,96,56,-32
27,96,168,704,776,608
27,112,98,496,482,384
28,64,113,160,209,96
28,72,64,456,448,384
28,64,80,168,184,104
28,47,72,95,120,48
28,72,88,120,136,48
29,136,64,104,32,-32
29,176,136,392,352,216
30,80,80,184,184,104
30,71,80,175,184,104
1,136,96,72,32,-64
1,114,96,170,152,56
1,176,112,216,152,40
1,191,120,167,96,-24
1,111,136,136,161,25
1,152,111,80,39,-72
1,111,128,199,216,88
1,120,88,121,89,1
1,135,88,255,208,120
1,128,136,200,208,72
1,112,95,568,551,456
1,144,72,184,112,40
2,104,88,424,408,320
2,96,80,176,160,80
2,72,112,144,184,72
2,88,96,168,176,80
2,80,72,168,160,88
2,88,88,184,184,96
3,152,80,72,0,-80
3,184,104,80,0,-104
3,144,64,80,0,-64
3,112,72,64,24,-48
3,104,128,64,88,-40
3,96,112,232,248,136
3,120,56,80,16,-40
3,126,72,86,32,-40
3,128,56,128,56,0
3,119,129,87,97,-32
3,144,88,88,32,-56
3,128,72,56,0,-72
3,104,104,64,64,-40
3,144,112,56,24,-88
3,96,64,64,32,-32
3,104,114,48,58,-56
3,96,112,96,112,0
3,120,88,56,24,-64
3,104,80,48,24,-56
3,93,136,77,120,-16
3,136,64,208,136,72
3,105,120,24,39,-81
4,72,56,72,56,0
4,65,64,160,159,95
4,56,64,96,104,40
4,47,40,135,128,88
4,56,72,96,112,40
5,152,136,144,128,-8
5,152,104,192,144,40
5,151,80,1119,1048,968
5,136,144,617,625,481
5,136,112,248,224,112
5,144,104,255,215,111
5,135,121,119,105,-16
5,168,144,152,128,-16
5,112,136,88,112,-24
5,128,104,88,64,-40
6,72,56,344,328,272
6,48,112,224,288,176
6,80,120,216,256,136
6,80,134,162,216,82
6,64,120,152,208,88
7,88,112,152,176,64
7,136,88,248,200,112
7,112,104,184,176,72
7,184,88,729,633,545
7,168,104,200,136,32
7,144,136,216,208,72
7,135,136,191,192,56
7,208,152,72,16,-136
7,200,160,144,104,-56
7,129,48,272,191,143
7,192,136,1264,1208,1072
7,176,72,192,88,16
7,200,96,128,24,-72
7,152,96,184,128,32
7,152,143,137,128,-15
8,120,112,80,72,-40
7,176,136,1264,1224,1088
7,136,127,137,128,1
7,120,80,192,152,72
8,120,129,64,73,-56
8,152,160,112,120,-40
8,96,96,64,64,-32
8,96,96,72,72,-24
8,120,80,152,112,32
8,96,152,72,128,-24
8,120,88,96,64,-24
9,56,64,192,200,136
10,184,112,152,80,-32
10,152,128,120,96,-32
10,120,81,527,488,407
11,96,64,96,64,0
11,95,72,71,48,-24
11,88,64,88,64,0
11,80,104,160,184,80
11,56,56,104,104,48
11,64,72,136,144,72
11,96,64,96,64,0
11,71,73,166,168,95
11,72,80,144,152,72
12,56,88,120,152,64
12,47,87,104,144,57
12,80,64,168,152,88
12,72,80,160,168,88
12,56,96,104,144,48
12,48,56,128,136,80
12,63,72,160,169,97
12,72,80,152,160,80
12,72,88,128,144,56
12,64,88,136,160,72
12,24,72,129,177,105
12,40,88,104,152,64
13,160,80,176,96,16
13,120,88,168,136,48
13,104,104,160,160,56
13,104,88,88,72,-16
13,160,96,64,0,-96
13,80,104,153,177,73
13,161,80,128,47,-33
13,120,64,80,24,-40
13,184,80,105,1,-79
13,88,80,168,160,80
13,88,72,160,144,72
13,167,80,88,1,-79
13,105,112,217,224,112
13,104,72,144,112,40
14,104,80,56,32,-48
14,104,112,72,80,-32
14,72,80,136,144,64
14,120,96,80,56,-40
14,144,49,144,49,0
14,144,96,80,32,-64
14,136,32,104,0,-32
14,128,72,240,184,112
14,167,96,71,0,-96
14,-593,-600,240,233,833
14,144,104,72,32,-72
15,88,88,136,136,48
15,64,72,104,112,40
15,88,48,160,120,72
15,80,64,208,192,128
15,88,88,128,128,40
15,112,80,184,152,72
15,104,88,128,112,24
16,79,136,103,160,24
16,80,112,32,64,-48
16,120,112,104,96,-16
16,152,152,128,128,-24
16,168,128,160,120,-8
16,112,120,184,192,72
16,96,88,264,256,168
17,120,80,168,128,48
17,120,152,168,200,48
17,120,176,120,176,0
17,120,152,144,176,24
17,192,152,136,96,-56
17,88,88,152,152,64
17,160,177,112,129,-48
17,112,120,136,144,24
17,96,176,96,176,0
17,120,88,376,344,256
17,215,152,151,88,-64
17,152,96,152,96,0
17,120,152,192,224,72
18,88,80,144,136,56
18,112,83,72,43,-40
18,102,96,62,56,-40
18,88,56,88,56,0
18,72,64,88,80,16
18,88,80,72,64,-16
18,104,65,72,33,-32
18,80,56,120,96,40
18,95,47,136,88,41
18,96,104,96,104,0
18,96,112,144,160,48
18,95,96,63,64,-32
19,128,160,168,200,40
19,64,56,64,56,0
19,72,80,72,80,0
19,80,120,48,88,-32
19,104,80,176,152,72
19,55,87,56,88,1
19,88,88,88,88,0
19,71,79,72,80,1
19,96,104,112,120,16
19,88,96,88,96,0
19,96,80,120,104,24
19,75,80,51,56,-24
19,80,88,104,112,24
19,96,112,48,64,-48
19,96,112,96,112,0
19,88,80,48,40,-40
19,72,80,48,56,-24
19,76,56,76,56,0
19,64,88,64,88,0
20,152,88,264,200,112
20,111,88,335,312,224
20,136,82,257,203,121
20,128,112,72,56,-56
20,136,88,152,104,16
20,128,152,128,152,0
20,120,112,121,113,1
20,97,88,145,136,48
20,136,96,152,112,16
20,120,104,120,104,0
20,144,128,144,128,0
20,128,112,232,216,104
21,120,64,160,104,40
21,128,79,73,24,-55
21,117,88,109,80,-8
21,135,92,76,33,-59
21,168,112,56,0,-112
21,112,128,64,80,-48
21,136,112,200,176,64
21,144,96,288,240,144
21,128,96,88,56,-40
21,128,120,48,40,-80
21,111,97,63,49,-48
21,191,97,335,241,144
21,112,88,88,64,-24
21,136,112,80,56,-56
21,112,91,189,168,77
21,152,88,152,88,0
21,152,121,56,25,-96
21,128,104,64,40,-64
21,112,88,112,88,0
21,128,88,96,56,-32
22,64,88,40,64,-24
22,32,87,33,88,1
22,64,80,56,72,-8
22,64,72,48,56,-16
22,56,64,56,64,0
22,64,72,64,72,0
22,88,80,64,56,-24
22,72,72,104,104,32
22,72,88,56,72,-16
22,79,95,80,96,1
22,72,96,49,73,-23
22,56,64,56,64,0
22,79,104,23,48,-56
22,136,80,80,24,-56
23,104,128,144,168,40
23,128,112,72,56,-56
23,137,104,72,39,-65
23,162,118,162,118,0
23,104,112,144,152,40
23,104,72,200,168,96
23,144,64,336,256,192
23,71,88,135,152,64
23,128,96,160,128,32
23,128,72,144,88,16
23,144,96,144,96,0
24,144,112,264,232,120
24,144,120,168,144,24
24,112,152,160,200,48
24,136,104,160,128,24
24,143,104,207,168,64
24,120,128,200,208,80
24,144,160,336,352,192
24,136,144,200,208,64
25,80,128,224,272,144
25,104,128,232,256,128
25,128,120,304,296,176
26,56,152,128,224,72
26,88,160,112,184,24
26,120,96,120,96,0
26,103,143,104,144,1
26,136,111,105,80,-31
26,96,122,96,122,0
26,89,80,208,199,119
26,120,144,56,80,-64
26,136,112,88,64,-48
26,104,120,128,144,24
26,136,128,104,96,-32
26,152,88,96,32,-56
26,120,128,64,72,-56
26,104,128,176,200,72
26,88,184,56,152,-32
26,111,79,216,184,105
26,112,120,64,72,-48
26,88,128,48,88,-40
26,112,136,80,104,-32
26,127,105,159,137,32
26,95,160,39,104,-56
26,112,208,16,112,-96
26,112,152,280,320,168
27,120,128,249,257,129
27,97,111,209,223,112
28,64,64,144,144,80
28,72,80,184,192,112
28,104,128,120,144,16
28,104,152,152,200,48
28,48,80,304,336,256
28,96,80,120,104,24
28,112,152,112,152,0
28,80,112,120,152,40
28,64,144,80,160,16
28,80,112,104,136,24
29,144,120,192,168,48
29,176,152,144,120,-32
29,176,152,112,88,-64
29,168,144,192,168,24
29,104,72,272,240,168
29,144,144,248,248,104
29,168,80,320,232,152
30,80,64,232,216,152
30,72,66,184,178,112
30,96,56,96,56,0
30,79,64,159,144,80
30,88,80,456,448,368
1,104,120,80,96,-24
1,104,128,105,129,1
1,112,88,96,72,-16
1,97,119,97,119,0
1,135,130,79,74,-56
1,145,79,145,79,0
1,144,64,144,64,0
1,104,56,64,16,-40
1,97,111,97,111,0
1,98,87,58,47,-40
1,88,112,88,112,0
2,81,55,81,55,0
3,152,96,112,56,-40
3,160,32,176,48,16
3,136,120,96,80,-40
3,104,112,64,72,-40
3,80,80,48,48,-32
3,103,71,72,40,-31
3,136,96,96,56,-40
3,135,80,87,32,-48
3,96,64,56,24,-40
3,96,96,48,48,-48
3,112,96,88,72,-24
4,72,64,231,223,159
5,137,136,104,103,-33
5,112,128,96,112,-16
5,96,120,96,120,0
5,104,112,104,112,0
5,120,128,504,512,384
5,111,120,136,145,25
5,88,64,112,88,24
5,120,96,144,120,24
5,112,136,96,120,-16
5,119,112,119,112,0
5,136,88,136,88,0
5,120,72,120,72,0
5,120,128,216,224,96
6,96,72,96,72,0
6,128,128,96,96,-32
6,120,104,88,72,-32
6,136,96,104,64,-32
7,166,114,96,44,-70
7,159,96,79,16,-80
7,152,96,120,64,-32
7,136,88,80,32,-56
7,216,112,104,0,-112
8,120,72,104,56,-16
8,104,64,104,64,0
8,152,88,128,64,-24
7,151,104,95,48,-56
7,152,104,96,48,-56
7,152,137,88,73,-64
8,144,112,112,80,-32
8,128,120,96,88,-32
8,136,71,153,88,17
8,112,96,80,64,-32
9,88,64,128,104,40
10,176,136,80,40,-96
10,176,120,80,24,-96
10,168,192,144,168,-24
10,152,128,768,744,616
10,160,175,97,112,-63
10,176,136,88,48,-88
10,48,95,193,240,145
10,144,113,71,40,-73
10,143,120,103,80,-40
10,143,145,87,89,-56
10,199,180,79,60,-120
10,144,128,80,64,-64
10,152,176,64,88,-88
10,152,144,96,88,-56
10,176,176,64,64,-112
10,152,136,88,72,-64
10,167,160,88,81,-79
10,151,142,97,88,-54
10,175,151,112,88,-63
10,168,136,104,72,-64
10,144,192,80,128,-64
11,112,88,72,48,-40
11,151,80,111,40,-40
11,104,88,72,56,-32
11,152,80,112,40,-40
11,120,80,96,56,-24
11,151,80,103,32,-48
12,64,56,96,88,32
12,111,47,112,48,1
12,80,80,120,120,40
12,80,104,80,104,0
12,87,96,87,96,0
12,97,103,97,103,0
12,120,104,96,80,-24
12,104,64,80,40,-24
12,64,80,96,112,32
12,112,88,200,176,88
12,88,88,152,152,64
12,64,80,136,152,72
13,159,64,119,24,-40
13,144,72,96,24,-48
13,136,89,88,41,-48
13,136,72,96,32,-40
13,104,87,49,32,-55
14,88,80,64,56,-24
14,64,64,40,40,-24
14,120,96,80,56,-40
14,104,72,72,40,-32
14,136,72,96,32,-40
14,96,96,56,56,-40
14,88,72,64,48,-24
14,88,104,56,72,-32
14,96,88,72,64,-24
14,112,96,64,48,-48
14,144,72,120,48,-24
14,88,104,40,56,-48
14,55,96,23,64,-32
14,88,47,72,31,-16
14,104,104,64,64,-40
14,96,72,72,48,-24
15,88,80,56,48,-32
15,112,80,56,24,-56
15,95,72,71,48,-24
15,112,56,72,16,-40
15,96,80,48,32,-48
15,128,72,96,40,-32
15,104,40,88,24,-16
15,40,72,1296,1328,1256
15,136,80,112,56,-24
15,104,81,64,41,-40
15,96,72,64,40,-32
15,48,79,1,32,-47
15,104,71,105,72,1
15,120,72,88,40,-32
15,96,72,56,32,-40
16,136,72,96,32,-40
16,168,80,89,1,-79
17,144,136,104,96,-40
17,121,88,72,39,-49
17,176,144,136,104,-40
17,160,144,120,104,-40
17,160,136,128,104,-32
17,176,121,128,73,-48
17,200,103,152,55,-48
17,200,144,112,56,-88
17,167,120,103,56,-64
17,200,144,160,104,-40
17,192,112,112,32,-80
17,192,104,88,0,-104
17,168,128,96,56,-72
17,232,152,144,64,-88
17,208,152,128,72,-80
18,104,88,64,48,-40
18,112,72,72,32,-40
18,105,72,73,40,-32
18,72,64,40,32,-32
18,96,72,64,40,-32
18,96,72,48,24,-48
18,183,96,135,48,-48
18,160,112,128,80,-32
18,160,111,112,63,-48
18,80,80,40,40,-40
18,160,96,104,40,-56
18,91,64,48,21,-43
18,97,64,72,39,-25
19,112,64,88,40,-24
19,88,96,88,96,0
19,80,96,64,80,-16
19,128,72,80,24,-48
19,104,88,72,56,-32
19,112,87,80,55,-32
19,120,96,96,72,-24
19,127,103,64,40,-63
19,104,112,72,80,-32
19,112,88,88,64,-24
19,104,104,80,80,-24
19,88,128,88,128,0
19,80,104,56,80,-24
19,104,88,72,56,-32
19,104,112,72,80,-32
19,127,128,95,96,-32
20,161,128,88,55,-73
20,147,96,91,40,-56
20,136,96,120,80,-16
20,139,96,80,37,-59
20,160,72,112,24,-48
20,136,88,72,24,-64
20,164,80,127,43,-37
20,120,80,88,48,-32
20,168,104,104,40,-64
20,184,104,112,32,-72
20,137,112,104,79,-33
20,127,88,71,32,-56
20,152,96,112,56,-40
20,192,137,136,81,-56
20,128,120,80,72,-48
20,120,88,80,48,-40
20,168,85,120,37,-48
20,112,96,64,48,-48
20,112,88,112,88,0
20,104,96,232,224,128
20,232,128,104,0,-128
20,208,144,120,56,-88
20,200,88,200,88,0
20,192,112,152,72,-40
20,216,112,128,24,-88
20,208,128,112,32,-96
20,199,199,64,64,-135
20,152,88,96,32,-56
20,195,114,83,2,-112
20,184,105,136,57,-48
21,86,85,86,85,0
21,144,112,120,88,-24
21,112,80,80,48,-32
21,128,112,88,72,-40
21,104,72,72,40,-32
22,63,64,31,32,-32
22,104,79,81,56,-23
22,96,80,72,56,-24
22,88,64,64,40,-24
22,120,136,88,104,-32
22,104,128,64,88,-40
22,112,96,64,48,-48
22,112,95,64,47,-48
22,64,112,40,88,-24
22,112,89,88,65,-24
22,72,80,32,40,-40
22,106,64,72,30,-34
22,160,168,120,128,-40
22,96,104,72,80,-24
22,80,96,64,80,-16
22,111,87,88,64,-23
22,96,88,72,64,-24
22,96,88,56,48,-40
22,96,96,72,72,-24
22,88,88,72,72,-16
22,96,72,80,56,-16
22,88,160,64,136,-24
22,64,48,224,208,160
22,104,112,80,88,-24
22,88,72,64,48,-24
22,96,72,72,48,-24
22,95,88,80,73,-15
22,104,72,80,48,-24
22,120,56,88,24,-32
22,112,96,80,64,-32
22,96,88,64,56,-32
22,128,104,80,56,-48
23,119,144,71,96,-48
23,224,112,112,0,-112
23,263,104,159,0,-104
23,168,160,88,80,-80
23,224,96,152,24,-72
23,167,88,111,32,-56
23,232,112,136,16,-96
23,176,144,88,56,-88
23,168,176,32,40,-136
23,160,136,64,40,-96
23,144,184,48,88,-96
23,187,120,67,0,-120
23,128,152,40,64,-88
24,72,72,136,136,64
24,72,56,112,96,40
24,80,88,128,136,48
24,104,103,153,152,49
24,80,96,95,111,15
24,80,56,168,144,88
24,80,72,152,144,72
24,96,63,97,64,1
25,136,112,80,56,-56
25,127,79,128,80,1
25,136,87,137,88,1
26,87,63,88,64,1
26,120,88,80,48,-40
26,122,88,90,56,-32
26,112,88,88,64,-24
26,120,104,88,72,-32
26,216,152,120,56,-96
26,88,96,136,144,48
26,104,72,80,48,-24
26,136,80,104,48,-32
26,112,80,88,56,-24
26,136,96,112,72,-24
26,112,112,88,88,-24
26,111,88,87,64,-24
28,177,97,80,0,-97
28,112,128,64,80,-48
28,112,120,72,80,-40
28,96,128,56,88,-40
28,128,136,88,96,-40
28,96,112,63,79,-33
28,88,104,64,80,-24
29,184,143,96,55,-88
29,128,104,72,48,-56
29,152,80,104,32,-48
30,79,80,344,345,265
30,80,56,256,232,176
1,96,176,240,320,144
1,72,128,200,256,128
1,80,136,176,232,96
1,104,136,240,272,136
1,56,104,192,240,136
1,64,72,168,176,104
1,88,112,240,264,152
1,56,96,168,208,112
1,79,114,207,242,128
1,72,72,216,216,144
1,64,88,176,200,112
1,61,104,166,209,105
1,64,105,256,297,192
1,80,88,168,176,88
1,104,128,200,224,96
1,56,104,184,232,128
1,73,95,185,207,112
1,72,112,192,232,120
1,80,96,192,208,112
1,64,104,168,208,104
1,72,120,176,224,104
1,64,136,168,240,104
1,104,146,222,264,118
1,64,120,192,248,128
1,56,88,184,216,128
1,72,120,184,232,112
1,48,120,160,232,112
2,84,96,214,226,130
2,63,87,896,920,833
2,112,112,224,224,112
2,104,104,520,520,416
2,88,104,208,224,120
2,88,120,208,240,120
2,80,120,304,344,224
2,80,71,321,312,241
3,112,64,433,385,321
3,71,72,175,176,104
3,120,64,304,248,184
3,77,72,208,203,131
3,80,48,176,144,96
3,72,112,168,208,96
3,70,72,190,192,120
3,48,47,144,143,96
3,96,64,224,192,128
3,72,112,184,224,112
4,64,64,2704,2704,2640
4,72,72,184,184,112
4,56,72,176,192,120
5,144,152,296,304,152
5,104,151,209,256,105
5,112,136,256,280,144
5,128,192,272,336,144
5,96,136,200,240,104
5,112,96,271,255,159
6,103,137,255,289,152
6,64,72,696,704,632
6,64,120,208,264,144
6,112,136,216,240,104
6,86,80,254,248,168
6,72,104,192,224,120
7,88,136,184,232,96
7,64,160,168,264,104
7,88,112,208,232,120
7,72,136,184,248,112
7,72,120,184,232,112
7,80,128,200,248,120
7,71,127,176,232,105
7,72,144,176,248,104
7,88,151,185,248,97
8,96,80,216,200,120
8,72,80,224,232,152
9,88,71,473,456,385
9,95,81,279,265,184
9,48,80,176,208,128
9,48,72,168,192,120
10,64,88,184,208,120
10,88,79,504,495,416
10,64,96,160,192,96
11,72,80,184,192,112
11,89,80,272,263,183
11,72,88,192,208,120
11,79,88,207,216,128
11,80,88,192,200,112
11,72,120,184,232,112
12,72,110,160,198,88
12,48,48,161,161,113
12,56,72,144,160,88
12,67,56,152,141,85
12,119,88,231,200,112
12,56,48,144,136,88
13,63,72,335,344,272
13,96,96,192,192,96
13,72,80,200,208,128
13,80,64,184,168,104
13,80,56,192,168,112
14,144,96,96,48,-48
14,128,128,88,88,-40
14,176,88,136,48,-40
14,119,97,79,57,-40
14,104,96,288,280,184
14,68,96,172,200,104
14,128,88,64,24,-64
14,160,72,128,40,-32
14,64,64,160,160,96
15,96,128,208,240,112
15,112,104,272,264,160
15,96,144,216,264,120
15,96,47,200,151,104
16,72,88,192,208,120
16,96,72,192,168,96
16,80,72,191,183,111
16,120,80,224,184,104
16,80,88,192,200,112
16,80,96,193,209,113
17,111,136,231,256,120
17,72,104,176,208,104
17,96,144,184,232,88
17,88,120,168,200,80
17,24,112,128,216,104
17,80,120,184,224,104
17,56,80,176,200,120
17,72,120,160,208,88
17,120,128,696,704,576
17,64,112,184,232,120
17,95,112,231,248,136
18,72,69,187,184,115
18,72,65,160,153,88
18,80,81,176,177,96
18,72,82,174,184,102
18,64,88,152,176,88
18,96,88,312,304,216
18,48,63,161,176,113
18,64,80,224,240,160
18,72,64,192,184,120
18,64,72,176,184,112
19,64,88,144,168,80
19,72,64,152,144,80
19,72,96,128,152,56
19,96,112,184,200,88
19,88,128,160,200,72
19,80,80,152,152,72
20,111,109,74,72,-37
20,104,104,224,224,120
20,135,120,215,200,80
20,175,137,127,89,-48
21,78,112,182,216,104
21,72,128,192,248,120
21,78,128,176,226,98
21,88,64,224,200,136
21,72,104,192,224,120
21,72,56,216,200,144
21,80,104,208,232,128
22,40,104,120,184,80
22,80,87,177,184,97
22,55,96,151,192,96
22,80,96,160,176,80
22,88,88,176,176,88
22,88,89,176,177,88
22,88,96,176,184,88
22,64,80,128,144,64
22,64,104,152,192,88
22,62,40,182,160,120
22,88,112,184,208,96
23,121,81,264,224,143
23,72,104,160,192,88
23,88,47,441,400,353
24,80,144,248,312,168
24,80,128,192,240,112
24,121,129,504,512,383
24,55,136,279,360,224
24,80,128,208,256,128
24,72,120,168,216,96
26,105,64,256,215,151
26,88,104,208,224,120
26,64,80,184,200,120
27,128,199,985,1056,857
27,113,112,376,375,263
27,89,127,1049,1087,960
27,88,87,192,191,104
28,40,80,256,296,216
28,64,96,152,184,88
28,64,97,144,177,80
28,56,104,128,176,72
28,241,144,792,695,551
28,49,80,152,183,103
28,56,80,136,160,80
28,48,80,112,144,64
28,72,105,120,153,48
28,48,72,120,144,72
28,64,64,128,128,64
29,143,128,287,272,144
29,112,168,256,312,144
29,112,152,264,304,152
29,64,144,192,272,128
30,72,72,160,160,88
30,88,64,280,256,192
30,72,72,192,192,120
1,88,136,56,104,-32
1,96,144,200,248,104
1,104,145,104,145,0
1,64,135,65,136,1
1,144,144,88,88,-56
1,128,152,72,96,-56
1,128,144,80,96,-48
1,104,128,88,112,-16
1,80,151,121,192,41
1,105,103,73,71,-32
1,112,192,112,192,0
1,87,88,71,72,-16
1,128,160,96,128,-32
1,112,206,90,184,-22
2,48,88,104,144,56
2,64,104,120,160,56
2,48,79,89,120,41
2,56,104,128,176,72
2,56,104,96,144,40
2,56,72,88,104,32
2,64,80,96,112,32
2,64,80,112,128,48
2,64,88,120,144,56
3,128,112,128,112,0
3,72,152,96,176,24
3,64,104,88,128,24
3,104,144,104,144,0
3,111,128,87,104,-24
3,56,144,104,192,48
3,64,104,72,112,8
3,128,112,104,88,-24
3,168,80,136,48,-32
3,128,152,128,152,0
3,112,112,88,88,-24
3,96,120,128,152,32
3,93,123,93,123,0
4,72,80,72,80,0
4,64,56,96,88,32
4,80,72,152,144,72
4,79,96,103,120,24
4,64,56,112,104,48
4,72,47,72,47,0
4,70,64,350,344,280
4,72,56,120,104,48
5,112,152,24,64,-88
5,128,136,104,112,-24
5,120,96,121,97,1
5,120,112,104,96,-16
5,136,135,176,175,40
5,120,111,97,88,-23
5,120,144,120,144,0
5,120,168,144,192,24
5,121,112,121,112,0
5,104,128,104,128,0
5,120,144,96,120,-24
6,69,83,101,115,32
6,72,72,96,96,24
6,64,88,128,152,64
6,88,80,88,80,0
6,64,64,208,208,144
6,80,80,160,160,80
7,63,88,63,88,0
7,96,200,232,336,136
7,80,208,112,240,32
7,112,200,136,224,24
7,88,200,40,152,-48
8,88,120,88,120,0
7,88,96,160,168,72
8,88,136,128,176,40
8,95,120,135,160,40
8,80,144,64,128,-16
8,80,160,120,200,40
8,72,96,296,320,224
8,72,96,176,200,104
8,80,128,136,184,56
8,96,80,160,144,64
8,73,120,144,191,71
8,72,133,139,200,67
8,80,96,168,184,88
8,80,128,128,176,48
8,88,112,152,176,64
8,96,144,120,168,24
8,72,120,120,168,48
9,55,80,135,160,80
9,48,80,88,120,40
10,80,128,48,96,-32
10,144,128,192,176,48
10,144,152,87,95,-57
10,128,136,200,208,72
10,128,96,160,128,32
10,80,88,80,88,0
10,128,104,104,80,-24
11,96,88,112,104,16
11,104,80,104,80,0
11,88,96,88,96,0
12,104,72,104,72,0
12,112,72,152,112,40
12,88,56,72,40,-16
12,80,47,80,47,0
12,80,64,104,88,24
12,80,56,80,56,0
12,72,73,72,73,0
12,112,72,40,0,-72
12,80,73,71,64,-9
12,71,96,71,96,0
12,96,79,72,55,-24
12,55,24,103,72,48
13,80,104,480,504,400
13,72,80,144,152,72
13,72,112,288,328,216
13,80,24,128,72,48
13,72,96,104,128,32
13,80,88,120,128,40
13,72,167,72,167,0
13,80,135,81,136,1
13,96,104,96,104,0
13,112,80,96,64,-16
14,88,104,88,104,0
14,72,104,72,104,0
14,72,111,72,111,0
14,64,96,64,96,0
14,72,72,48,48,-24
14,48,144,112,208,64
14,88,96,56,64,-32
14,64,113,64,113,0
14,80,81,104,105,24
14,56,128,87,159,31
14,80,152,48,120,-32
14,71,104,48,81,-23
14,72,167,73,168,1
14,40,120,120,200,80
14,80,144,104,168,24
15,88,88,88,88,0
15,80,71,80,71,0
15,96,80,128,112,32
15,72,88,104,120,32
15,89,95,121,127,32
15,96,72,176,152,80
15,80,80,104,104,24
15,88,64,136,112,48
15,96,80,168,152,72
15,64,72,96,104,32
15,80,72,104,96,24
15,72,80,288,296,216
15,88,88,112,112,24
15,88,112,56,80,-32
15,87,104,119,136,32
15,64,64,136,136,72
15,64,96,80,112,16
16,104,112,104,112,0
16,81,80,152,151,71
16,80,88,80,88,0
16,96,79,97,80,1
16,72,80,160,168,88
16,72,168,96,192,24
16,56,96,136,176,80
17,112,88,80,56,-32
17,96,144,184,232,88
17,152,192,200,240,48
17,143,160,127,144,-16
17,144,215,97,168,-47
17,160,79,161,80,1
17,95,144,327,376,232
17,120,199,1929,2008,1809
18,80,97,80,97,0
18,79,102,137,160,58
18,80,47,89,56,9
18,64,88,112,136,48
18,71,88,71,88,0
18,72,88,112,128,40
18,80,80,48,48,-32
18,72,55,104,87,32
18,40,72,72,104,32
18,80,96,120,136,40
18,136,95,136,95,0
18,81,80,65,64,-16
19,88,120,64,96,-24
19,80,104,152,176,72
19,80,64,104,88,24
19,90,80,96,86,6
19,96,96,96,96,0
19,88,71,113,96,25
19,80,128,128,176,48
19,96,88,72,64,-24
19,72,96,72,96,0
19,88,88,40,40,-48
19,64,75,93,104,29
19,88,96,136,144,48
19,88,88,184,184,96
19,104,96,72,64,-32
19,88,96,112,120,24
19,88,96,88,96,0
19,112,88,128,104,16
19,112,96,72,56,-40
19,104,72,104,72,0
19,96,76,84,64,-12
19,103,64,135,96,32
20,128,168,152,192,24
20,56,128,96,168,40
20,96,136,96,136,0
20,88,152,88,152,0
20,80,128,192,240,112
20,95,144,135,184,40
20,104,120,120,136,16
20,104,136,104,136,0
20,80,97,120,137,40
20,104,144,104,144,0
20,97,136,97,136,0
21,88,136,88,136,0
21,76,128,76,128,0
21,80,135,81,136,1
21,104,168,168,232,64
21,80,136,104,160,24
21,120,152,96,128,-24
21,112,128,112,128,0
21,80,136,56,112,-24
21,128,128,128,128,0
21,88,151,89,152,1
21,96,111,96,111,0
21,96,112,152,168,56
21,104,136,104,136,0
21,96,152,96,152,0
21,72,128,120,176,48
21,104,96,104,96,0
21,112,128,112,128,0
21,80,128,112,160,32
21,104,96,56,48,-48
22,80,64,48,32,-32
22,80,64,80,64,0
22,88,32,56,0,-32
22,112,64,56,8,-56
22,96,80,200,184,104
22,103,72,159,128,56
22,104,64,136,96,32
22,72,64,72,64,0
22,104,72,88,56,-16
22,96,56,96,56,0
22,104,64,40,0,-64
22,88,80,88,80,0
22,72,88,88,104,16
22,104,72,193,161,89
22,103,128,103,128,0
22,80,72,48,40,-32
22,72,72,103,103,31
22,72,72,128,128,56
22,64,144,104,184,40
22,80,56,64,40,-16
22,80,64,120,104,40
22,64,80,80,96,16
22,80,40,80,40,0
22,112,80,72,40,-40
22,48,64,88,104,40
22,96,88,96,88,0
22,72,112,88,128,16
22,64,72,112,120,48
22,72,55,137,120,65
22,80,56,128,104,48
22,104,127,105,128,1
23,144,56,521,433,377
23,88,128,128,168,40
23,104,128,104,128,0
23,56,137,120,201,64
23,56,120,112,176,56
23,96,136,136,176,40
23,80,162,112,194,32
24,80,112,104,136,24
24,96,144,128,176,32
24,80,112,80,112,0
24,72,136,104,168,32
24,88,136,120,168,32
24,88,136,208,256,120
24,64,136,192,264,128
24,24,144,144,264,120
24,88,112,112,136,24
26,96,96,80,80,-16
26,97,120,144,167,47
26,88,104,64,80,-24
26,95,136,143,184,48
26,104,120,104,120,0
26,88,136,160,208,72
26,80,112,80,112,0
26,88,111,289,312,201
26,72,112,104,144,32
26,79,113,119,153,40
26,96,104,152,160,56
26,87,95,152,160,65
26,72,112,104,144,32
26,72,111,72,111,0
27,136,103,137,104,1
27,112,96,152,136,40
27,112,80,144,112,32
27,112,88,112,88,0
27,128,72,153,97,25
27,104,104,128,128,24
27,103,97,111,105,8
27,112,120,264,272,152
28,96,72,96,72,0
28,72,64,88,80,16
28,55,64,103,112,48
28,104,96,192,184,88
28,72,80,128,136,56
28,104,96,104,96,0
28,80,112,56,88,-24
28,88,64,88,64,0
29,128,120,136,128,8
29,128,176,128,176,0
29,88,232,256,400,168
29,64,176,176,288,112
29,96,176,152,232,56
29,120,168,176,224,56
29,136,176,176,216,40
29,128,136,328,336,200
29,136,144,312,320,176
29,112,240,112,240,0
29,112,144,272,304,160
30,56,64,112,120,56
30,88,80,152,144,64
30,89,72,152,135,63
30,72,96,136,160,64
30,64,80,112,128,48
30,63,113,143,193,80
30,64,88,80,104,16
1,128,80,128,80,0
1,88,120,64,96,-24
1,96,112,112,128,16
1,79,47,80,48,1
1,160,80,128,48,-32
1,128,104,48,24,-80
1,112,80,80,48,-32
1,88,112,88,112,0
1,143,88,55,0,-88
1,120,88,64,32,-56
1,137,81,56,0,-81
1,137,128,48,39,-89
1,103,120,71,88,-32
1,153,96,57,0,-96
1,136,80,56,0,-80
1,111,88,71,48,-40
1,16,120,16,120,0
1,136,88,184,136,48
1,119,96,80,57,-39
1,136,96,72,32,-64
2,88,81,121,114,33
2,64,80,144,160,80
2,72,89,112,129,40
2,95,71,96,72,1
2,80,71,145,136,65
2,72,80,96,104,24
2,89,71,89,71,0
3,81,193,120,232,39
3,97,167,97,167,0
3,64,152,64,152,0
3,72,112,72,112,0
3,48,144,49,145,1
3,64,120,64,120,0
3,72,128,56,112,-16
3,97,111,97,111,0
3,39,96,80,137,41
3,56,104,56,104,0
3,64,120,64,120,0
3,72,112,128,168,56
3,88,112,88,112,0
3,56,144,56,144,0
3,63,112,63,112,0
3,80,120,80,120,0
3,80,112,112,144,32
3,72,88,72,88,0
3,80,144,80,144,0
3,56,120,16,80,-40
4,80,56,160,136,80
4,88,64,88,64,0
4,72,48,144,120,72
5,144,128,144,128,0
5,144,120,104,80,-40
5,120,104,104,88,-16
5,136,87,136,87,0
5,144,81,120,57,-24
5,128,88,129,89,1
5,160,119,161,120,1
5,120,105,168,153,48
5,96,88,80,72,-16
5,128,112,104,88,-24
5,112,104,113,105,1
5,80,96,56,72,-24
5,64,120,96,152,32
6,72,77,144,149,72
6,104,128,312,336,208
6,95,103,96,104,1
7,113,120,57,64,-56
7,132,168,88,124,-44
7,144,168,112,136,-32
7,80,80,656,656,576
7,119,169,95,145,-24
7,184,199,72,87,-112
7,104,160,80,136,-24
8,135,64,319,248,184
8,88,96,88,96,0
8,48,88,128,168,80
8,96,112,128,144,32
8,104,88,128,112,24
8,80,80,136,136,56
8,88,87,137,136,49
8,136,79,137,80,1
8,80,96,80,96,0
8,80,111,121,152,41
8,80,88,104,112,24
8,71,80,111,120,40
9,104,64,128,88,24
9,112,40,216,144,104
9,72,48,136,112,64
10,96,87,97,88,1
10,104,104,72,72,-32
10,136,112,64,40,-72
10,121,180,72,131,-49
10,104,112,104,112,0
10,104,153,840,889,736
10,120,176,144,200,24
11,48,104,160,216,112
11,64,88,184,208,120
11,56,56,232,232,176
11,56,87,201,232,145
11,64,80,232,248,168
12,80,88,24,32,-56
12,55,64,87,96,32
12,96,88,96,88,0
12,64,48,88,72,24
12,80,80,56,56,-24
12,65,64,144,143,79
12,72,112,128,168,56
12,72,88,72,88,0
12,48,88,128,168,80
12,80,88,48,56,-32
12,80,96,40,56,-40
12,96,88,72,64,-24
12,96,80,64,48,-32
13,79,72,103,96,24
13,79,96,95,112,16
13,72,112,40,80,-32
13,88,104,464,480,376
13,74,80,151,157,77
13,128,56,88,16,-40
13,104,97,72,65,-32
13,104,88,72,56,-32
13,88,96,48,56,-40
14,95,79,64,48,-31
14,72,80,48,56,-24
14,80,96,80,96,0
14,72,72,72,72,0
14,71,104,32,65,-39
14,63,55,40,32,-23
14,80,72,112,104,32
14,95,87,56,48,-39
14,112,80,72,40,-40
14,80,72,112,104,32
14,72,80,24,32,-48
14,88,80,48,40,-40
14,88,80,64,56,-24
14,112,128,40,56,-72
14,48,40,64,56,16
14,95,80,72,57,-23
15,79,56,79,56,0
15,80,32,113,65,33
15,72,80,104,112,32
15,72,81,871,880,799
15,80,64,80,64,0
15,96,48,256,208,160
15,80,73,96,89,16
15,80,104,128,152,48
15,88,72,88,72,0
15,71,64,88,81,17
15,104,72,104,72,0
15,40,136,96,192,56
15,88,72,120,104,32
15,88,56,88,56,0
15,73,56,73,56,0
15,88,72,80,64,-8
15,81,47,81,47,0
16,96,112,128,144,32
16,111,120,127,136,16
16,104,136,240,272,136
16,120,112,184,176,64
16,104,104,152,152,48
16,95,136,288,329,193
16,88,80,800,792,712
16,112,120,113,121,1
16,80,119,81,120,1
16,88,128,88,128,0
17,155,176,155,176,0
17,168,144,168,144,0
17,160,152,136,128,-24
17,152,112,152,112,0
17,152,136,168,152,16
17,152,96,128,72,-24
17,144,144,216,216,72
17,184,136,536,488,352
17,152,128,184,160,32
17,112,120,144,152,32
18,128,104,64,40,-64
18,96,120,24,48,-72
18,72,71,352,351,280
18,96,128,48,80,-48
18,72,128,16,72,-56
18,120,95,64,39,-56
18,128,112,48,32,-80
18,112,112,48,48,-64
18,113,97,72,56,-41
18,104,112,48,56,-56
18,128,104,48,24,-80
18,96,96,48,48,-48
18,72,64,136,128,64
18,128,128,48,48,-80
18,104,104,56,56,-48
18,111,119,72,80,-39
18,112,136,48,72,-64
18,112,104,80,72,-32
19,88,72,64,48,-24
19,104,104,104,104,0
19,96,88,64,56,-32
19,80,88,80,88,0
19,89,87,89,87,0
19,72,56,136,120,64
19,64,72,168,176,104
19,80,48,112,80,32
19,88,80,88,80,0
19,72,72,96,96,24
19,72,96,120,144,48
19,88,89,88,89,0
20,83,109,83,109,0
20,72,112,96,136,24
20,88,112,144,168,56
20,80,112,144,176,64
20,105,119,105,119,0
20,80,137,81,138,1
20,80,129,159,208,79
20,71,152,134,215,63
20,72,128,48,104,-24
20,112,88,112,88,0
20,88,80,103,95,15
20,104,120,40,56,-64
20,72,112,152,192,80
20,88,120,88,120,0
20,103,96,96,89,-7
20,80,103,81,104,1
20,56,112,24,80,-32
20,96,104,96,104,0
20,80,119,80,119,0
20,104,136,128,160,24
21,130,120,72,62,-58
21,112,87,87,62,-25
21,104,96,88,80,-16
21,104,72,104,72,0
21,89,128,73,112,-16
21,96,64,96,64,0
21,120,104,96,80,-24
21,104,80,104,80,0
21,88,105,120,137,32
21,96,128,64,96,-32
21,97,79,97,79,0
21,72,96,120,144,48
21,88,80,72,64,-16
21,96,88,96,88,0
21,104,56,88,40,-16
21,88,87,88,87,0
21,90,80,104,94,14
21,96,88,96,88,0
22,88,96,1408,1416,1320
22,88,80,88,80,0
22,88,24,120,56,32
22,95,80,47,32,-48
22,88,88,512,512,424
22,96,88,96,88,0
22,80,104,56,80,-24
22,87,97,71,81,-16
22,64,88,88,112,24
22,56,80,128,152,72
22,72,88,72,88,0
22,128,96,88,56,-40
22,73,64,105,96,32
22,96,96,120,120,24
22,80,72,96,88,16
22,96,88,88,80,-8
22,88,136,40,88,-48
23,96,104,248,256,152
23,64,80,64,80,0
23,88,64,88,64,0
23,80,104,128,152,48
23,80,103,113,136,33
23,88,95,89,96,1
23,72,88,1272,1288,1200
23,40,104,424,488,384
24,128,64,128,64,0
24,136,80,136,80,0
24,119,72,167,120,48
24,120,32,136,48,16
24,120,64,88,32,-32
24,112,56,112,56,0
24,112,32,168,88,56
24,120,56,408,344,288
24,136,88,344,296,208
24,128,103,177,152,49
24,104,80,120,96,16
24,127,112,191,176,64
24,144,104,144,104,0
24,136,104,32,0,-104
24,120,88,152,120,32
24,104,72,128,96,24
24,120,80,176,136,56
25,80,88,80,88,0
26,104,104,56,56,-48
26,144,80,88,24,-56
26,128,104,72,48,-56
26,120,96,80,56,-40
26,104,88,120,104,16
26,120,112,72,64,-48
26,104,64,128,88,24
26,105,95,105,95,0
26,128,152,696,720,568
26,96,72,96,72,0
26,112,128,64,80,-48
26,111,96,79,64,-32
26,136,112,72,48,-64
27,104,112,128,136,24
27,136,120,160,144,24
27,96,128,96,128,0
28,72,72,120,120,48
28,72,64,104,96,32
28,96,48,288,240,192
28,96,40,152,96,56
28,72,55,104,87,32
28,104,119,105,120,1
28,89,79,842,832,753
28,72,72,64,64,-8
28,80,72,112,104,32
28,72,72,232,232,160
28,87,56,87,56,0
28,72,56,72,56,0
28,88,80,88,80,0
29,148,125,112,89,-36
29,136,136,272,272,136
29,136,128,136,128,0
29,136,80,176,120,40
29,152,136,152,136,0
29,152,128,152,128,0
29,160,104,160,104,0
29,160,144,136,120,-24
29,152,72,120,40,-32
29,144,104,144,104,0
29,152,144,152,144,0
29,136,128,136,128,0
29,152,144,120,112,-32
29,168,96,168,96,0
29,160,136,160,136,0
30,81,72,168,159,87
30,64,56,144,136,80
30,72,72,264,264,192
30,97,64,160,127,63
30,88,64,136,112,48
30,80,56,168,144,88
30,104,64,168,128,64
30,72,64,144,136,72
30,88,56,152,120,64
30,64,56,392,384,328
30,72,56,136,120,64
30,79,79,112,112,33
1,120,112,120,112,0
1,72,160,96,184,24
1,112,112,112,112,0
1,108,113,108,113,0
1,136,104,136,104,0
1,112,72,112,72,0
1,89,103,89,103,0
1,120,152,120,152,0
1,96,48,152,104,56
1,120,72,120,72,0
1,112,136,112,136,0
1,96,112,72,88,-24
1,144,120,120,96,-24
1,120,128,144,152,24
1,104,128,176,200,72
1,112,136,152,176,40
1,97,120,97,120,0
1,112,112,136,136,24
1,103,96,127,120,24
2,88,96,176,184,88
2,64,56,80,72,16
2,64,56,104,96,40
2,72,96,672,696,600
2,72,81,120,129,48
2,64,72,328,336,264
2,80,95,161,176,81
2,64,72,88,96,24
2,64,136,192,264,128
2,72,80,112,120,40
2,64,64,96,96,32
2,64,96,320,352,256
2,72,88,96,112,24
2,72,64,104,96,32
3,112,56,112,56,0
3,88,64,88,64,0
3,80,80,136,136,56
3,88,80,88,80,0
3,64,56,104,96,40
3,80,224,96,240,16
3,88,144,64,120,-24
3,81,161,104,184,23
3,72,136,88,152,16
3,88,80,88,80,0
3,88,72,64,48,-24
3,71,88,168,185,97
3,80,80,96,96,16
4,64,80,136,152,72
4,64,64,113,113,49
4,72,80,128,136,56
4,88,80,176,168,88
4,72,72,192,192,120
5,112,144,152,184,40
5,120,128,88,96,-32
5,80,104,168,192,88
5,87,120,191,224,104
5,88,128,88,128,0
5,96,128,216,248,120
5,80,136,168,224,88
5,88,96,56,64,-32
5,112,111,537,536,425
5,104,120,104,120,0
5,113,137,472,496,359
6,56,99,125,168,69
6,88,80,136,128,48
6,88,128,144,184,56
6,95,97,71,73,-24
6,96,112,1632,1648,1536
6,80,128,104,152,24
6,64,96,128,160,64
6,64,112,168,216,104
6,72,49,552,529,480
6,71,103,96,128,25
6,72,120,120,168,48
7,105,142,106,143,1
7,133,168,103,138,-30
7,88,136,112,160,24
7,120,104,88,72,-32
7,120,96,120,96,0
7,120,104,96,80,-24
7,79,176,399,496,320
8,88,96,120,128,32
8,64,96,176,208,112
8,105,104,465,464,360
8,88,144,152,208,64
8,97,89,64,56,-33
8,80,136,120,176,40
8,96,104,72,80,-24
8,88,80,112,104,24
8,80,80,80,80,0
9,56,56,136,136,80
9,64,88,80,104,16
9,88,96,184,192,96
9,64,80,112,128,48
9,48,72,96,120,48
9,56,71,57,72,1
9,88,56,88,56,0
10,152,104,48,0,-104
10,136,128,104,96,-32
10,191,104,192,105,1
10,152,64,152,64,0
10,88,88,96,96,8
11,54,104,166,216,112
11,88,81,112,105,24
11,96,88,136,128,40
11,80,80,144,144,64
12,74,81,96,103,22
12,89,51,109,71,20
12,96,64,96,64,0
12,64,48,96,80,32
12,72,56,88,72,16
12,96,80,112,96,16
12,96,96,112,112,16
12,88,88,88,88,0
12,112,51,341,280,229
13,80,111,80,111,0
13,72,176,176,280,104
13,72,96,104,128,32
13,72,96,103,127,31
13,88,105,120,137,32
13,96,64,112,80,16
13,88,104,136,152,48
13,80,80,128,128,48
13,88,72,88,72,0
13,72,96,112,136,40
13,72,80,80,88,8
13,136,64,136,64,0
13,64,88,112,136,48
13,88,120,48,80,-40
13,72,80,104,112,32
14,80,104,104,128,24
14,56,104,129,177,73
14,63,96,87,120,24
14,64,88,96,120,32
14,64,72,96,104,32
14,88,56,88,56,0
14,80,88,112,120,32
14,55,104,39,88,-16
14,64,72,128,136,64
14,48,56,96,104,48
14,71,64,111,104,40
14,72,152,112,192,40
14,79,112,79,112,0
14,64,96,64,96,0
15,64,80,64,80,0
15,88,96,128,136,40
15,88,104,112,128,24
15,96,72,104,80,8
15,80,80,376,376,296
15,104,95,104,95,0
15,96,104,97,105,1
15,80,104,80,104,0
16,137,87,137,87,0
16,104,88,136,120,32
16,112,96,848,832,736
16,104,96,120,112,16
16,120,120,88,88,-32
16,144,72,96,24,-48
16,88,80,88,80,0
16,88,88,64,64,-24
16,87,72,111,96,24
16,112,112,112,112,0
16,112,88,120,96,8
16,104,88,144,128,40
16,145,87,145,87,0
16,136,88,104,56,-32
16,145,127,145,127,0
16,120,88,120,88,0
16,136,48,136,48,0
17,104,128,104,128,0
17,176,72,128,24,-48
17,176,56,120,0,-56
17,128,168,304,344,176
17,216,152,440,376,224
17,96,160,120,184,24
17,144,112,144,112,0
17,136,144,112,120,-24
17,152,96,296,240,144
17,215,136,399,320,184
17,120,127,105,112,-15
18,83,74,96,87,13
18,81,73,128,120,47
18,88,48,88,48,0
18,80,80,584,584,504
18,64,72,104,112,40
18,80,48,104,72,24
18,64,72,96,104,32
18,80,72,80,72,0
18,88,72,120,104,32
18,72,56,112,96,40
18,72,64,72,64,0
18,80,72,80,72,0
18,90,69,115,94,25
18,72,48,112,88,40
18,40,80,104,144,64
19,64,104,88,128,24
19,96,95,2,1,-94
19,88,80,88,80,0
19,80,56,103,79,23
19,64,80,72,88,8
19,88,72,88,72,0
19,88,88,88,88,0
20,64,95,345,376,281
20,96,79,169,152,73
20,112,88,200,176,88
20,104,144,432,472,328
20,88,128,128,168,40
20,96,88,488,480,392
20,104,79,168,143,64
20,96,81,120,105,24
20,88,80,176,168,88
20,80,104,112,136,32
20,80,80,160,160,80
20,80,80,104,104,24
20,104,96,104,96,0
20,88,88,168,168,80
21,96,120,136,160,40
21,64,72,128,136,64
21,72,99,118,145,46
21,56,97,128,169,72
21,96,64,160,128,64
21,71,104,207,240,136
21,112,88,168,144,56
21,80,80,104,104,24
21,80,113,128,161,48
21,88,88,104,104,16
21,72,88,208,224,136
21,88,88,104,104,16
21,96,88,120,112,24
21,88,104,128,144,40
22,96,88,96,88,0
22,104,80,104,80,0
22,112,80,264,232,152
22,120,56,104,40,-16
22,88,88,88,88,0
22,64,56,88,80,24
22,88,88,120,120,32
22,112,87,113,88,1
22,80,56,80,56,0
22,95,39,96,40,1
22,88,104,136,152,48
22,96,64,96,64,0
22,80,64,128,112,48
22,96,112,96,112,0
22,96,48,104,56,8
23,119,120,87,88,-32
23,88,160,72,144,-16
23,104,144,88,128,-16
23,48,96,80,128,32
23,104,88,104,88,0
23,95,80,71,56,-24
23,72,56,72,56,0
23,72,56,72,56,0
23,88,80,88,80,0
23,64,64,112,112,48
23,112,63,113,64,1
23,176,16,624,464,448
23,103,79,104,80,1
23,104,48,136,80,32
23,104,96,80,72,-24
23,87,48,143,104,56
23,136,64,72,0,-64
23,48,40,240,232,192
24,88,136,88,136,0
24,88,64,200,176,112
24,64,128,64,128,0
24,73,144,169,240,96
24,104,136,72,104,-32
24,96,128,112,144,16
24,88,160,88,160,0
24,79,103,304,328,225
24,88,104,112,128,24
25,87,72,159,144,72
25,64,87,176,199,112
26,64,96,104,136,40
26,88,72,152,136,64
26,64,104,112,152,48
26,48,136,96,184,48
26,92,96,120,124,28
26,89,104,89,104,0
26,80,112,128,160,48
26,72,88,80,96,8
26,88,88,88,88,0
26,79,96,399,416,320
26,63,104,111,152,48
26,80,96,88,104,8
26,80,120,168,208,88
26,104,96,104,96,0
27,96,64,208,176,112
27,95,112,127,144,32
27,112,144,176,208,64
27,112,96,168,152,56
27,136,168,176,208,40
27,104,88,176,160,72
27,88,56,208,176,120
27,128,120,184,176,56
27,129,135,177,183,48
27,136,136,200,200,64
27,152,104,160,112,8
27,112,144,136,168,24
27,112,144,112,144,0
28,72,88,168,184,96
28,72,216,72,216,0
28,76,137,32,93,-44
28,40,96,1144,1200,1104
28,112,56,168,112,56
28,112,72,112,72,0
28,81,88,81,88,0
28,64,72,80,88,16
28,80,95,81,96,1
28,72,96,168,192,96
28,56,96,40,80,-16
29,161,144,280,263,119
29,119,207,120,208,1
29,120,176,120,176,0
29,88,176,168,256,80
29,103,184,191,272,88
29,104,152,168,216,64
29,104,152,136,184,32
29,120,152,208,240,88
29,96,152,192,248,96
29,72,168,136,232,64
29,96,176,120,200,24
30,87,72,2327,2312,2240
30,72,55,281,264,209
30,64,80,272,288,208
30,64,88,176,200,112
30,56,64,200,208,144
30,80,72,168,160,88
30,64,80,240,256,176
1,80,96,200,216,120
1,120,64,136,80,16
1,88,113,144,169,56
1,80,104,128,152,48
1,111,87,112,88,1
1,64,48,144,128,80
1,64,104,96,136,32
1,112,104,256,248,144
1,120,87,89,56,-31
1,120,88,120,88,0
1,120,96,120,96,0
1,136,96,64,24,-72
1,128,96,96,64,-32
1,72,80,120,128,48
1,80,96,200,216,120
1,129,80,144,95,15
1,104,111,168,175,64
1,64,104,120,160,56
2,55,72,144,161,89
2,69,63,153,147,84
2,56,104,128,176,72
2,56,56,128,128,72
2,40,91,109,160,69
2,48,68,116,136,68
2,48,120,136,208,88
2,56,93,114,151,58
2,63,104,143,184,80
2,63,81,103,121,40
2,56,77,108,129,52
2,72,80,176,184,104
2,64,88,544,568,480
2,56,80,128,152,72
2,56,96,223,263,167
2,56,80,184,208,128
2,48,80,136,168,88
2,64,104,240,280,176
2,64,104,208,248,144
2,47,96,143,192,96
2,56,80,112,136,56
2,48,72,112,136,64
2,56,79,112,135,56
2,78,95,168,185,90
2,56,104,136,184,80
2,56,104,280,328,224
2,64,72,136,144,72
2,55,88,120,153,65
2,48,112,104,168,56
2,64,104,168,208,104
2,56,88,112,144,56
2,56,96,104,144,48
2,48,80,96,128,48
2,56,80,112,136,56
2,64,73,144,153,80
2,48,72,112,136,64
3,104,64,104,64,0
3,96,72,96,72,0
3,80,56,112,88,32
3,79,96,80,97,1
3,120,56,120,56,0
3,79,72,111,104,32
3,112,56,136,80,24
3,96,80,136,120,40
3,88,80,120,112,32
3,72,80,168,176,96
3,104,64,88,48,-16
3,64,72,88,96,24
4,96,72,280,256,184
4,64,72,272,280,208
4,64,56,288,280,224
4,72,72,296,296,224
4,72,56,280,264,208
4,64,48,248,232,184
4,64,80,264,280,200
4,72,72,256,256,184
4,72,64,216,208,144
4,80,72,240,232,160
4,72,80,384,392,312
4,72,88,111,127,39
4,88,72,200,184,112
4,90,64,296,270,206
4,72,72,264,264,192
4,64,64,248,248,184
5,120,104,120,104,0
5,112,111,113,112,1
5,112,128,136,152,24
5,113,127,113,127,0
5,120,128,88,96,-32
5,104,112,144,152,40
5,96,128,128,160,32
5,97,144,97,144,0
5,120,120,144,144,24
5,145,161,88,104,-57
5,88,128,152,192,64
5,80,96,120,136,40
5,112,128,152,168,40
5,104,96,72,64,-32
5,128,112,168,152,40
5,144,112,240,208,96
5,104,72,160,128,56
5,112,144,152,184,40
5,120,135,520,535,400
6,64,112,176,224,112
6,64,105,136,177,72
6,72,112,168,208,96
6,80,120,200,240,120
6,81,87,225,231,144
6,79,96,712,729,633
7,136,104,208,176,72
7,88,64,160,136,72
7,136,72,592,528,456
8,81,87,161,167,80
8,80,137,160,217,80
7,88,144,144,200,56
8,40,88,352,400,312
8,80,144,209,273,129
8,72,144,72,144,0
8,104,88,72,56,-32
8,80,79,248,247,168
8,88,95,104,111,16
9,81,72,224,215,143
9,64,64,136,136,72
9,56,72,136,152,80
9,56,80,120,144,64
9,56,81,136,161,80
9,64,64,120,120,56
9,72,72,288,288,216
9,56,64,144,152,88
9,64,88,120,144,56
9,56,64,104,112,48
9,56,72,120,136,64
9,64,80,96,112,32
9,56,72,96,112,40
9,64,80,120,136,56
9,64,72,120,128,56
9,64,80,104,120,40
9,72,88,168,184,96
9,72,73,88,89,16
9,56,56,160,160,104
9,64,112,136,184,72
9,56,73,79,96,23
9,48,80,96,128,48
9,55,80,79,104,24
10,120,104,96,80,-24
10,160,72,136,48,-24
10,160,120,192,152,32
10,112,96,88,72,-24
11,96,80,200,184,104
11,104,72,160,128,56
11,80,56,216,192,136
11,79,40,168,129,89
11,88,24,216,152,128
11,88,57,248,217,160
11,64,88,200,224,136
11,57,64,128,135,71
12,112,80,152,120,40
12,80,59,141,120,61
12,128,81,166,119,38
12,96,71,129,104,33
12,88,60,112,84,24
12,89,48,128,87,39
12,72,64,96,88,24
12,96,72,121,97,25
12,98,62,98,62,0
12,94,56,94,56,0
12,72,72,72,72,0
12,120,64,120,64,0
12,64,104,96,136,32
12,96,72,96,72,0
12,105,95,105,95,0
12,80,72,272,264,192
12,88,56,88,56,0
13,80,120,136,176,56
13,112,88,248,224,136
13,112,104,152,144,40
13,64,96,120,152,56
13,96,88,136,128,40
13,105,47,105,47,0
13,88,72,136,120,48
13,80,112,144,176,64
13,80,95,80,95,0
13,95,112,127,144,32
13,56,96,112,152,56
13,80,80,80,80,0
13,96,96,192,192,96
13,136,72,360,296,224
13,71,87,48,64,-23
13,72,96,112,136,40
14,72,97,144,169,72
14,104,80,104,80,0
14,80,72,40,32,-40
14,82,88,136,142,54
14,96,80,152,136,56
14,71,113,119,161,48
14,72,128,80,136,8
14,88,88,88,88,0
14,72,55,73,56,1
14,64,56,144,136,80
15,96,80,112,96,16
15,96,64,128,96,32
15,96,88,96,88,0
15,119,88,71,40,-48
15,112,96,200,184,88
15,80,64,144,128,64
15,136,88,160,112,24
15,88,104,112,128,24
15,136,128,168,160,32
15,112,88,64,40,-48
16,128,79,201,152,73
16,112,104,128,120,16
16,88,104,144,160,56
16,112,112,144,144,32
16,105,88,169,152,64
16,128,96,168,136,40
16,56,88,112,144,56
16,104,120,144,160,40
16,104,104,120,120,16
16,80,104,144,168,64
16,96,56,176,136,80
16,96,96,136,136,40
16,88,112,120,144,32
17,152,160,232,240,80
17,111,168,135,192,24
17,160,128,160,128,0
17,160,160,160,160,0
17,184,120,152,88,-32
17,144,144,168,168,24
17,104,152,136,184,32
17,112,152,136,176,24
17,176,112,177,113,1
17,208,104,257,153,49
17,168,103,169,104,1
17,112,128,192,208,80
18,73,64,192,183,119
18,72,99,245,272,173
18,72,128,216,272,144
18,96,88,152,144,56
18,72,79,169,176,97
18,144,120,104,80,-40
18,73,56,184,167,111
18,88,80,160,152,72
18,72,81,200,209,128
18,176,96,112,32,-64
18,128,129,96,97,-32
18,160,159,80,79,-80
18,64,104,176,216,112
18,95,104,215,224,120
18,128,112,208,192,80
18,56,40,192,176,136
18,88,112,208,232,120
18,96,96,176,176,80
18,128,120,96,88,-32
18,112,120,168,176,56
18,80,112,184,216,104
18,152,128,128,104,-24
19,88,104,160,176,72
19,88,97,128,137,40
19,88,88,64,64,-24
19,88,104,88,104,0
19,112,96,112,96,0
20,72,71,177,176,105
20,88,95,353,360,265
20,96,64,136,104,40
20,88,96,176,184,88
20,120,120,144,144,24
20,97,64,280,247,183
20,104,81,160,137,56
20,112,112,152,152,40
20,80,104,216,240,136
20,96,96,136,136,40
20,88,104,136,152,48
20,72,80,184,192,112
20,88,88,304,304,216
20,96,87,161,152,65
20,112,96,128,112,16
20,104,96,152,144,48
20,104,72,176,144,72
21,88,116,244,272,156
21,137,79,137,79,0
21,64,96,631,663,567
21,80,106,150,176,70
21,96,72,136,112,40
21,80,103,120,143,40
21,64,112,176,224,112
21,80,104,96,120,16
21,88,112,312,336,224
21,88,80,168,160,80
21,80,88,191,199,111
21,80,104,536,560,456
21,127,95,208,176,81
21,96,104,144,152,48
21,112,80,216,184,104
21,88,112,160,184,72
21,104,96,135,127,31
21,79,96,199,216,120
21,104,111,105,112,1
22,96,104,96,104,0
22,112,72,112,72,0
22,104,72,80,48,-24
22,80,72,48,40,-32
22,72,55,73,56,1
22,71,80,87,96,16
22,120,96,120,96,0
22,56,80,128,152,72
22,112,72,88,48,-24
22,72,72,72,72,0
22,48,80,72,104,24
22,64,56,32,24,-32
22,72,72,104,104,32
22,64,89,88,113,24
22,113,71,113,71,0
22,56,64,192,200,136
22,88,64,128,104,40
22,120,96,56,32,-64
22,88,55,89,56,1
22,56,64,96,104,40
22,88,88,88,88,0
22,104,88,72,56,-32
23,104,56,440,392,336
23,104,136,216,248,112
23,72,40,136,104,64
23,104,72,144,112,40
23,87,56,111,80,24
23,88,72,72,56,-16
23,136,56,1209,1129,1073
23,72,63,161,152,89
23,136,72,112,48,-24
23,112,64,136,88,24
23,88,72,104,88,16
23,80,105,80,105,0
23,119,87,160,128,41
23,79,48,128,97,49
23,95,32,159,96,64
23,169,57,336,224,167
23,96,72,128,104,32
23,152,95,481,424,329
23,72,48,104,80,32
24,72,112,224,264,152
24,88,112,88,112,0
24,71,89,95,113,24
24,69,137,142,210,73
24,88,96,192,200,104
24,71,104,159,192,88
24,112,128,176,192,64
24,72,184,296,408,224
24,80,103,97,120,17
24,56,136,96,176,40
25,56,72,152,168,96
25,88,64,152,128,64
26,72,56,168,152,96
26,72,128,72,128,0
26,64,88,112,136,48
26,80,96,32,48,-48
26,104,96,104,96,0
26,96,128,96,128,0
26,80,129,104,153,24
26,96,120,151,175,55
26,72,128,40,96,-32
26,88,96,552,560,464
26,80,136,104,160,24
26,72,112,72,112,0
26,96,144,120,168,24
26,88,80,40,32,-48
27,80,104,336,360,256
27,88,89,416,417,328
27,160,104,288,232,128
27,136,104,216,184,80
27,144,96,240,192,96
27,168,120,224,176,56
27,136,112,296,272,160
27,136,104,472,440,336
27,192,112,617,537,425
27,104,112,200,208,96
27,104,96,256,248,152
27,145,80,184,119,39
27,113,96,224,207,111
27,120,120,200,200,80
27,135,144,159,168,24
27,144,128,240,224,96
27,136,96,280,240,144
27,136,112,1432,1408,1296
27,104,104,224,224,120
27,143,129,199,185,56
27,111,95,320,304,209
27,128,72,208,152,80
27,121,103,177,159,56
27,128,104,840,816,712
27,128,120,176,168,48
27,136,96,512,472,376
27,151,112,223,184,72
27,112,88,176,152,64
27,120,112,192,184,72
27,112,96,360,344,248
27,128,104,800,776,672
27,128,72,344,288,216
27,112,112,184,184,72
27,144,153,264,273,120
28,62,120,182,240,120
28,80,80,128,128,48
28,80,96,112,128,32
28,56,140,120,204,64
28,65,96,377,408,312
28,72,96,160,184,88
28,73,91,120,138,47
28,45,111,94,160,49
28,89,113,248,272,159
28,56,128,128,200,72
28,44,96,140,192,96
28,72,64,568,560,496
28,64,88,847,871,783
28,64,112,112,160,48
28,72,136,160,224,88
28,57,144,112,199,55
28,64,96,80,112,16
28,80,88,80,88,0
28,72,119,160,207,88
28,72,64,72,64,0
29,136,96,304,264,168
29,111,136,160,185,49
29,119,144,390,415,271
29,120,152,168,200,48
29,118,136,158,176,40
29,128,144,184,200,56
29,109,159,121,171,12
29,120,144,200,224,80
29,160,152,280,272,120
29,124,143,160,179,36
29,112,136,208,232,96
29,96,129,496,529,400
29,136,152,216,232,80
29,136,112,264,240,128
29,112,168,192,248,80
29,64,152,880,968,816
29,88,128,88,128,0
29,128,168,208,248,80
29,112,152,720,760,608
29,136,160,296,320,160
29,103,168,263,328,160
29,96,160,144,208,48
29,104,143,457,496,353
29,80,168,120,208,40
30,80,80,240,240,160
30,95,64,319,288,224
30,72,64,336,328,264
30,64,56,264,256,200
30,81,72,240,231,159
30,80,64,256,240,176
30,79,72,263,256,184
1,96,136,96,136,0
1,139,103,89,53,-50
1,119,80,87,48,-32
1,120,113,88,81,-32
1,112,97,112,97,0
1,88,112,112,136,24
1,112,88,72,48,-40
1,128,72,112,56,-16
1,104,80,80,56,-24
2,48,89,152,193,104
2,50,100,182,232,132
2,88,112,1176,1200,1088
2,88,104,136,152,48
2,72,104,856,888,784
2,64,104,760,800,696
2,104,104,808,808,704
2,64,96,744,776,680
2,51,64,112,125,61
2,56,112,160,216,104
2,56,136,192,272,136
2,56,96,168,208,112
2,72,113,192,233,120
2,63,88,1039,1064,976
3,104,104,128,128,24
3,96,128,40,72,-56
3,80,104,80,104,0
3,96,136,56,96,-40
3,88,112,72,96,-16
3,121,87,121,87,0
3,96,120,608,632,512
4,72,72,96,96,24
4,72,72,240,240,168
4,88,64,168,144,80
4,64,72,160,168,96
4,80,88,168,176,88
4,71,95,72,96,1
5,104,152,232,280,128
5,104,144,248,288,144
5,112,128,112,128,0
5,128,136,128,136,0
5,96,120,120,144,24
5,128,136,152,160,24
5,104,136,80,112,-24
6,73,114,134,175,61
6,62,98,150,186,88
6,62,120,174,232,112
6,48,112,432,496,384
6,55,112,127,184,72
6,64,112,104,152,40
6,56,112,160,216,104
6,72,119,145,192,73
6,56,128,96,168,40
7,96,152,584,640,488
7,89,128,225,264,136
7,72,168,208,304,136
8,104,160,152,208,48
8,104,151,105,152,1
9,48,72,161,185,113
9,64,72,536,544,472
9,64,72,160,168,96
9,64,88,280,304,216
9,48,72,80,104,32
9,80,72,80,72,0
9,48,64,96,112,48
10,120,152,144,176,24
10,128,104,160,136,32
10,161,128,393,360,232
10,144,112,105,73,-39
10,80,104,80,104,0
10,104,112,88,96,-16
10,152,120,128,96,-24
10,160,151,161,152,1
10,120,120,80,80,-40
10,104,88,112,96,8
10,128,135,129,136,1
10,128,120,96,88,-32
11,111,80,143,112,32
11,113,73,40,0,-73
11,112,64,128,80,16
11,112,80,112,80,0
11,88,121,152,185,64
11,81,64,145,128,64
11,63,104,295,336,232
11,89,80,137,128,48
12,102,104,150,152,48
12,72,72,136,136,64
12,88,64,120,96,32
12,80,80,104,104,24
12,80,81,111,112,31
12,72,96,48,72,-24
12,64,80,424,440,360
12,80,72,104,96,24
12,103,71,104,72,1
12,72,72,96,96,24
12,88,96,104,112,16
12,80,80,80,80,0
12,88,88,144,144,56
12,64,80,144,160,80
12,87,81,135,129,48
12,88,104,88,104,0
13,88,104,280,296,192
13,64,120,80,136,16
13,80,103,120,143,40
13,64,96,88,120,24
13,80,56,112,88,32
13,104,104,72,72,-32
13,112,79,129,96,17
14,88,160,112,184,24
14,88,88,112,112,24
14,88,81,88,81,0
14,80,72,96,88,16
14,64,64,152,152,88
14,72,64,104,96,32
14,71,96,111,136,40
14,65,87,65,87,0
14,96,80,96,80,0
14,80,87,128,135,48
14,80,64,120,104,40
14,88,72,112,96,24
14,72,64,72,64,0
15,144,104,168,128,24
15,136,64,136,64,0
15,136,88,136,88,0
15,112,96,64,48,-48
15,104,120,64,80,-40
15,120,71,121,72,1
15,104,120,128,144,24
15,88,56,144,112,56
15,104,104,104,104,0
15,88,80,48,40,-40
15,72,88,144,160,72
16,136,64,136,64,0
16,88,104,112,128,24
16,128,96,128,96,0
16,144,104,168,128,24
16,136,104,192,160,56
16,128,112,456,440,328
16,104,114,128,138,24
16,96,64,152,120,56
16,96,80,128,112,32
16,120,112,160,152,40
16,120,80,88,48,-32
16,112,112,96,96,-16
16,80,80,104,104,24
16,136,104,112,80,-24
16,104,96,128,120,24
16,72,72,384,384,312
16,127,103,240,216,113
16,72,111,96,135,24
16,97,128,225,256,128
16,144,113,160,129,16
17,95,63,96,64,1
18,80,64,80,64,0
18,69,63,72,66,3
18,88,64,96,72,8
18,96,72,96,72,0
18,64,64,80,80,16
18,72,88,193,209,121
18,72,72,104,104,32
18,80,80,80,80,0
18,88,88,216,216,128
18,72,40,96,64,24
18,88,96,88,96,0
18,88,112,152,176,64
18,96,110,120,134,24
18,64,64,64,64,0
18,72,72,104,104,32
18,72,80,48,56,-24
18,64,64,64,64,0
18,71,80,95,104,24
19,103,72,104,73,1
19,94,56,134,96,40
19,104,64,120,80,16
19,112,64,112,64,0
19,104,56,104,56,0
19,88,56,96,64,8
19,96,56,96,56,0
19,88,96,88,96,0
20,82,96,162,176,80
20,104,112,136,144,32
20,96,80,144,128,48
20,104,88,176,160,72
20,96,64,112,80,16
20,104,104,104,104,0
20,64,112,280,328,216
20,120,73,184,137,64
20,104,112,120,128,16
20,113,71,113,71,0
20,96,112,152,168,56
20,80,112,80,112,0
20,80,120,264,304,184
21,96,120,192,216,96
21,104,104,136,136,32
21,80,112,120,152,40
21,72,104,88,120,16
21,103,113,103,113,0
21,79,112,111,144,32
21,104,88,144,128,40
21,56,96,104,144,48
21,72,80,48,56,-24
21,104,48,104,48,0
21,87,112,127,152,40
21,104,96,104,96,0
22,96,64,96,64,0
22,136,96,136,96,0
22,88,80,88,80,0
22,64,88,112,136,48
22,88,104,64,80,-24
22,72,167,73,168,1
22,104,80,104,80,0
22,80,88,112,120,32
22,88,80,64,56,-24
22,96,87,97,88,1
22,80,72,104,96,24
22,80,160,80,160,0
22,96,96,64,64,-32
22,95,104,63,72,-32
22,112,128,168,184,56
22,72,96,56,80,-16
23,88,64,384,360,296
23,119,104,520,505,401
23,120,63,121,64,1
23,104,112,144,152,40
23,112,88,40,16,-72
23,104,96,144,136,40
23,96,88,464,456,368
23,144,88,104,48,-40
23,96,136,112,152,16
23,96,88,176,168,80
23,88,128,112,152,24
23,80,72,272,264,192
23,72,152,120,200,48
23,120,120,48,48,-72
23,88,112,40,64,-48
23,104,136,32,64,-72
23,144,48,280,184,136
23,120,88,144,112,24
23,136,88,112,64,-24
24,64,104,104,144,40
24,64,96,88,120,24
24,64,120,64,120,0
24,64,152,304,392,240
25,96,128,96,128,0
26,89,104,64,79,-25
26,64,96,96,128,32
26,104,112,104,112,0
26,96,64,128,96,32
26,87,104,119,136,32
26,104,96,88,80,-16
26,89,87,113,111,24
26,96,128,96,128,0
26,96,72,128,104,32
26,81,87,81,87,0
26,96,95,80,79,-16
26,64,105,96,137,32
26,72,104,144,176,72
26,64,112,80,128,16
26,72,104,96,128,24
26,88,62,138,112,50
26,120,96,120,96,0
26,112,72,136,96,24
26,72,96,72,96,0
26,72,80,128,136,56
27,160,40,288,168,128
27,152,160,648,656,496
27,80,72,168,160,88
27,96,72,128,104,32
27,88,120,192,224,104
27,104,128,200,224,96
27,96,152,152,208,56
27,104,120,72,88,-32
28,64,120,288,344,224
28,64,55,97,88,33
28,72,76,244,248,172
28,72,88,312,328,240
28,56,152,72,168,16
28,65,120,65,120,0
28,64,144,32,112,-32
28,56,111,96,151,40
28,56,112,56,112,0
28,72,79,73,80,1
28,80,128,80,128,0
28,71,95,80,104,9
28,64,64,439,439,375
29,120,112,200,192,80
29,152,184,152,184,0
29,112,152,128,168,16
29,72,160,192,280,120
29,96,168,96,168,0
29,104,184,472,552,368
29,120,144,128,152,8
29,104,144,136,176,32
29,104,152,104,152,0
30,64,97,96,129,32
30,56,32,152,128,96
30,61,80,109,128,48
30,64,72,96,104,32
30,64,80,88,104,24
30,72,72,128,128,56
30,64,96,160,192,96
30,56,64,96,104,40
30,56,104,104,152,48
30,64,80,112,128,48
30,48,88,144,184,96
30,64,97,112,145,48
1,152,120,80,48,-72
1,135,139,71,75,-64
1,136,112,88,64,-48
1,136,119,65,48,-71
1,112,97,97,82,-15
1,112,120,56,64,-56
1,128,135,129,136,1
1,120,104,96,80,-24
1,128,120,48,40,-80
1,136,80,72,16,-64
1,96,104,168,176,72
1,97,72,185,160,88
1,97,112,120,135,23
1,96,96,136,136,40
1,95,71,96,72,1
1,48,88,24,64,-24
1,112,135,57,80,-55
1,103,64,71,32,-32
1,96,112,40,56,-56
2,56,48,128,120,72
2,40,60,120,140,80
2,56,64,464,472,408
2,48,87,144,183,96
2,57,48,128,119,71
2,48,48,128,128,80
2,56,37,139,120,83
2,40,56,104,120,64
3,88,96,48,56,-40
3,72,136,72,136,0
3,72,136,72,136,0
3,120,80,88,48,-32
3,112,121,64,73,-48
3,96,88,72,64,-24
4,72,72,200,200,128
4,72,56,208,192,136
4,56,64,200,208,144
5,128,144,128,144,0
5,128,160,128,160,0
5,96,136,136,176,40
5,120,104,184,168,64
5,64,144,112,192,48
5,128,96,192,160,64
5,144,95,145,96,1
6,128,88,128,88,0
6,72,72,176,176,104
7,128,56,88,16,-40
7,121,112,48,39,-73
7,200,119,105,24,-95
8,136,112,240,216,104
8,64,104,40,80,-24
8,104,136,104,136,0
8,71,80,239,248,168
8,88,153,104,169,16
8,104,79,105,80,1
8,104,96,447,439,343
8,96,96,96,96,0
9,72,64,168,160,96
9,56,104,160,208,104
10,135,112,167,144,32
10,169,144,112,87,-57
10,183,287,344,448,161
10,159,191,120,152,-39
10,160,160,136,136,-24
11,119,113,79,73,-40
11,104,144,104,144,0
11,128,72,128,72,0
12,107,93,108,94,1
12,40,88,96,144,56
12,80,72,120,112,40
12,112,72,112,72,0
12,88,120,72,104,-16
12,96,88,96,88,0
12,96,128,136,168,40
12,104,88,88,72,-16
13,128,88,40,0,-88
13,120,88,64,32,-56
13,88,96,120,128,32
13,104,48,56,0,-48
13,64,97,168,201,104
13,120,64,80,24,-40
13,96,72,64,40,-32
13,120,112,40,32,-80
14,105,88,80,63,-25
14,80,80,112,112,32
14,88,72,88,72,0
14,96,55,96,55,0
14,103,88,103,88,0
14,80,56,80,56,0
14,80,88,80,88,0
14,88,88,88,88,0
14,103,119,104,120,1
14,104,80,88,64,-16
14,64,65,199,200,135
15,80,111,80,111,0
15,144,160,208,224,64
15,104,72,208,176,104
15,104,144,72,112,-32
15,105,159,105,159,0
15,120,136,121,137,1
15,72,112,608,648,536
15,128,136,104,112,-24
15,112,112,72,72,-40
15,88,104,88,104,0
15,80,112,200,232,120
15,120,120,104,104,-16
15,96,96,152,152,56
15,90,113,63,86,-27
15,72,104,152,184,80
15,104,88,104,88,0
15,112,119,192,199,80
16,135,136,79,80,-56
16,103,200,79,176,-24
16,96,192,72,168,-24
16,80,120,248,288,168
16,136,120,88,72,-48
16,111,127,72,88,-39
16,119,119,80,80,-39
16,135,97,119,81,-16
17,184,184,128,128,-56
18,80,69,168,157,88
18,104,88,48,32,-56
18,95,96,40,41,-55
18,80,104,208,232,128
18,88,72,328,312,240
18,80,80,216,216,136
18,64,64,176,176,112
18,88,88,216,216,128
18,64,72,136,144,72
18,72,64,160,152,88
18,152,128,72,48,-80
19,112,40,88,16,-24
19,88,131,88,131,0
19,103,103,48,48,-55
19,96,104,112,120,16
19,104,104,88,88,-16
19,80,112,56,88,-24
19,88,104,56,72,-32
19,87,88,55,56,-32
19,113,88,64,39,-49
19,80,96,56,72,-24
19,88,87,89,88,1
19,112,112,80,80,-32
19,72,112,120,160,48
19,88,104,152,168,64
20,79,72,207,200,128
20,120,82,110,72,-10
20,101,88,61,48,-40
20,152,104,120,72,-32
20,104,81,224,201,120
20,120,112,248,240,128
20,128,104,88,64,-40
20,128,96,96,64,-32
20,136,80,104,48,-32
20,104,120,72,88,-32
21,109,104,60,55,-49
21,120,80,96,56,-24
21,120,103,81,64,-39
21,136,112,88,64,-48
21,118,83,92,57,-26
21,88,104,56,72,-32
21,104,112,80,88,-24
21,88,160,72,144,-16
21,128,112,80,64,-48
21,128,104,88,64,-40
21,112,88,112,88,0
21,144,104,112,72,-32
21,128,104,96,72,-32
22,88,96,64,72,-24
22,64,97,79,112,15
22,56,112,40,96,-16
22,96,136,56,96,-40
22,72,128,72,128,0
22,64,88,112,136,48
22,112,88,72,48,-40
22,64,136,64,136,0
22,128,88,64,24,-64
22,80,136,80,136,0
22,24,40,72,88,48
22,88,96,1048,1056,960
22,120,88,56,24,-64
22,80,112,80,112,0
22,128,96,88,56,-40
22,103,96,63,56,-40
22,96,72,96,72,0
23,96,152,96,152,0
23,136,240,136,240,0
23,144,120,80,56,-64
23,88,112,56,80,-32
23,112,104,88,80,-24
23,80,96,144,160,64
23,128,120,80,72,-48
23,112,144,72,104,-40
23,144,104,112,72,-32
23,120,136,72,88,-48
24,48,64,152,168,104
24,80,80,136,136,56
24,72,88,152,168,80
25,80,96,136,152,56
26,96,56,416,376,320
26,96,88,56,48,-40
26,119,104,79,64,-40
26,96,96,72,72,-24
26,96,80,64,48,-32
26,120,96,80,56,-40
26,88,80,64,56,-24
26,112,120,88,96,-24
26,96,136,231,271,135
26,96,144,96,144,0
26,104,136,64,96,-40
27,88,128,88,128,0
27,88,161,64,137,-24
27,112,152,88,128,-24
27,72,152,56,136,-16
27,64,144,40,120,-24
27,104,137,80,113,-24
27,64,80,256,272,192
27,152,104,120,72,-32
28,64,88,48,72,-16
28,96,88,72,64,-24
29,112,96,144,128,32
29,96,93,171,168,75
29,105,96,208,199,103
29,87,160,191,264,104
29,104,88,192,176,88
29,136,88,88,40,-48
30,80,64,192,176,112
30,96,56,216,176,120
30,72,64,184,176,112
30,64,72,176,184,112
30,64,72,176,184,112
30,64,64,192,192,128
30,64,56,200,192,136
30,88,56,208,176,120
30,88,56,216,184,128
30,72,48,184,160,112
30,72,64,208,200,136
30,64,72,208,216,144
1,96,120,192,216,96
1,136,112,88,64,-48
1,88,64,160,136,72
1,120,39,257,176,137
1,111,88,63,40,-48
1,103,120,56,73,-47
2,72,80,176,184,104
2,63,72,199,208,136
2,64,72,200,208,136
2,88,29,227,168,139
2,72,56,192,176,120
2,64,104,184,224,120
2,96,128,200,232,104
2,105,64,224,183,119
2,120,97,328,305,208
2,112,80,256,224,144
2,80,96,208,224,128
2,96,80,224,208,128
2,96,104,216,224,120
2,72,96,200,224,128
2,80,112,208,240,128
2,80,56,224,200,144
2,96,56,224,184,128
2,88,88,280,280,192
2,80,80,192,192,112
2,64,104,192,232,128
2,72,104,200,232,128
2,96,48,232,184,136
2,64,64,208,208,144
2,104,120,224,240,120
2,88,104,208,224,120
2,80,96,200,216,120
2,104,88,256,240,152
2,72,104,216,248,144
2,80,80,216,216,136
2,88,64,216,192,128
2,104,128,496,520,392
3,128,80,72,24,-56
3,128,112,88,72,-40
3,159,103,96,40,-63
3,136,120,72,56,-64
3,176,144,72,40,-104
3,168,120,80,32,-88
3,160,103,81,24,-79
3,97,40,344,287,247
3,120,175,97,152,-23
4,56,72,184,200,128
4,79,72,207,200,128
4,64,72,192,200,128
4,56,40,240,224,184
4,64,64,192,192,128
4,64,72,176,184,112
4,72,80,199,207,127
4,71,88,207,224,136
4,24,71,153,200,129
4,64,40,216,192,152
5,136,176,216,256,80
5,80,168,192,280,112
5,128,161,336,369,208
5,120,56,215,151,95
5,96,56,208,168,112
5,128,128,208,208,80
5,113,136,264,287,151
5,88,145,192,249,104
5,128,176,224,272,96
5,128,137,336,345,208
5,120,120,208,208,88
5,134,135,334,335,200
5,72,96,248,272,176
6,67,88,211,232,144
6,88,114,233,259,145
6,48,72,184,208,136
6,65,111,241,287,176
7,144,104,320,280,176
7,79,112,151,184,72
7,192,216,745,769,553
7,96,176,192,272,96
8,160,224,136,200,-24
8,120,103,265,248,145
8,88,137,72,121,-16
9,88,32,184,128,96
9,72,64,200,192,128
9,72,80,184,192,112
9,72,48,200,176,128
9,119,64,255,200,136
9,48,72,152,176,104
9,56,48,160,152,104
9,64,80,176,192,112
9,64,80,184,200,120
9,64,56,200,192,136
9,88,48,200,160,112
9,88,64,232,208,144
9,72,72,192,192,120
9,72,72,736,736,664
9,88,88,328,328,240
9,64,87,185,208,121
9,72,72,264,264,192
10,91,56,507,472,416
10,79,120,215,256,136
10,96,160,248,312,152
10,104,160,168,224,64
11,80,64,200,184,120
11,64,88,200,224,136
11,80,40,272,232,192
11,72,72,200,200,128
11,96,80,232,216,136
11,64,80,176,192,112
11,56,64,224,232,168
12,80,64,160,144,80
12,70,88,150,168,80
12,66,71,168,173,102
12,63,60,160,157,97
12,56,40,152,136,96
12,72,71,209,208,137
12,96,56,760,720,664
12,88,56,192,160,104
12,104,56,184,136,80
12,96,48,200,152,104
12,88,80,184,176,96
12,64,80,144,160,80
13,112,128,64,80,-48
13,104,64,192,152,88
13,71,88,167,184,96
13,72,96,160,184,88
13,96,120,176,200,80
13,96,136,200,240,104
14,72,88,160,176,88
14,80,56,184,160,104
14,72,64,376,368,304
14,72,96,168,192,96
15,56,56,176,176,120
16,72,104,200,232,128
16,96,88,392,384,296
16,144,160,144,160,0
16,72,64,184,176,112
16,71,40,183,152,112
16,48,88,336,376,288
16,104,120,240,256,136
16,64,136,272,344,208
16,72,56,176,160,104
16,58,80,168,190,110
17,152,88,296,232,144
17,72,104,184,216,112
17,104,144,200,240,96
17,136,184,184,232,48
17,120,96,336,312,216
17,72,103,417,448,345
17,136,128,192,184,56
18,103,56,215,168,112
18,64,48,184,168,120
18,64,88,176,200,112
18,72,48,384,360,312
18,72,88,184,200,112
18,56,56,176,176,120
19,112,79,56,23,-56
19,63,32,159,128,96
19,96,95,1,0,-95
19,72,72,168,168,96
19,56,56,160,160,104
19,79,48,192,161,113
20,152,112,128,88,-24
20,176,168,176,168,0
20,144,104,112,72,-32
21,64,80,208,224,144
21,96,103,249,256,153
21,96,139,192,235,96
21,103,137,215,249,112
21,64,96,208,240,144
21,71,96,191,216,120
21,80,120,160,200,80
21,65,72,144,151,79
21,64,120,201,257,137
21,80,121,160,201,80
21,80,112,208,240,128
21,71,103,256,288,185
21,80,144,200,264,120
21,80,96,184,200,104
22,112,88,64,40,-48
22,80,64,184,168,104
22,112,71,112,71,0
22,117,104,93,80,-24
22,127,120,87,80,-40
22,104,128,80,104,-24
22,127,144,16,33,-111
22,79,151,80,152,1
22,152,112,88,48,-64
23,88,112,168,192,80
23,104,88,168,152,64
23,80,64,216,200,136
23,80,72,200,192,120
23,64,80,193,209,129
23,72,48,168,144,96
23,64,80,176,192,112
23,88,64,208,184,120
23,72,88,192,208,120
23,112,128,240,256,128
23,80,120,176,216,96
23,216,103,216,103,0
23,137,96,745,704,608
23,112,158,394,440,282
23,104,168,232,296,128
23,48,64,336,352,288
23,128,136,256,264,128
24,88,128,176,216,88
24,96,144,296,344,200
24,80,137,184,241,104
24,80,135,185,240,105
24,96,104,264,272,168
24,96,80,232,216,136
25,88,80,264,256,176
25,97,80,272,255,175
25,88,96,200,208,112
25,88,88,272,272,184
25,120,88,272,240,152
25,89,73,216,200,127
26,88,128,296,336,208
26,96,199,225,328,129
26,88,64,208,184,120
26,87,136,383,432,296
26,96,232,217,353,121
26,120,96,264,240,144
26,81,232,201,352,120
26,136,88,336,288,200
26,128,112,288,272,160
26,88,80,184,176,96
26,104,64,240,200,136
26,96,104,224,232,128
26,105,120,232,247,127
27,112,80,224,192,112
27,80,88,184,192,104
27,71,119,304,352,233
27,72,73,472,473,400
27,88,56,264,232,176
27,72,88,192,208,120
27,96,88,336,328,240
27,96,104,208,216,112
27,80,112,200,232,120
27,73,88,224,239,151
27,40,32,600,592,560
27,80,120,184,224,104
27,96,72,216,192,120
27,80,32,232,184,152
27,144,112,296,264,152
27,88,72,200,184,112
27,104,88,224,208,120
27,79,80,151,152,72
27,80,127,329,376,249
27,97,144,209,256,112
27,105,119,192,206,87
28,58,91,141,174,83
28,68,120,132,184,64
28,80,63,280,263,200
28,72,72,384,384,312
28,72,73,232,233,160
28,56,80,152,176,96
28,80,72,280,272,200
28,88,72,344,328,256
28,64,56,225,217,161
28,64,72,144,152,80
29,120,160,192,232,72
29,104,121,224,241,120
29,119,144,223,248,104
29,136,75,253,192,117
29,128,72,272,216,144
29,120,200,288,368,168
29,120,56,264,200,144
29,136,151,256,271,120
29,128,136,248,256,120
29,136,168,272,304,136
29,104,72,232,200,128
29,96,128,256,288,160
29,121,144,185,208,64
29,128,40,472,384,344
30,64,56,416,408,352
30,64,64,192,192,128
30,64,56,264,256,200
1,32,64,80,112,48
1,128,120,128,120,0
1,72,112,48,88,-24
1,120,88,120,88,0
1,88,137,48,97,-40
1,96,120,72,96,-24
1,120,104,120,104,0
1,120,120,120,120,0
1,136,72,96,32,-40
1,190,120,166,96,-24
1,160,136,136,112,-24
1,112,119,73,80,-39
1,136,72,120,56,-16
1,103,80,71,48,-32
1,96,112,136,152,40
1,145,96,80,31,-65
1,144,112,64,32,-80
1,103,128,71,96,-32
1,127,128,112,113,-15
1,128,120,88,80,-40
1,128,88,144,104,16
1,168,120,120,72,-48
2,56,64,152,160,96
2,64,72,120,128,56
2,66,64,130,128,64
2,80,80,144,144,64
2,62,64,134,136,72
2,72,80,120,128,48
2,64,64,160,160,96
2,64,88,176,200,112
2,56,88,200,232,144
2,72,72,104,104,32
2,96,88,96,88,0
2,64,72,352,360,288
2,72,104,216,248,144
2,64,64,136,136,72
2,80,72,104,96,24
2,80,72,136,128,56
2,55,72,487,504,432
2,80,80,176,176,96
2,56,72,144,160,88
2,64,56,176,168,112
2,64,56,224,216,160
3,152,88,112,48,-40
3,136,57,80,1,-56
3,160,64,120,24,-40
3,112,80,88,56,-24
3,112,72,80,40,-32
3,120,72,120,72,0
3,112,49,112,49,0
3,160,72,88,0,-72
3,140,48,124,32,-16
3,112,56,112,56,0
3,121,64,329,272,208
4,64,72,128,136,64
4,64,72,112,120,48
4,72,64,128,120,56
4,72,72,168,168,96
4,65,64,161,160,96
4,72,72,128,128,56
4,64,80,169,185,105
4,72,80,136,144,64
4,71,80,351,360,280
4,64,80,112,128,48
4,64,72,264,272,200
4,64,64,128,128,64
5,144,120,144,120,0
5,103,95,104,96,1
5,87,112,56,81,-31
5,120,80,88,48,-32
5,112,89,248,225,136
5,104,104,128,128,24
5,120,136,144,160,24
5,96,119,57,80,-39
5,120,151,121,152,1
5,88,104,184,200,96
5,112,136,72,96,-40
7,88,63,89,64,1
7,88,120,112,144,24
7,80,96,80,96,0
7,96,112,32,48,-64
7,152,136,112,96,-40
7,112,128,64,80,-48
7,88,96,72,80,-16
8,88,64,120,96,32
8,80,88,112,120,32
8,88,64,176,152,88
7,112,72,280,240,168
8,96,88,96,88,0
8,104,80,128,104,24
8,104,72,104,72,0
8,88,104,112,128,24
8,88,72,120,104,32
8,80,112,56,88,-24
8,112,72,144,104,32
8,72,80,56,64,-16
8,88,72,88,72,0
8,80,104,104,128,24
8,48,72,1568,1592,1520
8,96,88,96,88,0
8,97,64,121,88,24
8,88,80,64,56,-24
8,80,72,56,48,-24
8,80,72,128,120,48
9,88,72,136,120,48
9,80,89,104,113,24
9,88,64,152,128,64
9,80,80,96,96,16
9,80,56,104,80,24
9,72,72,120,120,48
9,88,71,89,72,1
9,88,64,88,64,0
9,80,104,184,208,104
9,88,72,192,176,104
10,112,80,112,80,0
10,128,104,128,104,0
10,152,63,153,64,1
10,168,160,200,192,32
10,184,160,440,416,256
10,176,208,271,303,95
10,128,136,168,176,40
10,128,81,128,81,0
10,96,88,136,128,40
10,120,104,120,104,0
10,136,144,544,552,408
11,80,64,160,144,80
11,73,88,160,175,87
11,55,71,168,184,113
11,104,80,184,160,80
11,72,168,432,528,360
11,96,72,216,192,120
11,103,40,231,168,128
11,80,72,192,184,112
12,120,56,64,0,-56
12,96,64,120,88,24
12,104,72,104,72,0
12,136,76,136,76,0
12,112,72,136,96,24
12,104,64,88,48,-16
12,96,80,96,80,0
12,128,56,128,56,0
12,120,72,80,32,-40
12,88,72,56,40,-32
12,113,63,89,39,-24
12,88,80,56,48,-32
12,80,72,128,120,48
12,97,72,72,47,-25
12,112,80,112,80,0
12,96,64,96,64,0
12,88,71,88,71,0
12,112,79,113,80,1
12,104,64,104,64,0
12,88,56,88,56,0
13,128,96,160,128,32
13,80,96,80,96,0
13,80,104,56,80,-24
13,104,71,105,72,1
13,72,96,72,96,0
13,112,96,112,96,0
13,96,96,96,96,0
13,97,88,177,168,80
13,96,72,72,48,-24
13,80,80,80,80,0
13,104,96,104,96,0
13,80,96,80,96,0
13,72,63,89,80,17
13,104,80,504,480,400
13,72,72,72,72,0
14,88,56,72,40,-16
14,120,64,79,23,-41
14,97,71,97,71,0
14,89,63,89,63,0
14,89,71,73,55,-16
14,80,56,48,24,-32
14,112,87,113,88,1
14,104,88,80,64,-24
14,112,96,152,136,40
14,48,64,48,64,0
14,80,48,56,24,-24
14,104,57,136,89,32
14,88,71,89,72,1
14,88,104,48,64,-40
14,88,88,48,48,-40
14,88,64,88,64,0
14,96,64,64,32,-32
15,89,72,200,183,111
15,104,88,248,232,144
15,88,80,208,200,120
15,80,72,176,168,96
15,72,80,184,192,112
15,88,80,216,208,128
15,72,80,184,192,112
15,80,72,200,192,120
15,80,80,184,184,104
15,63,96,175,208,112
15,88,64,200,176,112
15,72,64,176,168,104
15,72,96,169,193,97
15,88,72,216,200,128
15,88,64,200,176,112
15,72,56,192,176,120
15,88,80,192,184,104
15,96,80,240,224,144
15,72,88,168,184,96
16,128,88,128,88,0
16,104,127,377,400,273
16,120,88,96,64,-24
16,129,103,129,103,0
16,24,96,72,144,48
16,128,88,128,88,0
16,64,96,127,159,63
16,103,103,88,88,-15
16,121,87,121,87,0
16,120,64,120,64,0
16,128,104,128,104,0
16,104,111,209,216,105
16,152,96,264,208,112
16,120,96,80,56,-40
16,120,40,104,24,-16
17,144,56,464,376,320
17,152,168,248,264,96
17,128,128,128,128,0
17,129,88,144,103,15
17,160,119,185,144,25
17,152,128,152,128,0
17,80,168,1584,1672,1504
17,112,127,96,111,-16
17,135,168,111,144,-24
17,136,128,152,144,16
17,136,112,136,112,0
18,72,72,224,224,152
18,80,96,194,210,114
18,91,96,215,220,124
18,64,80,168,184,104
18,72,80,192,200,120
18,72,96,208,232,136
18,64,80,168,184,104
18,96,88,200,192,104
18,72,80,176,184,104
18,64,80,176,192,112
18,80,88,192,200,112
18,80,112,200,232,120
18,104,112,232,240,128
18,64,104,192,232,128
18,64,96,192,224,128
19,88,96,32,40,-56
19,96,88,72,64,-24
19,104,72,104,72,0
19,88,72,88,72,0
19,112,88,80,56,-32
19,80,80,128,128,48
19,104,104,88,88,-16
19,128,88,128,88,0
19,88,96,88,96,0
19,72,16,104,48,32
19,112,72,72,32,-40
19,88,96,104,112,16
19,128,64,72,8,-56
19,128,88,96,56,-32
20,104,96,152,144,48
20,96,71,201,176,105
20,99,72,152,125,53
20,120,92,228,200,108
20,77,64,120,107,43
20,120,72,200,152,80
20,136,73,176,113,40
20,120,72,168,120,48
20,96,137,144,185,48
20,112,88,144,120,32
20,80,88,136,144,56
20,136,104,176,144,40
20,136,96,136,96,0
20,113,80,137,104,24
20,144,64,224,144,80
20,111,88,407,384,296
20,25,128,40,143,15
21,96,87,96,87,0
21,96,72,152,128,56
21,104,128,232,256,128
21,81,79,81,79,0
21,120,96,96,72,-24
21,79,72,119,112,40
21,88,72,88,72,0
21,88,96,192,200,104
21,80,80,80,80,0
21,80,96,80,96,0
21,104,80,120,96,16
22,96,72,96,72,0
22,80,80,64,64,-16
22,104,97,80,73,-24
22,104,88,80,64,-24
22,104,72,200,168,96
22,71,64,112,105,41
22,104,80,88,64,-16
22,120,71,121,72,1
22,96,79,97,80,1
22,95,87,48,40,-47
22,128,96,96,64,-32
22,104,80,104,80,0
22,104,79,73,48,-31
22,72,64,96,88,24
22,95,56,95,56,0
22,96,80,96,80,0
22,104,104,48,48,-56
22,144,72,72,0,-72
22,88,104,48,64,-40
22,129,96,56,23,-73
22,112,64,112,64,0
22,112,72,40,0,-72
23,120,32,160,72,40
23,152,96,136,80,-16
23,120,40,80,0,-40
23,152,96,264,208,112
23,160,71,129,40,-31
23,104,79,105,80,1
23,104,72,88,56,-16
23,104,88,160,144,56
23,96,40,96,40,0
23,136,104,112,80,-24
23,112,65,64,17,-48
24,72,128,136,192,64
24,64,143,377,456,313
24,97,128,184,215,87
24,56,104,120,168,64
24,64,72,168,176,104
24,113,104,336,327,223
24,79,104,111,136,32
24,88,136,136,184,48
24,94,104,134,144,40
24,72,105,136,169,64
24,72,88,128,144,56
24,56,144,264,352,208
25,96,87,80,71,-16
25,104,80,120,96,16
26,112,168,72,128,-40
26,88,96,72,80,-16
26,88,112,88,112,0
26,88,88,72,72,-16
26,79,121,119,161,40
26,112,128,72,88,-40
26,88,104,88,104,0
26,96,112,72,88,-24
26,128,111,128,111,0
26,128,112,104,88,-24
26,104,136,40,72,-64
26,96,152,56,112,-40
27,127,120,551,544,424
27,96,120,136,160,40
27,112,128,136,152,24
27,80,120,128,168,48
27,96,128,848,880,752
27,96,89,120,113,24
27,112,112,168,168,56
27,112,80,160,128,48
27,120,96,120,96,0
27,136,80,280,224,144
27,104,112,144,152,40
27,96,104,96,104,0
27,103,88,159,144,56
27,104,80,176,152,72
27,120,112,224,216,104
27,104,96,136,128,32
27,151,120,192,161,41
27,127,129,367,369,240
27,112,104,192,184,80
27,112,120,280,288,168
27,136,96,136,96,0
28,79,113,79,113,0
28,144,96,128,80,-16
28,139,101,139,101,0
28,130,112,153,135,23
28,96,104,96,104,0
28,48,120,128,200,80
28,112,152,48,88,-64
28,128,103,129,104,1
28,104,112,104,112,0
28,72,128,192,248,120
28,72,79,705,712,633
29,121,135,121,135,0
29,120,136,120,136,0
29,111,154,96,139,-15
29,129,127,129,127,0
29,100,152,68,120,-32
29,107,120,80,93,-27
29,128,128,208,208,80
29,144,192,144,192,0
29,129,127,129,127,0
29,128,184,192,248,64
29,96,112,96,112,0
30,81,56,224,199,143
30,80,56,208,184,128
30,80,55,225,200,145
30,80,64,208,192,128
30,64,48,224,208,160
30,95,72,223,200,128
30,64,64,184,184,120
30,88,56,200,168,112
30,79,56,224,201,145
30,87,56,223,192,136
30,88,39,217,168,129
30,80,48,224,192,144
30,81,48,233,200,152
