uid,key1_hold_dur,key2_hold_dur,DD_dur,UU_dur,UD_dur
1,67,120,128,181,61
1,104,135,193,224,89
1,96,32,128,64,32
1,88,104,88,104,0
1,96,128,136,168,40
1,96,72,128,104,32
1,88,120,120,152,32
1,72,96,144,168,72
1,72,120,160,208,88
1,96,96,96,96,0
1,97,120,127,150,30
1,128,120,128,120,0
1,144,136,104,96,-40
1,96,152,72,128,-24
1,103,190,1,88,-102
1,112,160,72,120,-40
1,113,154,224,265,111
1,111,112,79,80,-32
1,135,144,111,120,-24
1,80,136,128,184,48
1,96,120,96,120,0
1,128,136,112,120,-16
1,105,103,105,103,0
1,96,96,160,160,64
1,88,96,152,160,64
1,112,136,88,112,-24
1,88,145,56,113,-32
1,48,136,24,112,-24
1,88,72,168,152,80
1,120,144,88,112,-32
1,80,32,224,176,144
1,96,80,184,168,88
1,80,88,169,177,89
1,87,105,191,209,104
1,120,103,129,112,9
1,121,127,121,127,0
1,71,63,160,152,89
1,72,104,168,200,96
1,112,128,144,160,32
1,88,96,144,152,56
1,96,128,96,128,0
1,104,128,232,256,128
1,88,88,128,128,40
1,96,168,80,152,-16
2,48,72,136,160,88
2,56,56,176,176,120
2,40,72,144,176,104
2,48,64,144,160,96
2,60,66,142,148,82
2,48,80,128,160,80
2,40,62,130,152,90
2,39,72,127,160,88
2,56,72,160,176,104
2,48,63,160,175,112
2,40,56,144,160,104
2,47,64,159,176,112
2,48,72,144,168,96
2,48,96,120,168,72
2,56,64,160,168,104
2,48,72,144,168,96
2,56,72,192,208,136
2,48,64,144,160,96
2,56,71,153,168,97
2,37,80,117,160,80
2,56,80,136,160,80
2,48,55,137,144,89
2,48,80,120,152,72
2,49,88,152,191,103
2,56,80,152,176,96
2,56,64,152,160,96
2,48,64,136,152,88
3,168,152,72,56,-96
3,72,72,32,32,-40
3,72,40,56,24,-16
3,111,136,55,80,-56
3,64,87,424,447,360
3,104,160,48,104,-56
3,239,200,120,81,-119
3,168,112,112,56,-56
3,128,104,264,240,136
3,136,112,96,72,-40
3,120,104,96,80,-24
3,168,136,120,88,-48
3,136,112,96,72,-40
3,88,120,56,88,-32
3,176,152,112,88,-64
3,120,112,64,56,-56
3,128,168,96,136,-32
3,120,160,88,128,-32
3,184,176,56,48,-128
3,152,140,100,88,-52
3,95,184,39,128,-56
3,128,167,81,120,-47
3,176,192,80,96,-96
3,192,128,64,0,-128
3,144,112,72,40,-72
3,184,151,96,63,-88
3,120,128,64,72,-56
3,88,168,112,192,24
3,129,121,64,56,-65
4,56,80,208,232,152
4,63,64,223,224,160
4,64,64,224,224,160
4,72,64,216,208,144
4,56,72,192,208,136
4,72,72,216,216,144
4,64,65,216,217,152
4,72,72,216,216,144
4,63,64,199,200,136
4,71,72,215,216,144
4,64,71,241,248,177
4,64,64,216,216,152
4,64,64,232,232,168
4,80,64,208,192,128
4,72,72,232,232,160
4,72,64,384,376,312
4,71,113,455,497,384
5,152,80,152,80,0
5,168,144,144,120,-24
5,145,103,145,103,0
5,128,136,144,152,16
5,144,143,144,143,0
5,160,136,144,120,-16
5,136,87,136,87,0
5,121,129,121,129,0
5,104,120,88,104,-16
5,128,112,128,112,0
5,128,112,224,208,96
5,144,104,144,104,0
5,88,120,152,184,64
5,120,96,104,80,-16
5,96,120,120,144,24
5,136,88,112,64,-24
5,152,128,128,104,-24
5,136,112,136,112,0
5,144,119,145,120,1
6,73,80,176,183,103
6,56,72,168,184,112
6,64,64,192,192,128
6,72,64,448,440,376
6,72,64,184,176,112
6,39,80,159,200,120
6,72,48,176,152,104
6,80,80,184,184,104
7,48,88,152,192,104
7,76,64,168,156,92
7,88,96,488,496,400
7,104,64,320,280,216
7,64,88,136,160,72
7,72,80,176,184,104
7,56,103,145,192,89
7,112,96,192,176,80
7,57,80,168,191,111
7,56,152,136,232,80
7,80,112,184,216,104
7,112,96,303,287,191
7,65,88,144,167,79
7,64,88,160,184,96
7,65,72,168,175,103
8,87,88,63,64,-24
8,104,80,88,64,-16
8,128,120,88,80,-40
8,104,88,88,72,-16
7,73,96,152,175,79
7,64,120,136,192,72
8,104,96,72,64,-32
8,136,104,112,80,-24
8,103,96,119,112,16
8,112,104,80,72,-32
8,144,88,104,48,-40
8,144,88,104,48,-40
8,120,136,96,112,-24
8,104,88,280,264,176
8,136,80,104,48,-32
8,152,136,120,104,-32
8,128,112,80,64,-48
8,153,72,136,55,-17
8,120,88,88,56,-32
8,128,80,88,40,-40
8,136,48,136,48,0
8,152,144,104,96,-48
8,128,96,88,56,-40
8,144,88,120,64,-24
8,88,96,72,80,-16
8,128,97,96,65,-32
8,129,88,104,63,-25
8,88,80,72,64,-16
8,112,80,88,56,-24
9,48,71,185,208,137
9,64,88,160,184,96
9,56,64,152,160,96
9,64,80,104,120,40
9,57,64,208,215,151
9,56,88,151,183,95
9,64,80,112,128,48
9,56,80,104,128,48
9,56,72,144,160,88
9,64,88,104,128,40
9,48,88,112,152,64
9,48,80,112,144,64
9,64,80,120,136,56
9,104,88,104,88,0
10,120,112,80,72,-40
10,128,152,96,120,-32
10,112,112,96,96,-16
10,121,128,80,87,-41
10,111,152,55,96,-56
10,144,151,121,128,-23
10,176,177,72,73,-104
10,144,184,64,104,-80
10,191,176,160,145,-31
10,128,112,128,112,0
10,248,128,120,0,-128
10,120,120,40,40,-80
10,120,96,96,72,-24
10,144,160,40,56,-104
10,136,120,56,40,-80
10,144,176,104,136,-40
10,119,128,335,344,216
11,104,80,216,192,112
11,63,97,135,169,72
11,144,55,145,56,1
11,112,104,80,72,-32
11,112,104,168,160,56
11,88,104,112,128,24
11,39,72,143,176,104
11,128,96,112,80,-16
11,152,96,120,64,-32
11,136,136,96,96,-40
11,144,103,121,80,-23
11,128,113,104,89,-24
11,136,144,112,120,-24
11,63,160,111,208,48
11,64,80,160,176,96
12,64,88,64,88,0
12,112,120,80,88,-32
12,63,104,63,104,0
12,93,96,93,96,0
12,88,104,72,88,-16
12,102,136,62,96,-40
12,128,112,104,88,-24
12,71,64,103,96,32
12,96,104,80,88,-16
12,112,112,80,80,-32
12,71,96,55,80,-16
12,96,128,72,104,-24
12,96,120,64,88,-32
12,95,113,55,73,-40
12,96,88,72,64,-24
12,104,96,80,72,-24
12,112,120,72,80,-40
12,96,113,72,89,-24
12,104,96,104,96,0
12,120,88,120,88,0
12,72,88,72,88,0
12,72,80,72,80,0
12,80,88,64,72,-16
12,120,97,80,57,-40
12,103,112,71,80,-32
12,128,112,104,88,-24
12,112,96,80,64,-32
12,72,88,49,65,-23
12,112,112,64,64,-48
12,128,120,104,96,-24
12,88,104,56,72,-32
12,80,88,56,64,-24
12,88,88,56,56,-32
13,104,128,32,56,-72
13,128,112,72,56,-56
13,88,136,208,256,120
13,136,80,72,16,-64
13,104,80,56,32,-48
13,120,80,64,24,-56
13,96,88,64,56,-32
13,120,104,80,64,-40
13,48,160,184,296,136
13,128,72,88,32,-40
13,120,112,56,48,-64
13,88,96,32,40,-56
13,97,97,32,32,-65
13,80,96,48,64,-32
13,104,80,56,32,-48
13,128,80,80,32,-48
13,152,128,80,56,-72
13,168,112,88,32,-80
13,152,104,88,40,-64
13,126,112,38,24,-88
13,120,72,80,32,-40
13,128,112,80,64,-48
13,112,104,56,48,-56
13,72,72,144,144,72
14,64,64,64,64,0
14,112,56,96,40,-16
14,64,80,40,56,-24
14,128,88,88,48,-40
14,103,128,55,80,-48
14,96,104,136,144,40
14,24,118,2,96,-22
14,72,104,96,128,24
14,88,120,65,97,-23
14,103,112,71,80,-32
14,55,128,79,152,24
14,96,104,56,64,-40
14,88,120,112,144,24
14,112,97,79,64,-33
14,88,79,112,103,24
14,103,89,79,65,-24
14,72,104,72,104,0
14,120,104,96,80,-24
14,119,89,87,57,-32
14,128,112,80,64,-48
14,96,104,56,64,-40
14,104,112,72,80,-32
14,80,48,56,24,-24
14,88,104,64,80,-24
14,103,80,71,48,-32
14,105,104,72,71,-33
14,80,104,128,152,48
14,65,88,40,63,-25
14,88,88,56,56,-32
14,64,88,48,72,-16
14,96,80,56,40,-40
14,79,88,63,72,-16
14,96,96,72,72,-24
15,144,89,56,1,-88
15,160,104,72,16,-88
15,136,88,96,48,-40
15,112,80,80,48,-32
15,159,72,127,40,-32
15,128,88,88,48,-40
15,136,72,96,32,-40
15,128,80,88,40,-40
15,96,33,64,1,-32
15,96,80,56,40,-40
15,95,72,71,48,-24
15,113,63,89,39,-24
15,104,88,56,40,-48
15,96,72,72,48,-24
15,120,128,72,80,-48
15,111,72,71,32,-40
15,200,96,520,416,320
15,128,88,72,32,-56
15,128,88,64,24,-64
15,104,120,56,72,-48
15,80,72,48,40,-32
15,96,80,224,208,128
15,112,88,80,56,-32
15,96,96,48,48,-48
15,128,80,80,32,-48
15,119,95,80,56,-39
15,112,72,72,32,-40
16,160,128,120,88,-40
16,128,120,80,72,-48
16,136,120,80,64,-56
16,96,80,192,176,96
16,200,129,112,41,-88
16,192,24,192,24,0
16,192,128,96,32,-96
16,192,168,96,72,-96
16,96,64,193,161,97
16,104,72,168,136,64
16,176,103,89,16,-87
16,136,121,104,89,-32
16,167,120,111,64,-56
16,248,136,112,0,-136
16,177,112,88,23,-89
16,160,128,88,56,-72
16,128,152,112,136,-16
16,152,120,96,64,-56
16,168,120,80,32,-88
17,223,158,127,62,-96
17,200,144,144,88,-56
17,240,144,144,48,-96
17,192,160,128,96,-64
17,183,192,119,128,-64
17,200,176,136,112,-64
17,176,128,104,56,-72
17,167,129,143,105,-24
17,232,200,104,72,-128
17,240,224,216,200,-24
17,216,128,192,104,-24
17,224,152,184,112,-40
17,216,130,152,66,-64
17,168,112,120,64,-48
17,224,184,136,96,-88
17,184,112,120,48,-64
17,216,144,152,80,-64
17,192,135,129,72,-63
17,152,136,112,96,-40
17,184,136,120,72,-64
17,224,136,152,64,-72
18,65,80,233,248,168
18,97,80,48,31,-49
18,104,136,56,88,-48
18,96,88,160,152,64
18,104,91,57,44,-47
18,80,87,177,184,97
18,104,64,72,32,-32
18,88,72,40,24,-48
18,87,72,39,24,-48
18,96,144,73,121,-23
18,88,72,40,24,-48
18,96,80,64,48,-32
18,104,64,64,24,-40
18,104,96,48,40,-56
18,104,104,56,56,-48
18,80,72,40,32,-40
18,72,96,168,192,96
18,152,120,88,56,-64
18,80,64,48,32,-32
18,96,112,40,56,-56
18,88,80,48,40,-40
18,88,128,56,96,-32
18,104,80,56,32,-48
18,88,112,48,72,-40
18,120,112,192,184,72
18,80,104,32,56,-48
18,104,64,56,16,-48
18,160,120,119,79,-41
18,96,64,56,24,-40
18,152,160,104,112,-48
19,168,88,96,16,-72
19,144,96,72,24,-72
19,131,104,104,77,-27
19,72,88,48,64,-24
19,104,88,64,48,-40
19,104,112,72,80,-32
19,111,80,71,40,-40
19,96,88,48,40,-48
19,104,80,64,40,-40
19,160,104,72,16,-88
19,168,128,40,0,-128
19,112,96,72,56,-40
19,128,88,64,24,-64
19,104,80,72,48,-32
19,87,88,119,120,32
19,128,72,104,48,-24
19,112,112,88,88,-24
19,128,112,104,88,-24
19,64,96,48,80,-16
19,135,56,95,16,-40
19,96,71,81,56,-15
19,96,88,72,64,-24
19,104,128,64,88,-40
19,88,96,48,56,-40
19,88,120,48,80,-40
19,96,88,96,88,0
19,136,128,64,56,-72
20,96,104,208,216,112
20,88,96,192,200,104
20,128,99,88,59,-40
20,168,120,144,96,-24
20,136,77,168,109,32
20,136,120,72,56,-64
20,77,136,36,95,-41
20,128,120,64,56,-64
20,128,112,152,136,24
20,128,112,192,176,64
20,104,112,184,192,80
20,152,143,97,88,-55
20,136,136,80,80,-56
20,144,112,128,96,-16
20,104,136,160,192,56
20,159,113,119,73,-40
20,152,144,88,80,-64
20,104,111,760,767,656
20,120,25,208,113,88
21,163,135,139,111,-24
21,120,112,104,96,-16
21,178,121,136,79,-42
21,129,104,96,71,-33
21,183,96,88,1,-95
21,168,140,112,84,-56
21,112,144,184,216,72
21,112,96,192,176,80
21,137,142,98,103,-39
21,112,87,209,184,97
21,88,152,40,104,-48
21,104,81,72,49,-32
21,160,112,136,88,-24
21,143,120,79,56,-64
21,128,88,88,48,-40
21,121,135,89,103,-32
21,111,80,71,40,-40
21,169,160,80,71,-89
21,104,136,64,96,-40
21,120,120,80,80,-40
21,120,152,72,104,-48
21,112,96,80,64,-32
21,128,80,80,32,-48
21,168,144,112,88,-56
21,145,104,120,79,-25
21,120,152,56,88,-64
22,112,96,72,56,-40
22,97,80,97,80,0
22,112,56,112,56,0
22,112,104,56,48,-56
22,96,120,72,96,-24
22,64,104,40,80,-24
22,128,104,96,72,-32
22,104,71,57,24,-47
22,88,104,48,64,-40
22,88,120,24,56,-64
22,151,96,87,32,-64
22,136,95,88,47,-48
22,96,128,24,56,-72
22,104,88,64,48,-40
22,96,96,64,64,-32
22,104,96,80,72,-24
22,80,128,56,104,-24
22,120,104,56,40,-64
22,137,104,64,31,-73
22,112,56,112,56,0
22,112,72,72,32,-40
22,96,104,64,72,-32
22,80,95,33,48,-47
22,119,96,71,48,-48
22,88,88,48,48,-40
22,128,104,80,56,-48
22,104,144,64,104,-40
22,128,144,40,56,-88
22,121,129,88,96,-33
22,104,112,48,56,-56
22,128,112,88,72,-40
23,183,112,119,48,-64
23,192,120,104,32,-88
23,168,88,80,0,-88
23,152,152,120,120,-32
23,240,120,120,0,-120
23,216,152,120,56,-96
23,216,160,87,31,-129
23,136,104,56,24,-80
23,184,128,96,40,-88
23,128,128,841,841,713
23,104,104,64,64,-40
23,176,96,152,72,-24
23,168,96,120,48,-48
23,208,112,120,24,-88
23,184,136,80,32,-104
23,184,136,64,16,-120
23,111,120,135,144,24
23,152,112,104,64,-48
24,72,88,120,136,48
24,72,72,136,136,64
24,64,97,144,177,80
24,56,70,122,136,66
24,64,56,128,120,64
24,72,64,144,136,72
24,64,79,137,152,73
24,80,88,128,136,48
24,88,80,176,168,88
24,64,72,136,144,72
24,72,72,104,104,32
24,71,64,183,176,112
24,72,72,144,144,72
24,72,56,160,144,88
25,104,88,88,72,-16
25,111,96,80,65,-31
25,136,104,104,72,-32
25,104,144,88,128,-16
25,136,112,96,72,-40
26,119,88,143,112,24
26,80,96,144,160,64
26,72,80,72,80,0
26,104,96,80,72,-24
26,94,112,54,72,-40
26,72,64,648,640,576
26,112,88,88,64,-24
26,88,112,176,200,88
26,96,88,72,64,-24
26,80,96,80,96,0
26,120,88,96,64,-24
26,136,88,136,88,0
26,104,112,64,72,-40
26,111,63,112,64,1
26,112,112,112,112,0
26,112,88,80,56,-32
26,128,128,64,64,-64
26,136,96,120,80,-16
26,128,80,104,56,-24
26,47,80,143,176,96
26,128,112,80,64,-48
26,136,128,121,113,-15
26,120,136,96,112,-24
26,136,112,112,88,-24
26,144,128,120,104,-24
26,136,104,144,112,8
26,136,96,80,40,-56
27,120,104,264,248,144
27,160,127,208,175,48
27,88,112,160,184,72
27,128,96,128,96,0
27,161,112,145,96,-16
27,120,80,168,128,48
27,152,96,216,160,64
27,168,232,336,400,168
27,134,96,222,184,88
27,136,96,168,128,32
27,127,112,151,136,24
27,152,112,152,112,0
27,81,112,808,839,727
27,152,120,152,120,0
27,168,136,168,136,0
27,152,104,200,152,48
27,97,103,225,231,128
27,144,96,144,96,0
27,104,104,200,200,96
27,144,103,145,104,1
27,136,120,160,144,24
27,112,104,160,152,48
27,80,112,176,208,96
27,192,112,304,224,112
27,145,112,208,175,63
27,112,96,976,960,864
27,80,79,184,183,104
27,87,104,127,144,40
28,80,71,617,608,537
28,80,79,169,168,89
28,55,89,135,169,80
28,88,144,136,192,48
28,88,139,112,163,24
28,103,130,159,186,56
28,55,96,135,176,80
28,64,64,160,160,96
28,80,64,760,744,680
28,64,71,161,168,97
28,88,80,184,176,96
28,72,112,136,176,64
28,64,88,240,264,176
28,72,128,128,184,56
28,64,104,152,192,88
28,48,72,168,192,120
28,48,120,120,192,72
28,64,88,128,152,64
28,64,80,128,144,64
29,78,65,197,184,119
29,88,121,184,217,96
29,112,121,216,225,104
29,122,120,208,206,86
29,96,111,169,184,73
29,93,129,157,193,64
29,94,100,178,184,84
29,96,107,184,195,88
29,104,128,216,240,112
29,87,120,208,241,121
29,96,120,208,232,112
29,96,144,184,232,88
29,88,129,191,232,103
29,80,80,208,208,128
29,119,72,287,240,168
29,88,128,136,176,48
29,64,96,208,240,144
29,80,80,168,168,88
29,96,96,176,176,80
29,88,96,184,192,96
30,72,81,231,240,159
30,72,73,223,224,151
30,64,80,208,224,144
30,71,80,199,208,128
30,80,80,200,200,120
30,55,64,215,224,160
30,72,72,208,208,136
30,72,95,233,256,161
30,72,40,208,176,136
30,56,64,216,224,160
30,60,88,204,232,144
30,56,63,185,192,129
30,71,64,192,185,121
30,64,79,225,240,161
30,56,87,217,248,161
30,64,64,176,176,112
30,56,88,192,224,136
30,72,80,216,224,144
30,55,81,231,257,176
