uid,key1_hold_dur,key2_hold_dur,DD_dur,UU_dur,UD_dur
1,32,64,80,112,48
1,128,120,128,120,0
1,72,112,48,88,-24
1,120,88,120,88,0
1,88,137,48,97,-40
1,96,120,72,96,-24
1,120,104,120,104,0
1,120,120,120,120,0
1,136,72,96,32,-40
1,190,120,166,96,-24
1,160,136,136,112,-24
1,112,119,73,80,-39
1,136,72,120,56,-16
1,103,80,71,48,-32
1,96,112,136,152,40
1,145,96,80,31,-65
1,144,112,64,32,-80
1,103,128,71,96,-32
1,127,128,112,113,-15
1,128,120,88,80,-40
1,128,88,144,104,16
1,168,120,120,72,-48
2,56,64,152,160,96
2,64,72,120,128,56
2,66,64,130,128,64
2,80,80,144,144,64
2,62,64,134,136,72
2,72,80,120,128,48
2,64,64,160,160,96
2,64,88,176,200,112
2,56,88,200,232,144
2,72,72,104,104,32
2,96,88,96,88,0
2,64,72,352,360,288
2,72,104,216,248,144
2,64,64,136,136,72
2,80,72,104,96,24
2,80,72,136,128,56
2,55,72,487,504,432
2,80,80,176,176,96
2,56,72,144,160,88
2,64,56,176,168,112
2,64,56,224,216,160
3,152,88,112,48,-40
3,136,57,80,1,-56
3,160,64,120,24,-40
3,112,80,88,56,-24
3,112,72,80,40,-32
3,120,72,120,72,0
3,112,49,112,49,0
3,160,72,88,0,-72
3,140,48,124,32,-16
3,112,56,112,56,0
3,121,64,329,272,208
4,64,72,128,136,64
4,64,72,112,120,48
4,72,64,128,120,56
4,72,72,168,168,96
4,65,64,161,160,96
4,72,72,128,128,56
4,64,80,169,185,105
4,72,80,136,144,64
4,71,80,351,360,280
4,64,80,112,128,48
4,64,72,264,272,200
4,64,64,128,128,64
5,144,120,144,120,0
5,103,95,104,96,1
5,87,112,56,81,-31
5,120,80,88,48,-32
5,112,89,248,225,136
5,104,104,128,128,24
5,120,136,144,160,24
5,96,119,57,80,-39
5,120,151,121,152,1
5,88,104,184,200,96
5,112,136,72,96,-40
7,88,63,89,64,1
7,88,120,112,144,24
7,80,96,80,96,0
7,96,112,32,48,-64
7,152,136,112,96,-40
7,112,128,64,80,-48
7,88,96,72,80,-16
8,88,64,120,96,32
8,80,88,112,120,32
8,88,64,176,152,88
7,112,72,280,240,168
8,96,88,96,88,0
8,104,80,128,104,24
8,104,72,104,72,0
8,88,104,112,128,24
8,88,72,120,104,32
8,80,112,56,88,-24
8,112,72,144,104,32
8,72,80,56,64,-16
8,88,72,88,72,0
8,80,104,104,128,24
8,48,72,1568,1592,1520
8,96,88,96,88,0
8,97,64,121,88,24
8,88,80,64,56,-24
8,80,72,56,48,-24
8,80,72,128,120,48
9,88,72,136,120,48
9,80,89,104,113,24
9,88,64,152,128,64
9,80,80,96,96,16
9,80,56,104,80,24
9,72,72,120,120,48
9,88,71,89,72,1
9,88,64,88,64,0
9,80,104,184,208,104
9,88,72,192,176,104
10,112,80,112,80,0
10,128,104,128,104,0
10,152,63,153,64,1
10,168,160,200,192,32
10,184,160,440,416,256
10,176,208,271,303,95
10,128,136,168,176,40
10,128,81,128,81,0
10,96,88,136,128,40
10,120,104,120,104,0
10,136,144,544,552,408
11,80,64,160,144,80
11,73,88,160,175,87
11,55,71,168,184,113
11,104,80,184,160,80
11,72,168,432,528,360
11,96,72,216,192,120
11,103,40,231,168,128
11,80,72,192,184,112
12,120,56,64,0,-56
12,96,64,120,88,24
12,104,72,104,72,0
12,136,76,136,76,0
12,112,72,136,96,24
12,104,64,88,48,-16
12,96,80,96,80,0
12,128,56,128,56,0
12,120,72,80,32,-40
12,88,72,56,40,-32
12,113,63,89,39,-24
12,88,80,56,48,-32
12,80,72,128,120,48
12,97,72,72,47,-25
12,112,80,112,80,0
12,96,64,96,64,0
12,88,71,88,71,0
12,112,79,113,80,1
12,104,64,104,64,0
12,88,56,88,56,0
13,128,96,160,128,32
13,80,96,80,96,0
13,80,104,56,80,-24
13,104,71,105,72,1
13,72,96,72,96,0
13,112,96,112,96,0
13,96,96,96,96,0
13,97,88,177,168,80
13,96,72,72,48,-24
13,80,80,80,80,0
13,104,96,104,96,0
13,80,96,80,96,0
13,72,63,89,80,17
13,104,80,504,480,400
13,72,72,72,72,0
14,88,56,72,40,-16
14,120,64,79,23,-41
14,97,71,97,71,0
14,89,63,89,63,0
14,89,71,73,55,-16
14,80,56,48,24,-32
14,112,87,113,88,1
14,104,88,80,64,-24
14,112,96,152,136,40
14,48,64,48,64,0
14,80,48,56,24,-24
14,104,57,136,89,32
14,88,71,89,72,1
14,88,104,48,64,-40
14,88,88,48,48,-40
14,88,64,88,64,0
14,96,64,64,32,-32
15,89,72,200,183,111
15,104,88,248,232,144
15,88,80,208,200,120
15,80,72,176,168,96
15,72,80,184,192,112
15,88,80,216,208,128
15,72,80,184,192,112
15,80,72,200,192,120
15,80,80,184,184,104
15,63,96,175,208,112
15,88,64,200,176,112
15,72,64,176,168,104
15,72,96,169,193,97
15,88,72,216,200,128
15,88,64,200,176,112
15,72,56,192,176,120
15,88,80,192,184,104
15,96,80,240,224,144
15,72,88,168,184,96
16,128,88,128,88,0
16,104,127,377,400,273
16,120,88,96,64,-24
16,129,103,129,103,0
16,24,96,72,144,48
16,128,88,128,88,0
16,64,96,127,159,63
16,103,103,88,88,-15
16,121,87,121,87,0
16,120,64,120,64,0
16,128,104,128,104,0
16,104,111,209,216,105
16,152,96,264,208,112
16,120,96,80,56,-40
16,120,40,104,24,-16
17,144,56,464,376,320
17,152,168,248,264,96
17,128,128,128,128,0
17,129,88,144,103,15
17,160,119,185,144,25
17,152,128,152,128,0
17,80,168,1584,1672,1504
17,112,127,96,111,-16
17,135,168,111,144,-24
17,136,128,152,144,16
17,136,112,136,112,0
18,72,72,224,224,152
18,80,96,194,210,114
18,91,96,215,220,124
18,64,80,168,184,104
18,72,80,192,200,120
18,72,96,208,232,136
18,64,80,168,184,104
18,96,88,200,192,104
18,72,80,176,184,104
18,64,80,176,192,112
18,80,88,192,200,112
18,80,112,200,232,120
18,104,112,232,240,128
18,64,104,192,232,128
18,64,96,192,224,128
19,88,96,32,40,-56
19,96,88,72,64,-24
19,104,72,104,72,0
19,88,72,88,72,0
19,112,88,80,56,-32
19,80,80,128,128,48
19,104,104,88,88,-16
19,128,88,128,88,0
19,88,96,88,96,0
19,72,16,104,48,32
19,112,72,72,32,-40
19,88,96,104,112,16
19,128,64,72,8,-56
19,128,88,96,56,-32
20,104,96,152,144,48
20,96,71,201,176,105
20,99,72,152,125,53
20,120,92,228,200,108
20,77,64,120,107,43
20,120,72,200,152,80
20,136,73,176,113,40
20,120,72,168,120,48
20,96,137,144,185,48
20,112,88,144,120,32
20,80,88,136,144,56
20,136,104,176,144,40
20,136,96,136,96,0
20,113,80,137,104,24
20,144,64,224,144,80
20,111,88,407,384,296
20,25,128,40,143,15
21,96,87,96,87,0
21,96,72,152,128,56
21,104,128,232,256,128
21,81,79,81,79,0
21,120,96,96,72,-24
21,79,72,119,112,40
21,88,72,88,72,0
21,88,96,192,200,104
21,80,80,80,80,0
21,80,96,80,96,0
21,104,80,120,96,16
22,96,72,96,72,0
22,80,80,64,64,-16
22,104,97,80,73,-24
22,104,88,80,64,-24
22,104,72,200,168,96
22,71,64,112,105,41
22,104,80,88,64,-16
22,120,71,121,72,1
22,96,79,97,80,1
22,95,87,48,40,-47
22,128,96,96,64,-32
22,104,80,104,80,0
22,104,79,73,48,-31
22,72,64,96,88,24
22,95,56,95,56,0
22,96,80,96,80,0
22,104,104,48,48,-56
22,144,72,72,0,-72
22,88,104,48,64,-40
22,129,96,56,23,-73
22,112,64,112,64,0
22,112,72,40,0,-72
23,120,32,160,72,40
23,152,96,136,80,-16
23,120,40,80,0,-40
23,152,96,264,208,112
23,160,71,129,40,-31
23,104,79,105,80,1
23,104,72,88,56,-16
23,104,88,160,144,56
23,96,40,96,40,0
23,136,104,112,80,-24
23,112,65,64,17,-48
24,72,128,136,192,64
24,64,143,377,456,313
24,97,128,184,215,87
24,56,104,120,168,64
24,64,72,168,176,104
24,113,104,336,327,223
24,79,104,111,136,32
24,88,136,136,184,48
24,94,104,134,144,40
24,72,105,136,169,64
24,72,88,128,144,56
24,56,144,264,352,208
25,96,87,80,71,-16
25,104,80,120,96,16
26,112,168,72,128,-40
26,88,96,72,80,-16
26,88,112,88,112,0
26,88,88,72,72,-16
26,79,121,119,161,40
26,112,128,72,88,-40
26,88,104,88,104,0
26,96,112,72,88,-24
26,128,111,128,111,0
26,128,112,104,88,-24
26,104,136,40,72,-64
26,96,152,56,112,-40
27,127,120,551,544,424
27,96,120,136,160,40
27,112,128,136,152,24
27,80,120,128,168,48
27,96,128,848,880,752
27,96,89,120,113,24
27,112,112,168,168,56
27,112,80,160,128,48
27,120,96,120,96,0
27,136,80,280,224,144
27,104,112,144,152,40
27,96,104,96,104,0
27,103,88,159,144,56
27,104,80,176,152,72
27,120,112,224,216,104
27,104,96,136,128,32
27,151,120,192,161,41
27,127,129,367,369,240
27,112,104,192,184,80
27,112,120,280,288,168
27,136,96,136,96,0
28,79,113,79,113,0
28,144,96,128,80,-16
28,139,101,139,101,0
28,130,112,153,135,23
28,96,104,96,104,0
28,48,120,128,200,80
28,112,152,48,88,-64
28,128,103,129,104,1
28,104,112,104,112,0
28,72,128,192,248,120
28,72,79,705,712,633
29,121,135,121,135,0
29,120,136,120,136,0
29,111,154,96,139,-15
29,129,127,129,127,0
29,100,152,68,120,-32
29,107,120,80,93,-27
29,128,128,208,208,80
29,144,192,144,192,0
29,129,127,129,127,0
29,128,184,192,248,64
29,96,112,96,112,0
30,81,56,224,199,143
30,80,56,208,184,128
30,80,55,225,200,145
30,80,64,208,192,128
30,64,48,224,208,160
30,95,72,223,200,128
30,64,64,184,184,120
30,88,56,200,168,112
30,79,56,224,201,145
30,87,56,223,192,136
30,88,39,217,168,129
30,80,48,224,192,144
30,81,48,233,200,152
