uid,key1_hold_dur,key2_hold_dur,DD_dur,UU_dur,UD_dur
1,97,63,161,127,64
1,88,96,72,80,-16
1,80,105,80,105,0
1,80,64,968,952,888
1,80,80,96,96,16
1,80,88,40,48,-40
1,64,80,64,80,0
1,104,88,64,48,-40
1,80,80,120,120,40
1,80,88,128,136,48
1,96,96,49,49,-47
1,80,72,104,96,24
1,88,80,56,48,-32
1,88,80,88,80,0
1,96,88,80,72,-16
1,96,80,96,80,0
1,65,56,65,56,0
1,72,72,72,72,0
1,56,64,32,40,-24
1,88,56,88,56,0
1,112,104,112,104,0
1,88,72,72,56,-16
1,88,48,88,48,0
1,96,72,96,72,0
1,80,96,64,80,-16
1,96,64,112,80,16
1,104,64,104,64,0
1,96,80,64,48,-32
1,80,73,80,73,0
1,88,65,112,89,24
1,80,64,56,40,-24
0,97,63,161,127,64
0,88,96,72,80,-16
0,80,105,80,105,0
0,80,64,968,952,888
0,80,80,96,96,16
0,80,88,40,48,-40
0,64,80,64,80,0
0,104,88,64,48,-40
0,80,80,120,120,40
0,80,88,128,136,48
0,96,96,49,49,-47
0,80,72,104,96,24
0,88,80,56,48,-32
0,88,80,88,80,0
0,96,88,80,72,-16
0,96,80,96,80,0
0,65,56,65,56,0
0,72,72,72,72,0
0,56,64,32,40,-24
0,88,56,88,56,0
0,112,104,112,104,0
0,88,72,72,56,-16
0,88,48,88,48,0
0,96,72,96,72,0
0,80,96,64,80,-16
0,96,64,112,80,16
0,104,64,104,64,0
0,96,80,64,48,-32
0,80,73,80,73,0
0,88,65,112,89,24
0,80,64,56,40,-24
0,96,88,96,88,0
0,176,112,64,0,-112
0,136,104,32,0,-104
0,113,73,40,0,-73
0,96,88,96,88,0
0,152,119,65,32,-87
0,111,64,47,0,-64
0,104,104,56,56,-48
0,152,104,48,0,-104
0,168,112,72,16,-96
0,120,112,24,16,-96
0,144,112,120,88,-24
0,128,112,80,64,-48
0,160,96,64,0,-96
0,120,72,81,33,-39
0,136,112,56,32,-80
0,145,112,48,15,-97
0,104,144,48,88,-56
0,121,128,97,104,-24
0,104,88,80,64,-24
0,136,112,48,24,-88
0,144,112,49,17,-95
0,88,88,152,152,64
0,128,128,48,48,-80
0,168,128,40,0,-128
0,136,80,88,32,-48
0,152,104,64,16,-88
0,128,120,40,32,-88
0,167,73,95,1,-72
0,128,96,72,40,-56
0,128,128,80,80,-48
