uid,key1_hold_dur,key2_hold_dur,DD_dur,UU_dur,UD_dur
1,72,80,73,81,1
1,56,77,88,109,32
1,81,69,81,69,0
1,64,64,80,80,16
1,64,72,65,73,1
1,56,72,56,72,0
1,64,78,66,80,2
1,64,71,97,104,33
1,80,88,80,88,0
1,56,80,56,80,0
1,64,107,303,346,239
1,72,40,88,56,16
1,56,72,56,72,0
1,49,64,88,103,39
1,80,88,80,88,0
1,64,89,88,113,24
1,64,72,64,72,0
1,72,80,72,80,0
1,80,70,82,72,2
1,80,80,144,144,64
1,64,80,64,80,0
1,56,80,80,104,24
1,96,88,40,32,-56
1,88,88,176,176,88
1,64,47,65,48,1
1,56,56,128,128,72
1,72,56,72,56,0
1,80,48,80,48,0
1,80,72,32,24,-48
1,64,81,96,113,32
1,80,72,80,72,0
1,104,57,48,1,-56
0,120,96,72,48,-48
0,88,72,120,104,32
0,96,80,144,128,48
0,88,128,88,128,0
0,112,80,112,80,0
0,120,120,96,96,-24
0,96,72,96,72,0
0,80,80,80,80,0
0,127,64,143,80,16
0,104,64,104,64,0
0,104,104,104,104,0
0,96,96,96,96,0
0,88,72,88,72,0
0,112,80,96,64,-16
0,80,80,80,80,0
0,96,80,80,64,-16
0,89,80,57,48,-32
0,88,88,64,64,-24
0,112,96,56,40,-56
0,96,64,96,64,0
0,95,70,122,97,27
0,104,72,120,88,16
0,112,96,112,96,0
0,112,56,112,56,0
0,128,72,129,73,1
0,112,104,80,72,-32
0,96,104,80,88,-16
0,72,56,56,40,-16
0,128,104,104,80,-24
0,104,96,104,96,0
0,103,120,103,120,0
0,120,88,64,32,-56
0,104,112,104,112,0
0,96,88,56,48,-40
0,112,80,112,80,0
0,136,103,137,104,1
0,96,96,48,48,-48
0,104,104,96,96,-8
0,80,80,104,104,24
0,72,88,40,56,-32
0,92,100,92,100,0
0,104,90,104,90,0
0,104,104,56,56,-48
0,97,80,72,55,-25
0,72,87,73,88,1
0,88,104,64,80,-24
0,104,87,105,88,1
0,80,113,40,73,-40
0,80,80,80,80,0
0,96,88,56,48,-40
0,80,72,152,144,72
0,88,104,40,56,-48
0,104,112,104,112,0
0,88,64,88,64,0
0,80,80,104,104,24
0,88,88,64,64,-24
0,72,88,104,120,32
0,88,80,88,80,0
0,112,88,88,64,-24
0,72,88,72,88,0
0,104,72,104,72,0
0,88,88,176,176,88
0,88,88,88,88,0
0,87,96,71,80,-16
