uid,key1_hold_dur,key2_hold_dur,DD_dur,UU_dur,UD_dur
1,72,72,176,176,104
1,72,64,176,168,104
1,72,56,192,176,120
1,72,24,232,184,160
1,72,64,192,184,120
1,72,72,168,168,96
1,71,64,192,185,121
1,80,72,184,176,104
1,71,64,184,177,113
1,80,56,192,168,112
1,72,72,168,168,96
1,72,72,200,200,128
1,64,64,176,176,112
1,64,72,184,192,120
1,88,88,488,488,400
1,88,72,136,120,48
1,71,80,183,192,112
1,87,80,192,185,105
1,80,72,200,192,120
1,56,56,192,192,136
1,64,64,200,200,136
1,64,65,192,193,128
1,65,64,177,176,112
1,56,64,168,176,112
1,56,72,169,185,113
1,72,88,192,208,120
1,55,64,184,193,129
1,64,64,192,192,128
1,80,56,200,176,120
0,80,81,176,177,96
0,80,96,48,64,-32
0,81,80,32,31,-49
0,99,120,19,40,-80
0,112,128,56,72,-56
0,96,101,43,48,-53
0,128,112,48,32,-80
0,96,102,42,48,-54
0,88,80,40,32,-48
0,80,72,40,32,-40
0,96,80,48,32,-48
0,96,128,40,72,-56
0,88,128,32,72,-56
0,112,95,49,32,-63
0,112,104,56,48,-56
0,104,152,32,80,-72
0,105,113,56,64,-49
0,88,80,48,40,-40
0,80,88,32,40,-48
0,96,80,48,32,-48
0,112,72,144,104,32
0,72,72,48,48,-24
0,96,128,49,81,-47
0,120,128,40,48,-80
0,80,64,144,128,64
0,128,96,48,16,-80
0,160,112,232,184,72
0,88,128,40,80,-48
0,80,88,32,40,-48
0,152,88,216,152,64
0,78,65,78,65,0
0,98,66,98,66,0
0,72,93,88,109,16
0,80,104,80,104,0
0,72,88,96,112,24
0,71,80,96,105,25
0,88,64,88,64,0
0,96,128,120,152,24
0,87,105,167,185,80
0,95,79,96,80,1
0,120,88,80,48,-40
0,145,85,60,0,-85
0,96,87,73,64,-23
0,96,80,96,80,0
0,104,88,64,48,-40
0,137,72,96,31,-41
0,104,88,72,56,-32
0,79,80,80,81,1
0,88,88,104,104,16
0,64,72,144,152,80
0,112,63,112,63,0
0,72,88,104,120,32
0,104,72,104,72,0
0,72,87,73,88,1
0,144,120,56,32,-88
0,104,72,120,88,16
0,104,88,72,56,-32
0,72,80,144,152,72
