uid,key1_hold_dur,key2_hold_dur,DD_dur,UU_dur,UD_dur
1,104,80,104,80,0
1,88,64,64,40,-24
1,101,64,125,88,24
1,104,80,136,112,32
1,88,64,128,104,40
1,88,56,136,104,48
1,95,64,143,112,48
1,96,85,224,213,128
1,104,72,120,88,16
1,96,72,120,96,24
1,96,72,136,112,40
1,120,72,208,160,88
1,96,72,168,144,72
0,96,88,96,88,0
0,176,112,64,0,-112
0,136,104,32,0,-104
0,113,73,40,0,-73
0,96,88,96,88,0
0,152,119,65,32,-87
0,111,64,47,0,-64
0,104,104,56,56,-48
0,152,104,48,0,-104
0,168,112,72,16,-96
0,120,112,24,16,-96
0,144,112,120,88,-24
0,128,112,80,64,-48
0,56,104,40,88,-16
0,64,64,64,64,0
0,48,88,64,104,16
0,71,88,87,104,16
0,64,72,79,87,15
0,64,56,80,72,16
0,56,48,80,72,24
0,64,104,104,144,40
0,84,64,108,88,24
0,80,64,104,88,24
0,48,72,96,120,48
0,96,119,56,79,-40
0,80,128,80,128,0
