uid,key1_hold_dur,key2_hold_dur,DD_dur,UU_dur,UD_dur
1,104,112,104,112,0
1,96,88,56,48,-40
1,112,80,112,80,0
1,136,103,137,104,1
1,96,96,48,48,-48
1,104,104,96,96,-8
1,80,80,104,104,24
1,72,88,40,56,-32
1,92,100,92,100,0
1,104,90,104,90,0
1,104,104,56,56,-48
1,97,80,72,55,-25
1,72,87,73,88,1
1,88,104,64,80,-24
1,104,87,105,88,1
1,80,113,40,73,-40
1,80,80,80,80,0
1,96,88,56,48,-40
1,80,72,152,144,72
1,88,104,40,56,-48
1,104,112,104,112,0
1,88,64,88,64,0
1,80,80,104,104,24
1,88,88,64,64,-24
1,72,88,104,120,32
1,88,80,88,80,0
1,112,88,88,64,-24
1,72,88,72,88,0
1,104,72,104,72,0
0,56,104,40,88,-16
0,64,64,64,64,0
0,48,88,64,104,16
0,71,88,87,104,16
0,64,72,79,87,15
0,64,56,80,72,16
0,56,48,80,72,24
0,64,104,104,144,40
0,84,64,108,88,24
0,80,64,104,88,24
0,48,72,96,120,48
0,96,119,56,79,-40
0,80,128,80,128,0
0,64,120,40,96,-24
0,56,112,80,136,24
0,64,88,64,88,0
0,64,56,64,56,0
0,72,64,72,64,0
0,72,112,56,96,-16
0,80,96,80,96,0
0,56,96,72,112,16
0,56,96,56,96,0
0,72,64,72,64,0
0,80,111,81,112,1
0,64,128,64,128,0
0,48,72,48,72,0
0,80,88,80,88,0
0,72,96,88,112,16
0,70,128,70,128,0
0,72,72,176,176,104
0,72,64,176,168,104
0,72,56,192,176,120
0,72,24,232,184,160
0,72,64,192,184,120
0,72,72,168,168,96
0,71,64,192,185,121
0,80,72,184,176,104
0,71,64,184,177,113
0,80,56,192,168,112
0,72,72,168,168,96
0,72,72,200,200,128
0,64,64,176,176,112
0,64,72,184,192,120
0,88,88,488,488,400
0,88,72,136,120,48
0,71,80,183,192,112
0,87,80,192,185,105
0,80,72,200,192,120
0,56,56,192,192,136
0,64,64,200,200,136
0,64,65,192,193,128
0,65,64,177,176,112
0,56,64,168,176,112
0,56,72,169,185,113
0,72,88,192,208,120
0,55,64,184,193,129
0,64,64,192,192,128
0,80,56,200,176,120
