uid,key1_hold_dur,key2_hold_dur,DD_dur,UU_dur,UD_dur
1,96,56,96,56,0
1,127,96,103,72,-24
1,136,56,80,0,-56
1,160,80,80,0,-80
1,112,88,72,48,-40
1,96,95,97,96,1
1,144,125,112,93,-32
1,104,96,136,128,32
1,120,88,88,56,-32
1,136,96,160,120,24
1,134,104,112,82,-22
1,121,89,72,40,-49
1,119,119,120,120,1
1,112,80,64,32,-48
1,96,88,80,72,-16
1,136,96,80,40,-56
1,160,96,104,40,-56
1,104,72,104,72,0
1,80,112,48,80,-32
1,103,104,127,128,24
1,97,111,97,111,0
1,95,120,80,105,-15
1,112,104,136,128,24
1,136,88,80,32,-56
1,128,80,104,56,-24
1,120,96,88,64,-32
1,112,72,88,48,-24
1,144,72,72,0,-72
1,144,88,112,56,-32
1,120,112,72,64,-48
1,112,80,96,64,-16
0,112,128,128,144,16
0,120,112,120,112,0
0,56,88,96,128,40
0,112,112,144,144,32
0,136,120,192,176,56
0,121,128,160,167,39
0,104,112,136,144,32
0,120,128,120,128,0
0,89,104,112,127,23
0,128,128,184,184,56
0,120,96,168,144,48
0,96,88,96,88,0
0,104,88,104,88,0
0,129,96,160,127,31
0,128,96,128,96,0
0,88,96,160,168,72
0,120,136,168,184,48
0,128,120,152,144,24
0,96,119,121,144,25
0,96,120,160,184,64
0,120,168,304,352,184
0,159,120,192,153,33
0,160,128,296,264,136
0,128,119,129,120,1
0,112,139,152,179,40
0,104,120,152,168,48
0,88,112,256,280,168
0,80,112,80,112,0
0,96,72,120,96,24
0,72,136,656,720,584
0,104,96,104,96,0
0,97,63,161,127,64
0,88,96,72,80,-16
0,80,105,80,105,0
0,80,64,968,952,888
0,80,80,96,96,16
0,80,88,40,48,-40
0,64,80,64,80,0
0,104,88,64,48,-40
0,80,80,120,120,40
0,80,88,128,136,48
0,96,96,49,49,-47
0,80,72,104,96,24
0,88,80,56,48,-32
0,88,80,88,80,0
0,96,88,80,72,-16
0,96,80,96,80,0
0,65,56,65,56,0
0,72,72,72,72,0
0,56,64,32,40,-24
0,88,56,88,56,0
0,112,104,112,104,0
0,88,72,72,56,-16
0,88,48,88,48,0
0,96,72,96,72,0
0,80,96,64,80,-16
0,96,64,112,80,16
0,104,64,104,64,0
0,96,80,64,48,-32
0,80,73,80,73,0
0,88,65,112,89,24
0,80,64,56,40,-24
