uid,key1_hold_dur,key2_hold_dur,DD_dur,UU_dur,UD_dur
1,87,88,112,113,25
1,88,79,121,112,33
1,80,72,48,40,-32
1,96,80,136,120,40
1,136,80,136,80,0
1,80,104,80,104,0
1,88,64,112,88,24
1,80,72,144,136,64
1,88,48,408,368,320
1,128,80,160,112,32
1,95,72,135,112,40
1,88,112,128,152,40
1,88,72,144,128,56
1,96,88,136,128,40
1,80,96,80,96,0
0,152,88,216,152,64
0,78,65,78,65,0
0,98,66,98,66,0
0,72,93,88,109,16
0,80,104,80,104,0
0,72,88,96,112,24
0,71,80,96,105,25
0,88,64,88,64,0
0,96,128,120,152,24
0,87,105,167,185,80
0,95,79,96,80,1
0,120,88,80,48,-40
0,145,85,60,0,-85
0,96,87,73,64,-23
0,96,80,96,80,0
0,80,81,176,177,96
0,80,96,48,64,-32
0,81,80,32,31,-49
0,99,120,19,40,-80
0,112,128,56,72,-56
0,96,101,43,48,-53
0,128,112,48,32,-80
0,96,102,42,48,-54
0,88,80,40,32,-48
0,80,72,40,32,-40
0,96,80,48,32,-48
0,96,128,40,72,-56
0,88,128,32,72,-56
0,112,95,49,32,-63
0,112,104,56,48,-56
