uid,key1_hold_dur,key2_hold_dur,DD_dur,UU_dur,UD_dur
1,96,80,40,24,-56
1,112,72,112,72,0
1,112,73,207,168,95
1,89,80,153,144,64
1,104,104,104,104,0
1,128,96,96,64,-32
1,120,80,160,120,40
1,120,96,96,72,-24
1,112,72,112,72,0
1,152,72,176,96,24
1,120,56,120,56,0
1,137,93,234,190,97
1,104,72,463,431,359
1,120,48,120,48,0
1,128,71,129,72,1
1,128,104,200,176,72
1,136,88,200,152,64
1,127,89,95,57,-32
1,120,80,96,56,-24
1,128,72,96,40,-32
1,129,103,185,159,56
1,120,24,120,24,0
0,152,112,112,72,-40
0,152,112,121,81,-31
0,141,112,101,72,-40
0,144,112,112,80,-32
0,138,115,96,73,-42
0,128,112,104,88,-24
0,146,120,104,78,-42
0,159,112,112,65,-47
0,152,110,112,70,-40
0,160,120,128,88,-32
0,136,96,136,96,0
0,144,104,96,56,-48
0,158,104,128,74,-30
0,160,112,744,696,584
0,136,104,240,208,104
0,145,64,96,15,-49
0,152,96,104,48,-48
0,152,104,104,56,-48
0,160,96,144,80,-16
0,167,87,104,24,-63
0,136,82,72,18,-64
0,176,136,128,88,-48
0,152,88,216,152,64
0,78,65,78,65,0
0,98,66,98,66,0
0,72,93,88,109,16
0,80,104,80,104,0
0,72,88,96,112,24
0,71,80,96,105,25
0,88,64,88,64,0
0,96,128,120,152,24
0,87,105,167,185,80
0,95,79,96,80,1
0,120,88,80,48,-40
0,145,85,60,0,-85
0,96,87,73,64,-23
0,96,80,96,80,0
0,104,88,64,48,-40
0,137,72,96,31,-41
0,104,88,72,56,-32
0,79,80,80,81,1
0,88,88,104,104,16
0,64,72,144,152,80
0,112,63,112,63,0
