uid,key1_hold_dur,key2_hold_dur,DD_dur,UU_dur,UD_dur
1,64,96,152,184,88
1,81,119,201,239,120
1,72,80,176,184,104
1,96,80,240,224,144
1,56,88,161,193,105
1,72,88,160,176,88
1,64,120,176,232,112
1,64,88,160,184,96
0,64,80,168,184,104
0,80,64,200,184,120
0,69,96,152,179,83
0,64,72,176,184,112
0,64,72,176,184,112
0,56,64,176,184,120
0,72,88,176,192,104
0,63,89,159,185,96
0,56,104,40,88,-16
0,64,64,64,64,0
0,48,88,64,104,16
0,71,88,87,104,16
0,64,72,79,87,15
0,64,56,80,72,16
0,56,48,80,72,24
0,64,104,104,144,40
