uid,key1_hold_dur,key2_hold_dur,DD_dur,UU_dur,UD_dur
1,88,88,88,88,0
1,95,64,72,41,-23
1,87,56,87,56,0
1,87,88,111,112,24
1,72,80,48,56,-24
1,80,72,80,72,0
1,80,80,80,80,0
1,96,112,96,112,0
1,88,96,88,96,0
1,80,72,64,56,-16
1,80,64,96,80,16
1,96,72,96,72,0
1,96,64,96,64,0
1,112,112,112,112,0
1,96,96,72,72,-24
1,128,96,128,96,0
1,87,64,88,65,1
1,112,128,72,88,-40
1,88,104,88,104,0
1,96,95,97,96,1
1,80,24,112,56,32
1,63,71,31,39,-32
1,65,64,87,86,22
1,56,72,56,72,0
1,87,120,63,96,-24
1,88,88,88,88,0
1,80,120,48,88,-32
1,88,80,88,80,0
1,87,96,47,56,-40
1,72,80,104,112,32
1,80,80,48,48,-32
1,72,80,72,80,0
0,104,112,104,112,0
0,96,88,56,48,-40
0,112,80,112,80,0
0,136,103,137,104,1
0,96,96,48,48,-48
0,104,104,96,96,-8
0,80,80,104,104,24
0,72,88,40,56,-32
0,92,100,92,100,0
0,104,90,104,90,0
0,104,104,56,56,-48
0,97,80,72,55,-25
0,72,87,73,88,1
0,88,104,64,80,-24
0,104,87,105,88,1
0,80,113,40,73,-40
0,80,80,80,80,0
0,96,88,56,48,-40
0,80,72,152,144,72
0,88,104,40,56,-48
0,104,112,104,112,0
0,88,64,88,64,0
0,80,80,104,104,24
0,88,88,64,64,-24
0,72,88,104,120,32
0,88,80,88,80,0
0,112,88,88,64,-24
0,72,88,72,88,0
0,104,72,104,72,0
0,88,88,176,176,88
0,88,88,88,88,0
0,87,96,71,80,-16
0,120,96,72,48,-48
0,88,72,120,104,32
0,96,80,144,128,48
0,88,128,88,128,0
0,112,80,112,80,0
0,120,120,96,96,-24
0,96,72,96,72,0
0,80,80,80,80,0
0,127,64,143,80,16
0,104,64,104,64,0
0,104,104,104,104,0
0,96,96,96,96,0
0,88,72,88,72,0
0,112,80,96,64,-16
0,80,80,80,80,0
0,96,80,80,64,-16
0,89,80,57,48,-32
0,88,88,64,64,-24
0,112,96,56,40,-56
0,96,64,96,64,0
0,95,70,122,97,27
0,104,72,120,88,16
0,112,96,112,96,0
0,112,56,112,56,0
0,128,72,129,73,1
0,112,104,80,72,-32
0,96,104,80,88,-16
0,72,56,56,40,-16
0,128,104,104,80,-24
0,104,96,104,96,0
0,103,120,103,120,0
0,120,88,64,32,-56
