uid,key1_hold_dur,key2_hold_dur,DD_dur,UU_dur,UD_dur
1,135,103,112,80,-23
1,128,96,104,72,-24
1,168,56,112,0,-56
1,128,32,128,32,0
1,144,80,128,64,-16
1,128,96,128,96,0
1,168,152,168,152,0
1,120,72,120,72,0
1,127,143,96,112,-31
1,120,105,96,81,-24
1,147,168,115,136,-32
1,119,120,103,104,-16
1,136,88,96,48,-40
1,128,144,88,104,-40
1,104,112,72,80,-32
1,152,88,120,56,-32
1,114,72,114,72,0
1,168,104,144,80,-24
1,152,96,152,96,0
1,152,80,128,56,-24
1,120,96,104,80,-16
1,128,88,96,56,-32
1,136,144,88,96,-48
1,142,128,94,80,-48
1,127,87,128,88,1
1,125,112,93,80,-32
1,119,88,87,56,-32
1,104,80,104,80,0
1,112,88,88,64,-24
0,80,88,128,136,48
0,79,87,104,112,25
0,112,64,192,144,80
0,112,80,176,144,64
0,103,80,199,176,96
0,63,112,215,264,152
0,88,104,152,168,64
0,80,89,160,169,80
0,64,96,104,136,40
0,64,96,120,152,56
0,63,136,119,192,56
0,72,72,128,128,56
0,64,87,136,159,72
0,88,144,135,191,47
0,88,96,104,112,16
0,56,88,56,88,0
0,88,112,112,136,24
0,80,88,112,120,32
0,64,80,112,128,48
0,96,80,96,80,0
0,88,128,88,128,0
0,80,88,112,120,32
0,96,72,96,72,0
0,96,88,88,80,-8
0,72,144,40,112,-32
0,64,80,112,128,48
0,64,112,128,176,64
0,48,56,120,128,72
0,55,88,135,168,80
0,97,63,161,127,64
0,88,96,72,80,-16
0,80,105,80,105,0
0,80,64,968,952,888
0,80,80,96,96,16
0,80,88,40,48,-40
0,64,80,64,80,0
0,104,88,64,48,-40
0,80,80,120,120,40
0,80,88,128,136,48
0,96,96,49,49,-47
0,80,72,104,96,24
0,88,80,56,48,-32
0,88,80,88,80,0
0,96,88,80,72,-16
0,96,80,96,80,0
0,65,56,65,56,0
0,72,72,72,72,0
0,56,64,32,40,-24
0,88,56,88,56,0
0,112,104,112,104,0
0,88,72,72,56,-16
0,88,48,88,48,0
0,96,72,96,72,0
0,80,96,64,80,-16
0,96,64,112,80,16
0,104,64,104,64,0
0,96,80,64,48,-32
0,80,73,80,73,0
