uid,key1_hold_dur,key2_hold_dur,DD_dur,UU_dur,UD_dur
1,176,112,96,32,-80
1,104,80,56,32,-48
1,128,88,80,40,-48
1,152,128,88,64,-64
1,104,96,104,96,0
1,176,128,80,32,-96
1,200,144,72,16,-128
1,152,136,40,24,-112
1,160,136,64,40,-96
1,184,128,80,24,-104
1,72,128,72,128,0
1,184,128,88,32,-96
1,152,136,56,40,-96
0,104,80,104,80,0
0,88,64,64,40,-24
0,101,64,125,88,24
0,104,80,136,112,32
0,88,64,128,104,40
0,88,56,136,104,48
0,95,64,143,112,48
0,96,85,224,213,128
0,104,72,120,88,16
0,96,72,120,96,24
0,96,72,136,112,40
0,120,72,208,160,88
0,96,72,168,144,72
0,97,63,161,127,64
0,88,96,72,80,-16
0,80,105,80,105,0
0,80,64,968,952,888
0,80,80,96,96,16
0,80,88,40,48,-40
0,64,80,64,80,0
0,104,88,64,48,-40
0,80,80,120,120,40
0,80,88,128,136,48
0,96,96,49,49,-47
0,80,72,104,96,24
0,88,80,56,48,-32
